"{""bId"":""100bbd0ec44e"",""collectTime"":1557747906851,""pId"":""dde5925b03f22124"",""partRunControlData"":""[00,80,00,00,00,00,00,00,00,00,00,00,00,00,00,00,00,00,00,00,00,00,00,00,00,00,00,00,00,00,00,00,00,00,00,00,00,00,19,05,13,20,07,40,00,00,00,00,00,00,00,00,00,00]"",""port"":6,""type"":4}",1557747906807
"{""bId"":""100bbce432af"",""collectTime"":1557747917018,""pId"":""dde5925b03f22124"",""partRunControlData"":""[00,80,00,00,00,00,00,00,00,00,00,00,00,00,00,00,00,00,00,00,00,00,00,00,00,00,00,00,00,00,00,00,00,00,00,00,00,00,19,05,13,19,50,08,00,00,00,00,00,00,00,00,00,00]"",""port"":7,""type"":4}",1557747916988
"{""bId"":""100bbce95651"",""collectTime"":1557747927013,""pId"":""dde5925b03f22124"",""partRunControlData"":""[00,80,00,00,00,00,00,00,00,00,00,00,00,00,00,00,00,00,00,00,00,00,00,00,00,00,00,00,00,00,00,00,00,00,00,00,00,00,19,05,13,18,59,39,00,00,00,00,00,00,00,00,00,00]"",""port"":12,""type"":4}",1557747926971
"{""bId"":""100bbd0ec44e"",""collectTime"":1557747937190,""logIndex"":1009,""pId"":""dde5925b03f22124"",""partLog"":""[F1,03,00,00,19,05,05,10,47,36,80,00,00,03,AF,FF,FF,FF,02,40,0F,03,DE,19,8E,75,09,02,8D,00,02,02,8A,00,01,0F,FD,00,0D,0F,F4,00,01,0B,B8,01,F4,03,D4,00,09,24,D1,25,70,00,00,15,80,00,00,00,00,00,00,00,00,00,00,00,00,02,8B,02,8B,02,8B,02,62,02,8A,02,8D,0F,F4,0F,F6,0F,FA,0F,FA,0F,FA,0F,F7,0F,FB,0F,F8,0F,F8,0F,F9,0F,F8,0F,FB,0F,FD,0F,FA,0F,FA,0F,FA,00,00,00,86,00,4C,03,84,00,83,00,5F,85]"",""port"":6,""type"":5}",1557747937159
"{""bId"":""1009139a2936"",""collectTime"":1557686830255,""pId"":""af61f35a05f22124"",""partRunControlData"":""[00,00,00,00,00,00,00,00,00,00,00,00,00,00,00,00,00,00,00,00,00,00,00,00,00,00,00,00,00,00,00,00,00,00,00,00,00,00,19,05,13,19,58,47,00,00,00,00,00,00,00,00,00,00]"",""port"":5,""type"":4}",1557748057839
"{""bId"":""167000006001"",""collectTime"":1557686789803,""pId"":""f533935b08f8c924"",""partRunControlData"":""[00,83,00,00,00,00,00,00,00,00,00,00,00,00,00,00,00,00,00,00,00,00,00,00,00,00,00,00,00,00,00,00,00,00,00,00,00,00,19,05,13,19,48,02,00,00,00,00,00,00,00,00,00,00]"",""port"":1,""type"":4}",1557748079839
"{""bId"":""100bbce432af"",""collectTime"":1557748277190,""pId"":""dde5925b03f22124"",""partRunControlData"":""[00,80,00,00,00,00,00,00,00,00,00,00,00,00,00,00,00,00,00,00,00,00,00,00,00,00,00,00,00,00,00,00,00,00,00,00,00,00,19,05,13,19,56,09,00,00,00,00,00,00,00,00,00,00]"",""port"":7,""type"":4}",1557748277156
"{""bId"":""100bbce95651"",""collectTime"":1557748286987,""pId"":""dde5925b03f22124"",""partRunControlData"":""[00,80,00,00,00,00,00,00,00,00,00,00,00,00,00,00,00,00,00,00,00,00,00,00,00,00,00,00,00,00,00,00,00,00,00,00,00,00,19,05,13,19,05,40,00,00,00,00,00,00,00,00,00,00]"",""port"":12,""type"":4}",1557748286954
"{""list"":[{""content"":""[6C,07,8B,07,00,00,00,00,00,00,00,00,00,00,00,00,00,00,00,00,00,00,00,00,00,00,00,00,00,00,00,00,00,00,00,00,00,00,00,00,00,00,00,00,00,00,00,00,00,00,00,00,00,00,00,00,00,00,00,00,00,00,00,00,00,00,00,00,00,00,00,00,00,00,00,00,00,00,00,00,00,00,00,00,00,00,00,00,00,00,00,02,AC,02,AC,02,A6,02,A1,00,00,00,00,00,00,00,00,00,00,00,00,00,00,00,00,00,00,00,00,00,00,00,00,00,00,00,00,00,00,00,00,00,00,00,00,00,00,00,00]"",""time"":1557748364421}],""pId"":""6733935b06623c24"",""type"":6}",1557748364404
"{""list"":[{""content"":""[9F,07,74,07,00,00,00,00,00,00,00,00,00,00,00,00,00,00,00,00,00,00,00,00,00,00,00,00,00,00,00,00,00,00,00,00,00,00,00,88,07,00,00,00,00,00,00,00,00,85,07,00,00,00,00,00,00,00,00,98,07,00,00,00,00,00,00,00,00,00,00,00,00,00,00,00,00,00,00,00,00,00,00,00,00,00,00,00,00,00,00,00,00,00,00,00,00,00,00,00,00,00,00,00,00,00,00,00,00,00,00,00,00,00,00,00,00,00,00,00,00,00,00,00,00,00,00,00,00,00,00,00,00,00,00,00,00,00,00]"",""time"":1557687163366}],""pId"":""af61f35a05f22124"",""type"":6}",1557748390989
"{""bId"":""1009139a2936"",""collectTime"":1557687202541,""pId"":""af61f35a05f22124"",""partRunControlData"":""[00,00,00,00,00,00,00,00,00,00,00,00,00,00,00,00,00,00,00,00,00,00,00,00,00,00,00,00,00,00,00,00,00,00,00,00,00,00,19,05,13,20,04,59,00,00,00,00,00,00,00,00,00,00]"",""port"":5,""type"":4}",1557748430078
"{""bId"":""167000006001"",""collectTime"":1557687144939,""pId"":""f533935b08f8c924"",""partReadOnlyData"":""[00,00,00,2E,FF,FF,FF,FF,00,0B,02,EE,18,AC,77,F0,02,8C,00,03,02,6C,00,02,0F,6E,00,03,0F,68,00,10,0B,B8,03,48,03,E8,00,03,26,2B,33,0D,00,1C,16,4A,00,00,00,00,00,00,00,00,00,00,00,00,02,C7,02,C7,02,8C,02,B0,02,79,02,6C,0F,6A,0F,6C,0F,6E,0F,6D,0F,6C,0F,6B,0F,6D,0F,6A,0F,6E,0F,6D,0F,6A,0F,6D,0F,6E,0F,6E,0F,6C,0F,68,00,00,00,00,00,00,00,00,0C,D8,00,01,1C,02,19,A0,0F,71]"",""port"":1,""type"":3}",1557748434983
"{""bId"":""167000006001"",""collectTime"":1557687149988,""pId"":""f533935b08f8c924"",""partRunControlData"":""[00,83,00,00,00,00,00,00,00,00,00,00,00,00,00,00,00,00,00,00,00,00,00,00,00,00,00,00,00,00,00,00,00,00,00,00,00,00,19,05,13,19,54,02,00,00,00,00,00,00,00,00,00,00]"",""port"":1,""type"":4}",1557748440024
"{""bId"":""167000006001"",""collectTime"":1557687155060,""logIndex"":47,""pId"":""f533935b08f8c924"",""partLog"":""[2F,00,00,00,00,00,0D,23,28,36,80,00,00,05,D9,FF,FF,FF,02,00,00,00,32,15,BC,75,30,02,8C,00,03,02,65,00,02,0D,98,00,02,0D,93,00,06,04,23,02,58,03,E8,00,02,02,2D,31,9A,FF,FF,01,45,00,00,00,00,00,00,00,00,00,00,00,00,02,BE,02,BE,02,8C,02,B6,02,74,02,65,0D,96,0D,98,0D,98,0D,98,0D,96,0D,93,0D,97,0D,98,0D,95,0D,94,0D,93,0D,93,0D,95,0D,97,0D,94,0D,95,00,00,00,00,00,00,00,00,00,00,00,68,EE]"",""port"":1,""type"":5}",1557748445094
"{""list"":[{""content"":""[4F,07,45,07,00,00,00,00,00,00,00,00,00,00,00,00,00,00,00,00,00,00,00,00,00,00,00,00,00,00,00,00,00,00,00,00,00,00,00,00,00,00,00,00,00,00,00,00,00,93,07,00,00,00,00,00,00,00,00,00,00,00,00,00,00,00,00,00,00,88,07,00,00,00,00,00,00,00,00,8E,07,00,00,00,00,00,00,00,00,00,00,00,00,00,00,00,00,00,00,00,00,00,00,00,00,00,00,00,00,00,00,00,00,00,00,00,00,00,00,00,00,00,00,00,00,00,00,00,00,6A,07,00,00,00,00,00,00,00,00]"",""time"":1557748599607}],""pId"":""dde5925b03f22124"",""type"":6}",1557748599573
"{""bId"":""100bbd075cab"",""collectTime"":1557748617350,""pId"":""dde5925b03f22124"",""partRunControlData"":""[00,00,00,00,00,00,00,00,00,00,00,00,00,00,00,00,00,00,00,00,00,00,00,00,00,00,00,00,00,00,00,00,00,00,00,00,00,00,19,05,13,20,01,55,00,00,00,00,00,00,00,00,00,00]"",""port"":4,""type"":4}",1557748617305
"{""bId"":""100bbd0ec44e"",""collectTime"":1557748622214,""pId"":""dde5925b03f22124"",""partReadOnlyData"":""[00,00,03,ED,FF,FF,FF,FF,40,08,03,E8,19,CE,75,30,02,BF,00,02,02,B9,00,01,10,25,00,0D,10,1B,00,01,0B,B8,00,00,03,C0,00,0A,24,84,24,9D,00,00,15,53,00,00,00,00,00,00,00,00,00,00,00,00,02,B9,02,B9,02,BC,02,88,02,B9,02,BF,10,1B,10,1C,10,21,10,22,10,22,10,1F,10,21,10,1F,10,22,10,21,10,20,10,23,10,25,10,25,10,23,10,1F,00,00,00,8E,00,4E,03,86,0C,D2,00,01,00,00,19,F0,10,23]"",""port"":6,""type"":3}",1557748622186
"{""bId"":""100bbd0ec44e"",""collectTime"":1557748627091,""pId"":""dde5925b03f22124"",""partRunControlData"":""[00,80,00,00,00,00,00,00,00,00,00,00,00,00,00,00,00,00,00,00,00,00,00,00,00,00,00,00,00,00,00,00,00,00,00,00,00,00,19,05,13,20,19,40,00,00,00,00,00,00,00,00,00,00]"",""port"":6,""type"":4}",1557748627067
"{""bId"":""100bbce432af"",""collectTime"":1557748632360,""pId"":""dde5925b03f22124"",""partReadOnlyData"":""[00,00,03,33,FF,FF,FF,FF,40,08,03,DE,19,CA,75,30,02,B1,00,02,02,AF,00,01,10,22,00,0C,10,1B,00,01,0B,B8,00,00,03,AC,00,0A,24,05,24,63,00,00,15,09,00,00,00,00,00,00,00,00,00,00,00,00,02,B5,02,B5,02,AF,02,A8,02,AF,02,B1,10,1B,10,1C,10,1F,10,1D,10,1C,10,1D,10,1D,10,1F,10,1D,10,1F,10,1E,10,22,10,22,10,22,10,22,10,1C,00,00,01,DC,FF,F1,FB,FF,0C,DA,00,01,00,00,19,F0,10,1B]"",""port"":7,""type"":3}",1557748632316
"{""bId"":""100000004003"",""collectTime"":1557687549267,""pId"":""af61f35a05f22124"",""partReadOnlyData"":""[00,00,00,1A,FF,FF,FF,FF,40,08,03,DE,14,DC,75,30,02,AB,00,01,02,A9,00,02,10,12,00,02,10,04,00,0F,0B,B8,00,00,03,E8,00,0A,38,43,39,34,FF,FF,20,DB,00,00,00,00,00,00,00,00,00,00,00,00,02,A8,02,A8,02,AE,02,A6,02,AB,02,A9,10,0D,10,12,10,10,10,11,10,0E,10,07,10,0D,10,0B,FF,FF,10,07,10,0B,10,0D,10,0B,FF,FF,10,04,FF,FF,00,00,00,00,00,00,00,00,0C,DA,00,02,00,00,15,13,10,0C]"",""port"":3,""type"":3}",1557748776889
"{""bId"":""100bbd5d2242"",""collectTime"":1557748782128,""pId"":""6733935b06623c24"",""partRunControlData"":""[00,00,00,00,00,00,00,00,00,00,00,00,00,00,00,00,00,00,00,00,00,00,00,00,00,00,00,00,00,00,00,00,00,00,00,00,00,00,19,05,13,20,15,00,00,00,00,00,00,00,00,00,00,00]"",""port"":2,""type"":4}",1557748782091
"{""bId"":""100b88e15c7d"",""collectTime"":1557687559563,""pId"":""af61f35a05f22124"",""partReadOnlyData"":""[00,00,01,6F,FF,FF,FF,FF,40,08,03,E8,19,D6,75,30,02,C5,00,02,02,BF,00,03,10,2A,00,0C,10,22,00,01,0B,B8,00,00,03,D4,00,0C,25,F4,25,FE,FF,FF,16,2A,00,00,00,00,00,00,00,00,00,00,00,00,02,C1,02,C1,02,BF,02,B3,02,C1,02,C5,10,22,10,25,10,25,10,27,10,26,10,22,10,26,10,26,10,26,10,28,10,23,10,2A,10,2A,10,29,10,28,10,23,00,00,01,CA,00,15,FB,C1,0C,D0,00,01,00,00,19,F0,10,28]"",""port"":4,""type"":3}",1557748787100
"{""bId"":""167000006001"",""collectTime"":1557687509994,""pId"":""f533935b08f8c924"",""partRunControlData"":""[00,83,00,00,00,00,00,00,00,00,00,00,00,00,00,00,00,00,00,00,00,00,00,00,00,00,00,00,00,00,00,00,00,00,00,00,00,00,19,05,13,20,00,02,00,00,00,00,00,00,00,00,00,00]"",""port"":1,""type"":4}",1557748800043
"{""bId"":""1009139a2936"",""collectTime"":1557687574418,""pId"":""af61f35a05f22124"",""partRunControlData"":""[00,00,00,00,00,00,00,00,00,00,00,00,00,00,00,00,00,00,00,00,00,00,00,00,00,00,00,00,00,00,00,00,00,00,00,00,00,00,19,05,13,20,11,11,00,00,00,00,00,00,00,00,00,00]"",""port"":5,""type"":4}",1557748801960
"{""bId"":""100000004003"",""collectTime"":1557687554187,""pId"":""af61f35a05f22124"",""partRunControlData"":""[00,00,00,00,00,00,00,00,00,00,00,00,00,00,00,00,00,00,00,00,00,00,00,00,00,00,00,00,00,00,00,00,00,00,00,00,00,00,19,05,13,19,46,00,00,00,00,00,00,00,00,00,00,00]"",""port"":3,""type"":4}",1557748781719
"{""bId"":""100b88e15c7d"",""collectTime"":1557687564307,""pId"":""af61f35a05f22124"",""partRunControlData"":""[00,00,00,00,00,00,00,00,00,00,00,00,00,00,00,00,00,00,00,00,00,00,00,00,00,00,00,00,00,00,00,00,00,00,00,00,00,00,19,05,13,20,15,41,00,00,00,00,00,00,00,00,00,00]"",""port"":4,""type"":4}",1557748791840
"{""bId"":""167000006001"",""collectTime"":1557687504948,""pId"":""f533935b08f8c924"",""partReadOnlyData"":""[00,00,00,2E,FF,FF,FF,FF,00,0B,03,2A,19,04,77,F0,02,8C,00,03,02,6C,00,02,0F,A4,00,03,0F,9F,00,10,0B,B8,03,48,03,E8,00,03,28,FE,33,10,00,15,17,F0,00,00,00,00,00,00,00,00,00,00,00,00,02,CE,02,CE,02,8C,02,B5,02,79,02,6C,0F,A1,0F,A3,0F,A4,0F,A4,0F,A3,0F,A1,0F,A3,0F,A0,0F,A4,0F,A4,0F,A1,0F,A4,0F,A4,0F,A4,0F,A3,0F,9F,00,00,00,00,00,00,00,00,0C,D8,00,01,1C,07,19,A0,0F,A8]"",""port"":1,""type"":3}",1557748794988
"{""bId"":""1009139a2936"",""collectTime"":1557687569736,""pId"":""af61f35a05f22124"",""partReadOnlyData"":""[00,00,00,12,FF,FF,FF,FF,40,08,03,E8,19,D0,75,30,02,BC,00,03,02,B5,00,01,10,24,00,06,10,19,00,08,0B,B8,00,00,03,CA,00,12,25,E9,25,F1,FF,FF,16,23,00,00,00,00,00,00,00,00,00,00,00,00,02,C2,02,C2,02,BC,02,AC,02,B5,02,BB,10,22,10,23,10,21,10,23,10,23,10,24,10,23,10,19,10,23,10,23,10,23,10,24,10,21,10,23,10,23,10,23,00,00,01,D0,FF,EB,FC,72,0C,DD,00,02,00,00,19,F0,10,19]"",""port"":5,""type"":3}",1557748797269
"{""bId"":""167000006001"",""collectTime"":1557687515263,""logIndex"":48,""pId"":""f533935b08f8c924"",""partLog"":""[30,00,00,00,00,00,0D,23,28,44,80,00,00,05,D9,FF,FF,FF,02,00,08,00,32,15,B9,75,30,02,8C,00,03,02,65,00,02,0D,96,00,02,0D,91,00,06,04,23,02,58,03,E8,00,02,02,2D,31,9A,FF,FF,01,45,00,00,00,00,00,00,00,00,00,00,00,00,02,BD,02,BD,02,8C,02,B6,02,75,02,65,0D,94,0D,96,0D,96,0D,96,0D,95,0D,91,0D,95,0D,96,0D,94,0D,92,0D,92,0D,92,0D,93,0D,95,0D,92,0D,93,00,00,00,00,00,00,00,00,00,00,00,9A,AB]"",""port"":1,""type"":5}",1557748805308
"{""bId"":""100bbd075cab"",""collectTime"":1557748977598,""pId"":""dde5925b03f22124"",""partRunControlData"":""[00,00,00,00,00,00,00,00,00,00,00,00,00,00,00,00,00,00,00,00,00,00,00,00,00,00,00,00,00,00,00,00,00,00,00,00,00,00,19,05,13,20,07,55,00,00,00,00,00,00,00,00,00,00]"",""port"":4,""type"":4}",1557748977581
"{""bId"":""100bbd0ec44e"",""collectTime"":1557748982266,""pId"":""dde5925b03f22124"",""partReadOnlyData"":""[00,00,03,ED,FF,FF,FF,FF,40,08,03,E8,19,CD,75,30,02,BF,00,02,02,B9,00,01,10,24,00,0D,10,1B,00,01,0B,B8,00,00,03,C0,00,0A,24,82,24,9B,00,00,15,52,00,00,00,00,00,00,00,00,00,00,00,00,02,B9,02,B9,02,BB,02,88,02,B9,02,BF,10,1B,10,1C,10,21,10,22,10,22,10,1F,10,21,10,1E,10,21,10,21,10,20,10,23,10,24,10,24,10,23,10,1F,00,00,00,8A,00,44,03,84,0C,D3,00,01,00,00,19,F0,10,23]"",""port"":6,""type"":3}",1557748982222
"{""bId"":""100bbd0ec44e"",""collectTime"":1557748987334,""pId"":""dde5925b03f22124"",""partRunControlData"":""[00,80,00,00,00,00,00,00,00,00,00,00,00,00,00,00,00,00,00,00,00,00,00,00,00,00,00,00,00,00,00,00,00,00,00,00,00,00,19,05,13,20,25,40,00,00,00,00,00,00,00,00,00,00]"",""port"":6,""type"":4}",1557748987303
"{""bId"":""100bbd5d2242"",""collectTime"":1557749142079,""pId"":""6733935b06623c24"",""partRunControlData"":""[00,00,00,00,00,00,00,00,00,00,00,00,00,00,00,00,00,00,00,00,00,00,00,00,00,00,00,00,00,00,00,00,00,00,00,00,00,00,19,05,13,20,21,00,00,00,00,00,00,00,00,00,00,00]"",""port"":2,""type"":4}",1557749142051
"{""list"":[{""content"":""[A5,07,71,07,00,00,00,00,00,00,00,00,00,00,00,00,00,00,00,00,00,00,00,00,00,00,00,00,00,00,00,00,00,00,00,00,00,00,00,8A,07,00,00,00,00,00,00,00,00,8B,07,00,00,00,00,00,00,00,00,9B,07,00,00,00,00,00,00,00,00,00,00,00,00,00,00,00,00,00,00,00,00,00,00,00,00,00,00,00,00,00,00,00,00,00,00,00,00,00,00,00,00,00,00,00,00,00,00,00,00,00,00,00,00,00,00,00,00,00,00,00,00,00,00,00,00,00,00,00,00,00,00,00,00,00,00,00,00,00,00]"",""time"":1557687915983}],""pId"":""af61f35a05f22124"",""type"":6}",1557749143604
"{""bId"":""100000004003"",""collectTime"":1557687921270,""pId"":""af61f35a05f22124"",""partReadOnlyData"":""[00,00,00,1A,FF,FF,FF,FF,40,08,03,DE,14,DC,75,30,02,AB,00,01,02,A9,00,02,10,13,00,02,10,04,00,0F,0B,B8,00,00,03,E8,00,0A,38,42,39,34,FF,FF,20,DA,00,00,00,00,00,00,00,00,00,00,00,00,02,A8,02,A8,02,AE,02,A6,02,AB,02,A9,10,0D,10,13,10,10,10,11,10,0E,10,07,10,0D,10,0B,FF,FF,10,07,10,0B,10,0D,10,0B,FF,FF,10,04,FF,FF,00,00,00,00,00,00,00,00,0C,DA,00,02,00,00,15,13,10,0C]"",""port"":3,""type"":3}",1557749148800
"{""bId"":""100000004003"",""collectTime"":1557687926209,""pId"":""af61f35a05f22124"",""partRunControlData"":""[00,00,00,00,00,00,00,00,00,00,00,00,00,00,00,00,00,00,00,00,00,00,00,00,00,00,00,00,00,00,00,00,00,00,00,00,00,00,19,05,13,19,52,12,00,00,00,00,00,00,00,00,00,00]"",""port"":3,""type"":4}",1557749153750
"{""bId"":""167000006001"",""collectTime"":1557687875271,""logIndex"":49,""pId"":""f533935b08f8c924"",""partLog"":""[31,00,00,00,00,00,0D,23,28,44,80,00,00,05,D9,FF,FF,FF,02,00,0C,00,32,15,B9,75,30,02,8C,00,03,02,65,00,02,0D,96,00,02,0D,91,00,06,04,23,02,58,03,E8,00,02,02,2D,31,9A,FF,FF,01,45,00,00,00,00,00,00,00,00,00,00,00,00,02,BD,02,BD,02,8C,02,B5,02,75,02,65,0D,94,0D,96,0D,95,0D,96,0D,95,0D,91,0D,95,0D,96,0D,94,0D,92,0D,92,0D,92,0D,93,0D,95,0D,92,0D,93,00,00,00,00,00,00,00,00,00,00,00,C4,5F]"",""port"":1,""type"":5}",1557749165301
"{""bId"":""100bbd075cab"",""collectTime"":1557749332706,""pId"":""dde5925b03f22124"",""partReadOnlyData"":""[00,00,03,D6,FF,FF,FF,FF,40,08,03,E8,19,D5,75,30,02,AC,00,02,02,A7,00,03,10,2A,00,06,10,22,00,0C,0B,B8,00,00,03,B6,00,0E,23,E0,24,0C,00,00,14,F3,00,00,00,00,00,00,00,00,00,00,00,00,02,A9,02,A9,02,A7,02,A4,02,A8,02,AC,10,26,10,24,10,24,10,29,10,26,10,2A,10,26,10,25,10,24,10,29,10,23,10,22,10,26,10,24,10,27,10,22,00,00,00,67,00,29,03,28,0C,E2,00,02,00,00,19,F0,10,29]"",""port"":1,""type"":3}",1557749332701
"{""bId"":""100bbd075cab"",""collectTime"":1557749337429,""pId"":""dde5925b03f22124"",""partRunControlData"":""[00,80,00,00,00,00,00,00,00,00,00,00,00,00,00,00,00,00,00,00,00,00,00,00,00,00,00,00,00,00,00,00,00,00,00,00,00,00,19,05,13,20,13,55,00,00,00,00,00,00,00,00,00,00]"",""port"":1,""type"":4}",1557749337387
"{""bId"":""100bbce95651"",""collectTime"":1557749347350,""pId"":""dde5925b03f22124"",""partRunControlData"":""[00,80,00,00,00,00,00,00,00,00,00,00,00,00,00,00,00,00,00,00,00,00,00,00,00,00,00,00,00,00,00,00,00,00,00,00,00,00,19,05,13,19,23,20,00,00,00,00,00,00,00,00,00,00]"",""port"":3,""type"":4}",1557749347309
"{""bId"":""100bbce432af"",""collectTime"":1557749362554,""pId"":""dde5925b03f22124"",""partReadOnlyData"":""[00,00,03,33,FF,FF,FF,FF,40,08,03,DE,19,C9,75,30,02,B1,00,02,02,AF,00,01,10,22,00,0F,10,1A,00,01,0B,B8,00,00,03,AC,00,0A,24,05,24,63,00,00,15,09,00,00,00,00,00,00,00,00,00,00,00,00,02,B5,02,B5,02,AF,02,A8,02,AF,02,B1,10,1A,10,1C,10,1E,10,1D,10,1C,10,1D,10,1D,10,1F,10,1D,10,1F,10,1D,10,21,10,21,10,21,10,22,10,1B,00,00,01,EA,FF,F3,FB,EA,0C,D8,00,01,00,00,19,F0,10,1B]"",""port"":7,""type"":3}",1557749362516
"{""bId"":""100bbce95651"",""collectTime"":1557749342694,""pId"":""dde5925b03f22124"",""partReadOnlyData"":""[00,00,03,2B,FF,FF,FF,FF,40,08,03,E8,19,CB,75,30,02,B5,00,01,02,B2,00,02,10,22,00,05,10,1B,00,01,0B,B8,00,00,03,98,00,0B,22,73,22,8F,00,00,14,1E,00,00,00,00,00,00,00,00,00,00,00,00,02,B4,02,B4,02,B5,02,A8,02,B5,02,B2,10,1B,10,1E,10,21,10,21,10,22,10,1D,10,1C,10,20,10,1E,10,20,10,1E,10,20,10,1F,10,21,10,20,10,1D,00,00,01,55,FF,D0,FB,C1,0C,D2,00,02,00,00,19,F0,10,22]"",""port"":3,""type"":3}",1557749342651
"{""bId"":""100bbd0ec44e"",""collectTime"":1557749352616,""pId"":""dde5925b03f22124"",""partReadOnlyData"":""[00,00,03,ED,FF,FF,FF,FF,40,08,03,E8,19,CD,75,30,02,BF,00,02,02,B8,00,01,10,24,00,0D,10,1B,00,01,0B,B8,00,00,03,C0,00,0A,24,7E,24,97,00,00,15,4F,00,00,00,00,00,00,00,00,00,00,00,00,02,B9,02,B9,02,BB,02,87,02,B8,02,BF,10,1B,10,1C,10,21,10,22,10,22,10,1F,10,21,10,1E,10,21,10,21,10,20,10,23,10,24,10,24,10,23,10,1D,00,00,00,8A,00,4A,03,82,0C,D1,00,01,00,00,19,F0,10,23]"",""port"":6,""type"":3}",1557749352571
"{""bId"":""100bbd0ec44e"",""collectTime"":1557749357464,""pId"":""dde5925b03f22124"",""partRunControlData"":""[00,80,00,00,00,00,00,00,00,00,00,00,00,00,00,00,00,00,00,00,00,00,00,00,00,00,00,00,00,00,00,00,00,00,00,00,00,00,19,05,13,20,31,50,00,00,00,00,00,00,00,00,00,00]"",""port"":6,""type"":4}",1557749357432
"{""bId"":""100bbce432af"",""collectTime"":1557749367417,""pId"":""dde5925b03f22124"",""partRunControlData"":""[00,80,00,00,00,00,00,00,00,00,00,00,00,00,00,00,00,00,00,00,00,00,00,00,00,00,00,00,00,00,00,00,00,00,00,00,00,00,19,05,13,20,14,19,00,00,00,00,00,00,00,00,00,00]"",""port"":7,""type"":4}",1557749367437
"{""bId"":""100000004003"",""collectTime"":1557688293307,""pId"":""af61f35a05f22124"",""partReadOnlyData"":""[00,00,00,1A,FF,FF,FF,FF,40,08,03,DE,14,DC,75,30,02,AB,00,01,02,A9,00,02,10,12,00,02,10,03,00,0F,0B,B8,00,00,03,E8,00,0A,38,42,39,34,FF,FF,20,DA,00,00,00,00,00,00,00,00,00,00,00,00,02,A8,02,A8,02,AE,02,A6,02,AB,02,A9,10,0D,10,12,10,10,10,10,10,0E,10,07,10,0D,10,0B,FF,FF,10,07,10,0B,10,0D,10,0B,FF,FF,10,03,FF,FF,00,00,00,00,00,00,00,00,0C,DA,00,02,00,00,15,13,10,0C]"",""port"":3,""type"":3}",1557749520939
"{""bId"":""167000006001"",""collectTime"":1557688235239,""logIndex"":50,""pId"":""f533935b08f8c924"",""partLog"":""[32,00,00,00,00,00,0D,23,29,07,20,00,00,05,D9,FF,FF,FF,FF,00,0C,00,32,15,B3,75,30,02,8C,00,03,02,65,00,02,0D,93,00,04,0D,8D,00,06,04,23,02,58,03,E8,00,02,02,2D,31,9A,FF,FF,01,45,00,00,00,00,00,00,00,00,00,00,00,00,02,BC,02,BC,02,8C,02,B3,02,75,02,65,0D,92,0D,92,0D,92,0D,93,0D,91,0D,8D,0D,91,0D,92,0D,90,0D,8F,0D,8E,0D,8E,0D,90,0D,92,0D,8F,0D,8F,00,00,00,00,00,00,00,00,00,83,00,C6,B6]"",""port"":1,""type"":5}",1557749525269
"{""bId"":""100b88e15c7d"",""collectTime"":1557688303746,""pId"":""af61f35a05f22124"",""partReadOnlyData"":""[00,00,01,6F,FF,FF,FF,FF,40,08,03,E8,19,D5,75,30,02,C3,00,02,02,BD,00,03,10,2A,00,0C,10,22,00,01,0B,B8,00,00,03,D4,00,0C,25,F4,25,FE,FF,FF,16,2A,00,00,00,00,00,00,00,00,00,00,00,00,02,BF,02,BF,02,BD,02,B1,02,BF,02,C3,10,22,10,25,10,24,10,26,10,26,10,22,10,25,10,26,10,25,10,28,10,23,10,2A,10,29,10,29,10,27,10,24,00,00,01,CA,00,29,FB,C6,0C,CF,00,01,00,00,19,F0,10,27]"",""port"":4,""type"":3}",1557749531270
"{""bId"":""1009139a2936"",""collectTime"":1557688318327,""pId"":""af61f35a05f22124"",""partRunControlData"":""[00,00,00,00,00,00,00,00,00,00,00,00,00,00,00,00,00,00,00,00,00,00,00,00,00,00,00,00,00,00,00,00,00,00,00,00,00,00,19,05,13,20,23,35,00,00,00,00,00,00,00,00,00,00]"",""port"":5,""type"":4}",1557749545849
"{""bId"":""100bbd075cab"",""collectTime"":1557747897112,""pId"":""dde5925b03f22124"",""partRunControlData"":""[00,00,00,00,00,00,00,00,00,00,00,00,00,00,00,00,00,00,00,00,00,00,00,00,00,00,00,00,00,00,00,00,00,00,00,00,00,00,19,05,13,19,49,54,00,00,00,00,00,00,00,00,00,00]"",""port"":4,""type"":4}",1557747897092
"{""bId"":""100bbd0ec44e"",""collectTime"":1557747902391,""pId"":""dde5925b03f22124"",""partReadOnlyData"":""[00,00,03,ED,FF,FF,FF,FF,40,08,03,E8,19,CE,75,30,02,C0,00,02,02,BA,00,01,10,25,00,0D,10,1C,00,01,0B,B8,00,00,03,C0,00,0A,24,84,24,9D,00,00,15,53,00,00,00,00,00,00,00,00,00,00,00,00,02,BA,02,BA,02,BC,02,89,02,BA,02,C0,10,1C,10,1D,10,22,10,22,10,22,10,1F,10,22,10,1F,10,22,10,22,10,21,10,24,10,25,10,25,10,23,10,1F,00,00,00,8A,00,44,03,78,0C,D2,00,01,00,00,19,F0,10,23]"",""port"":6,""type"":3}",1557747902366
"{""bId"":""100bbce432af"",""collectTime"":1557747912545,""pId"":""dde5925b03f22124"",""partReadOnlyData"":""[00,00,03,33,FF,FF,FF,FF,40,08,03,DE,19,CA,75,30,02,B1,00,02,02,AF,00,01,10,22,00,0C,10,1A,00,01,0B,B8,00,00,03,AC,00,0A,24,05,24,63,00,00,15,09,00,00,00,00,00,00,00,00,00,00,00,00,02,B5,02,B5,02,AF,02,A8,02,AF,02,B1,10,1A,10,1C,10,1F,10,1D,10,1C,10,1D,10,1E,10,1F,10,1D,10,1F,10,1E,10,22,10,22,10,22,10,22,10,1C,00,00,01,E2,FF,EF,FB,EE,0C,DA,00,01,00,00,19,F0,10,1B]"",""port"":7,""type"":3}",1557747912511
"{""bId"":""100bbce95651"",""collectTime"":1557747922101,""pId"":""dde5925b03f22124"",""partReadOnlyData"":""[00,00,03,2B,FF,FF,FF,FF,40,08,03,E8,19,CB,75,30,02,B6,00,01,02,B3,00,02,10,22,00,04,10,1B,00,01,0B,B8,00,00,03,98,00,0B,22,8C,22,8C,00,00,14,2C,00,00,00,00,00,00,00,00,00,00,00,00,02,B6,02,B6,02,B6,02,AB,02,B6,02,B3,10,1B,10,1F,10,21,10,22,10,22,10,1E,10,1D,10,20,10,1E,10,21,10,1E,10,20,10,20,10,21,10,21,10,1B,00,00,01,5B,FF,DB,FB,C3,0C,D0,00,02,00,00,19,F0,10,23]"",""port"":12,""type"":3}",1557747922083
"{""list"":[{""content"":""[48,07,48,07,00,00,00,00,00,00,00,00,00,00,00,00,00,00,00,00,00,00,00,00,00,00,00,00,00,00,00,00,00,00,00,00,00,00,00,00,00,00,00,00,00,00,00,00,00,90,07,00,00,00,00,00,00,00,00,00,00,00,00,00,00,00,00,00,00,87,07,00,00,00,00,00,00,00,00,8E,07,00,00,00,00,00,00,00,00,00,00,00,00,00,00,00,00,00,00,00,00,00,00,00,00,00,00,00,00,00,00,00,00,00,00,00,00,00,00,00,00,00,00,00,00,00,00,00,00,69,07,00,00,00,00,00,00,00,00]"",""time"":1557748020549}],""pId"":""dde5925b03f22124"",""type"":6}",1557748020533
"{""bId"":""100000004003"",""collectTime"":1557686805163,""pId"":""af61f35a05f22124"",""partReadOnlyData"":""[00,00,00,1A,FF,FF,FF,FF,40,08,03,DE,14,DC,75,30,02,AB,00,01,02,A9,00,02,10,13,00,02,10,04,00,0F,0B,B8,00,00,03,E8,00,0A,38,4A,39,33,FF,FF,20,DF,00,00,00,00,00,00,00,00,00,00,00,00,02,A8,02,A8,02,AE,02,A7,02,AB,02,A9,10,0D,10,13,10,10,10,11,10,0E,10,07,10,0D,10,0B,FF,FF,10,07,10,0B,10,0D,10,0B,FF,FF,10,04,FF,FF,00,00,00,00,00,00,00,00,0C,DB,00,02,00,00,15,13,10,0C]"",""port"":3,""type"":3}",1557748032793
"{""bId"":""100000004003"",""collectTime"":1557686810117,""pId"":""af61f35a05f22124"",""partRunControlData"":""[00,00,00,00,00,00,00,00,00,00,00,00,00,00,00,00,00,00,00,00,00,00,00,00,00,00,00,00,00,00,00,00,00,00,00,00,00,00,19,05,13,19,33,36,00,00,00,00,00,00,00,00,00,00]"",""port"":3,""type"":4}",1557748037654
"{""bId"":""100b88e15c7d"",""collectTime"":1557686815313,""pId"":""af61f35a05f22124"",""partReadOnlyData"":""[00,00,01,6F,FF,FF,FF,FF,40,08,03,E8,19,D6,75,30,02,C7,00,02,02,C1,00,03,10,2A,00,0C,10,22,00,01,0B,B8,00,00,03,D4,00,0C,25,F3,25,FE,FF,FF,16,29,00,00,00,00,00,00,00,00,00,00,00,00,02,C5,02,C5,02,C1,02,B4,02,C3,02,C7,10,22,10,25,10,25,10,27,10,26,10,23,10,26,10,26,10,26,10,28,10,24,10,2A,10,2A,10,29,10,28,10,23,00,00,01,DA,00,19,FB,C6,0C,CE,00,01,00,00,19,F0,10,28]"",""port"":4,""type"":3}",1557748042854
"{""bId"":""100b88e15c7d"",""collectTime"":1557686820211,""pId"":""af61f35a05f22124"",""partRunControlData"":""[00,00,00,00,00,00,00,00,00,00,00,00,00,00,00,00,00,00,00,00,00,00,00,00,00,00,00,00,00,00,00,00,00,00,00,00,00,00,19,05,13,20,03,17,00,00,00,00,00,00,00,00,00,00]"",""port"":4,""type"":4}",1557748047744
"{""bId"":""1009139a2936"",""collectTime"":1557686825276,""pId"":""af61f35a05f22124"",""partReadOnlyData"":""[00,00,00,12,FF,FF,FF,FF,40,08,03,E8,19,D0,75,30,02,BE,00,03,02,B6,00,01,10,24,00,06,10,19,00,08,0B,B8,00,00,03,CA,00,12,25,E9,25,F3,FF,FF,16,23,00,00,00,00,00,00,00,00,00,00,00,00,02,C6,02,C6,02,BE,02,AD,02,B6,02,BD,10,22,10,23,10,22,10,23,10,23,10,24,10,24,10,19,10,23,10,24,10,24,10,24,10,22,10,24,10,23,10,22,00,00,01,C9,FF,DF,FC,6C,0C,DB,00,02,00,00,19,F0,10,18]"",""port"":5,""type"":3}",1557748052829
"{""bId"":""100bbd5d2242"",""collectTime"":1557748062107,""pId"":""6733935b06623c24"",""partRunControlData"":""[00,00,00,00,00,00,00,00,00,00,00,00,00,00,00,00,00,00,00,00,00,00,00,00,00,00,00,00,00,00,00,00,00,00,00,00,00,00,19,05,13,20,03,00,00,00,00,00,00,00,00,00,00,00]"",""port"":2,""type"":4}",1557748062078
"{""bId"":""167000006001"",""collectTime"":1557686795159,""logIndex"":46,""pId"":""f533935b08f8c924"",""partLog"":""[2E,00,00,00,00,00,0D,23,28,36,80,00,00,05,D9,FF,FF,FF,02,00,04,00,32,15,BC,75,30,02,8C,00,03,02,65,00,02,0D,98,00,02,0D,93,00,06,04,23,02,58,03,E8,00,02,02,2D,31,9A,FF,FF,01,45,00,00,00,00,00,00,00,00,00,00,00,00,02,BE,02,BE,02,8C,02,B6,02,74,02,65,0D,96,0D,98,0D,98,0D,98,0D,96,0D,93,0D,97,0D,98,0D,95,0D,94,0D,93,0D,93,0D,95,0D,97,0D,94,0D,95,00,00,00,00,00,00,00,00,00,00,00,F1,3A]"",""port"":1,""type"":5}",1557748085200
"{""list"":[{""content"":""[C9,06,86,07,00,00,00,00,00,91,07,00,00,00,00,00,00,00,01,71,07,C0,00,00,00,00,00,00,00,00,00,00,00,00,00,00,00,00,00,00,00,00,00,00,00,00,00,00,00,00,00,00,00,00,00,00,00,00,00,00,00,00,00,00,00,00,00,00,00,00,00,00,00,00,00,00,00,00,00,00,00,00,00,00,00,00,00,00,00,4B,0F,4B,0F,49,0F,49,0F,71,07,00,00,00,00,00,00,00,00,00,00,00,00,00,00,00,00,00,00,00,00,00,00,00,00,00,00,00,00,00,00,00,00,00,00,00,00,00,00,00,00]"",""time"":1557686903031}],""pId"":""f533935b08f8c924"",""type"":6}",1557748193093
"{""bId"":""100bbd0ec44e"",""collectTime"":1557748262532,""pId"":""dde5925b03f22124"",""partReadOnlyData"":""[00,00,03,ED,FF,FF,FF,FF,40,08,03,E8,19,CE,75,30,02,C0,00,02,02,B9,00,01,10,25,00,0D,10,1B,00,01,0B,B8,00,00,03,C0,00,0A,24,84,24,9D,00,00,15,53,00,00,00,00,00,00,00,00,00,00,00,00,02,BA,02,BA,02,BC,02,89,02,B9,02,C0,10,1B,10,1D,10,22,10,22,10,22,10,1F,10,22,10,1F,10,22,10,22,10,20,10,23,10,25,10,25,10,23,10,1F,00,00,00,96,00,44,03,80,0C,D2,00,01,00,00,19,F0,10,23]"",""port"":6,""type"":3}",1557748262500
"{""bId"":""100bbd0ec44e"",""collectTime"":1557748267033,""pId"":""dde5925b03f22124"",""partRunControlData"":""[00,80,00,00,00,00,00,00,00,00,00,00,00,00,00,00,00,00,00,00,00,00,00,00,00,00,00,00,00,00,00,00,00,00,00,00,00,00,19,05,13,20,13,40,00,00,00,00,00,00,00,00,00,00]"",""port"":6,""type"":4}",1557748267010
"{""bId"":""100bbce432af"",""collectTime"":1557748272490,""pId"":""dde5925b03f22124"",""partReadOnlyData"":""[00,00,03,33,FF,FF,FF,FF,40,08,03,DE,19,CA,75,30,02,B1,00,02,02,AF,00,01,10,22,00,0C,10,1A,00,01,0B,B8,00,00,03,AC,00,0A,24,05,24,63,00,00,15,09,00,00,00,00,00,00,00,00,00,00,00,00,02,B5,02,B5,02,AF,02,A8,02,AF,02,B1,10,1A,10,1C,10,1F,10,1D,10,1C,10,1D,10,1D,10,1F,10,1D,10,1F,10,1D,10,22,10,22,10,22,10,22,10,1C,00,00,01,E2,FF,EF,FB,F1,0C,D8,00,01,00,00,19,F0,10,1B]"",""port"":7,""type"":3}",1557748272455
"{""bId"":""100bbce95651"",""collectTime"":1557748282277,""pId"":""dde5925b03f22124"",""partReadOnlyData"":""[00,00,03,2B,FF,FF,FF,FF,40,08,03,E8,19,CB,75,30,02,B6,00,01,02,B3,00,02,10,22,00,04,10,1B,00,01,0B,B8,00,00,03,98,00,0B,22,86,22,8F,00,00,14,29,00,00,00,00,00,00,00,00,00,00,00,00,02,B6,02,B6,02,B6,02,AB,02,B6,02,B3,10,1B,10,1F,10,21,10,22,10,22,10,1D,10,1D,10,20,10,1E,10,20,10,1E,10,20,10,20,10,21,10,21,10,1B,00,00,01,63,FF,E1,FB,C5,0C,D1,00,02,00,00,19,F0,10,23]"",""port"":12,""type"":3}",1557748282246
"{""bId"":""100bbd0ec44e"",""collectTime"":1557748297349,""logIndex"":1010,""pId"":""dde5925b03f22124"",""partLog"":""[F2,03,00,00,19,05,05,10,47,37,80,00,00,03,AF,FF,FF,FF,02,40,0B,03,DE,19,90,75,2F,02,8D,00,02,02,8A,00,01,0F,FD,00,0D,0F,F5,00,01,0B,B8,01,F4,03,D4,00,09,24,D1,25,70,00,00,15,80,00,00,00,00,00,00,00,00,00,00,00,00,02,8B,02,8B,02,8B,02,62,02,8A,02,8D,0F,F5,0F,F6,0F,FB,0F,FB,0F,FB,0F,F8,0F,FB,0F,F8,0F,FA,0F,FA,0F,F9,0F,FC,0F,FD,0F,FD,0F,FB,0F,FB,00,00,00,84,00,48,03,8A,00,83,00,1D,C0]"",""port"":6,""type"":5}",1557748297318
"{""bId"":""100000004003"",""collectTime"":1557687177308,""pId"":""af61f35a05f22124"",""partReadOnlyData"":""[00,00,00,1A,FF,FF,FF,FF,40,08,03,DE,14,DC,75,30,02,AB,00,01,02,A9,00,02,10,12,00,02,10,04,00,0F,0B,B8,00,00,03,E8,00,0A,38,46,39,34,FF,FF,20,DD,00,00,00,00,00,00,00,00,00,00,00,00,02,A8,02,A8,02,AE,02,A7,02,AB,02,A9,10,0D,10,12,10,10,10,11,10,0E,10,07,10,0D,10,0B,FF,FF,10,08,10,0B,10,0D,10,0B,FF,FF,10,04,FF,FF,00,00,00,00,00,00,00,00,0C,D8,00,02,00,00,15,13,10,0C]"",""port"":3,""type"":3}",1557748404843
"{""bId"":""100000004003"",""collectTime"":1557687182439,""pId"":""af61f35a05f22124"",""partRunControlData"":""[00,00,00,00,00,00,00,00,00,00,00,00,00,00,00,00,00,00,00,00,00,00,00,00,00,00,00,00,00,00,00,00,00,00,00,00,00,00,19,05,13,19,39,48,00,00,00,00,00,00,00,00,00,00]"",""port"":3,""type"":4}",1557748409998
"{""bId"":""100b88e15c7d"",""collectTime"":1557687192390,""pId"":""af61f35a05f22124"",""partRunControlData"":""[00,00,00,00,00,00,00,00,00,00,00,00,00,00,00,00,00,00,00,00,00,00,00,00,00,00,00,00,00,00,00,00,00,00,00,00,00,00,19,05,13,20,09,29,00,00,00,00,00,00,00,00,00,00]"",""port"":4,""type"":4}",1557748419928
"{""bId"":""100bbd5d2242"",""collectTime"":1557748421963,""pId"":""6733935b06623c24"",""partRunControlData"":""[00,00,00,00,00,00,00,00,00,00,00,00,00,00,00,00,00,00,00,00,00,00,00,00,00,00,00,00,00,00,00,00,00,00,00,00,00,00,19,05,13,20,09,00,00,00,00,00,00,00,00,00,00,00]"",""port"":2,""type"":4}",1557748421918
"{""bId"":""100bbce432af"",""collectTime"":1557748637234,""pId"":""dde5925b03f22124"",""partRunControlData"":""[00,80,00,00,00,00,00,00,00,00,00,00,00,00,00,00,00,00,00,00,00,00,00,00,00,00,00,00,00,00,00,00,00,00,00,00,00,00,19,05,13,20,02,09,00,00,00,00,00,00,00,00,00,00]"",""port"":7,""type"":4}",1557748637205
"{""bId"":""100bbce95651"",""collectTime"":1557748642318,""pId"":""dde5925b03f22124"",""partReadOnlyData"":""[00,00,03,2B,FF,FF,FF,FF,40,08,03,E8,19,CB,75,30,02,B6,00,01,02,B3,00,02,10,22,00,05,10,1A,00,10,0B,B8,00,00,03,98,00,0B,22,7C,22,8F,00,00,14,23,00,00,00,00,00,00,00,00,00,00,00,00,02,B5,02,B5,02,B6,02,AB,02,B6,02,B3,10,1B,10,1E,10,21,10,21,10,22,10,1E,10,1D,10,20,10,1E,10,20,10,1E,10,20,10,20,10,21,10,21,10,1A,00,00,01,57,FF,E7,FB,C5,0C,D0,00,02,00,00,19,F0,10,22]"",""port"":12,""type"":3}",1557748642279
"{""bId"":""100bbce95651"",""collectTime"":1557748647204,""pId"":""dde5925b03f22124"",""partRunControlData"":""[00,80,00,00,00,00,00,00,00,00,00,00,00,00,00,00,00,00,00,00,00,00,00,00,00,00,00,00,00,00,00,00,00,00,00,00,00,00,19,05,13,19,11,40,00,00,00,00,00,00,00,00,00,00]"",""port"":12,""type"":4}",1557748647166
"{""bId"":""100bbd0ec44e"",""collectTime"":1557748657368,""logIndex"":1011,""pId"":""dde5925b03f22124"",""partLog"":""[F3,03,00,00,19,05,05,10,49,08,80,00,00,03,AF,FF,FF,FF,01,40,0B,03,DE,19,9F,75,30,02,8D,00,02,02,8A,00,01,10,07,00,0D,0F,FE,00,01,0B,B8,01,F4,03,D4,00,09,24,F0,25,71,00,00,15,92,00,00,00,00,00,00,00,00,00,00,00,00,02,8C,02,8C,02,8B,02,62,02,8A,02,8D,0F,FE,10,00,10,04,10,05,10,05,10,01,10,04,10,01,10,04,10,03,10,03,10,06,10,07,10,07,10,06,10,03,00,00,00,80,00,53,03,8A,00,80,00,01,F2]"",""port"":6,""type"":5}",1557748657327
"{""list"":[{""content"":""[9C,06,88,07,00,00,00,00,00,8F,07,00,00,00,00,00,00,00,01,63,07,C0,00,00,00,00,00,00,00,00,00,00,00,00,00,00,00,00,00,00,00,00,00,00,00,00,00,00,00,00,00,00,00,00,00,00,00,00,00,00,00,00,00,00,00,00,00,00,00,00,00,00,00,00,00,00,00,00,00,00,00,00,00,00,00,00,00,00,00,B9,0F,BB,0F,BA,0F,B4,0F,63,07,00,00,00,00,00,00,00,00,00,00,00,00,00,00,00,00,00,00,00,00,00,00,00,00,00,00,00,00,00,00,00,00,00,00,00,00,00,00,00,00]"",""time"":1557687651087}],""pId"":""f533935b08f8c924"",""type"":6}",1557748941122
"{""list"":[{""content"":""[5D,07,8D,07,00,00,00,00,00,00,00,00,00,00,00,00,00,00,00,00,00,00,00,00,00,00,00,00,00,00,00,00,00,00,00,00,00,00,00,00,00,00,00,00,00,00,00,00,00,00,00,00,00,00,00,00,00,00,00,00,00,00,00,00,00,00,00,00,00,00,00,00,00,00,00,00,00,00,00,00,00,00,00,00,00,00,00,00,00,00,00,02,AC,02,AC,02,A6,02,A1,00,00,00,00,00,00,00,00,00,00,00,00,00,00,00,00,00,00,00,00,00,00,00,00,00,00,00,00,00,00,00,00,00,00,00,00,00,00,00,00]"",""time"":1557749108356}],""pId"":""6733935b06623c24"",""type"":6}",1557749108317
"{""bId"":""167000006001"",""collectTime"":1557687865172,""pId"":""f533935b08f8c924"",""partReadOnlyData"":""[00,00,00,2E,FF,FF,FF,FF,00,0B,03,5C,19,4C,77,8B,02,8C,00,03,02,6C,00,02,0F,D2,00,0A,0F,CD,00,08,0B,B8,02,58,03,E8,00,03,2B,C5,33,12,00,12,19,8F,00,00,00,00,00,00,00,00,00,00,00,00,02,D4,02,D4,02,8C,02,B9,02,79,02,6C,0F,CF,0F,D0,0F,D1,0F,D0,0F,D0,0F,CE,0F,D0,0F,CD,0F,D0,0F,D2,0F,CF,0F,D1,0F,D1,0F,D1,0F,D0,0F,CE,00,00,00,00,00,00,00,00,0C,D9,00,01,18,01,19,A0,0F,D4]"",""port"":1,""type"":3}",1557749155214
"{""bId"":""100b88e15c7d"",""collectTime"":1557687931601,""pId"":""af61f35a05f22124"",""partReadOnlyData"":""[00,00,01,6F,FF,FF,FF,FF,40,08,03,E8,19,D5,75,30,02,C4,00,02,02,BE,00,03,10,2A,00,0C,10,21,00,10,0B,B8,00,00,03,D4,00,0C,25,F4,25,FE,FF,FF,16,2A,00,00,00,00,00,00,00,00,00,00,00,00,02,C0,02,C0,02,BE,02,B2,02,C0,02,C4,10,22,10,25,10,25,10,26,10,26,10,22,10,26,10,26,10,26,10,28,10,23,10,2A,10,29,10,29,10,27,10,21,00,00,01,DA,00,25,FB,CE,0C,CE,00,01,00,00,19,F0,10,28]"",""port"":4,""type"":3}",1557749159129
"{""bId"":""167000006001"",""collectTime"":1557687870021,""pId"":""f533935b08f8c924"",""partRunControlData"":""[00,83,00,00,00,00,00,00,00,00,00,00,00,00,00,00,00,00,00,00,00,00,00,00,00,00,00,00,00,00,00,00,00,00,00,00,00,00,19,05,13,20,06,03,00,00,00,00,00,00,00,00,00,00]"",""port"":1,""type"":4}",1557749160055
"{""bId"":""100b88e15c7d"",""collectTime"":1557687936347,""pId"":""af61f35a05f22124"",""partRunControlData"":""[00,00,00,00,00,00,00,00,00,00,00,00,00,00,00,00,00,00,00,00,00,00,00,00,00,00,00,00,00,00,00,00,00,00,00,00,00,00,19,05,13,20,21,53,00,00,00,00,00,00,00,00,00,00]"",""port"":4,""type"":4}",1557749163880
"{""bId"":""1009139a2936"",""collectTime"":1557687941582,""pId"":""af61f35a05f22124"",""partReadOnlyData"":""[00,00,00,12,FF,FF,FF,FF,40,08,03,E8,19,D0,75,30,02,BC,00,03,02,B4,00,01,10,24,00,06,10,19,00,08,0B,B8,00,00,03,CA,00,12,25,EA,25,F0,FF,FF,16,24,00,00,00,00,00,00,00,00,00,00,00,00,02,C1,02,C1,02,BC,02,AC,02,B4,02,BB,10,22,10,23,10,21,10,23,10,23,10,24,10,23,10,19,10,23,10,23,10,23,10,24,10,21,10,23,10,23,10,22,00,00,01,C1,FF,E1,FC,70,0C,DC,00,02,00,00,19,F0,10,18]"",""port"":5,""type"":3}",1557749169109
"{""bId"":""1009139a2936"",""collectTime"":1557687946505,""pId"":""af61f35a05f22124"",""partRunControlData"":""[00,00,00,00,00,00,00,00,00,00,00,00,00,00,00,00,00,00,00,00,00,00,00,00,00,00,00,00,00,00,00,00,00,00,00,00,00,00,19,05,13,20,17,23,00,00,00,00,00,00,00,00,00,00]"",""port"":5,""type"":4}",1557749174054
"{""list"":[{""content"":""[4A,07,4A,07,00,00,00,00,00,00,00,00,00,00,00,00,00,00,00,82,07,00,00,00,00,00,00,00,00,00,00,00,00,00,00,00,00,00,00,7C,07,00,00,00,00,00,00,00,00,90,07,00,00,00,00,00,00,00,00,00,00,00,00,00,00,00,00,00,00,8A,07,00,00,00,00,00,00,00,00,91,07,00,00,00,00,00,00,00,00,00,00,00,00,00,00,00,00,00,00,00,00,00,00,00,00,00,00,00,00,00,00,00,00,00,00,00,00,00,00,00,00,00,00,00,00,00,00,00,00,6B,07,00,00,00,00,00,00,00,00]"",""time"":1557749263800}],""pId"":""dde5925b03f22124"",""type"":6}",1557749263767
"{""bId"":""100bbd0ec44e"",""collectTime"":1557749377757,""logIndex"":1012,""pId"":""dde5925b03f22124"",""partLog"":""[F4,03,00,00,19,05,05,10,49,08,80,00,00,03,AF,FF,FF,FF,02,40,08,03,DE,19,9F,75,30,02,8D,00,02,02,8A,00,01,10,07,00,0D,0F,FE,00,01,0B,B8,01,F4,03,D4,00,09,24,F0,25,71,00,00,15,92,00,00,00,00,00,00,00,00,00,00,00,00,02,8C,02,8C,02,8B,02,62,02,8A,02,8D,0F,FE,0F,FF,10,04,10,05,10,05,10,01,10,04,10,01,10,04,10,04,10,03,10,05,10,07,10,07,10,05,10,03,00,00,00,7B,00,4A,03,86,00,80,00,EB,08]"",""port"":6,""type"":5}",1557749377742
"{""bId"":""100bbd5d2242"",""collectTime"":1557749502348,""pId"":""6733935b06623c24"",""partRunControlData"":""[00,00,00,00,00,00,00,00,00,00,00,00,00,00,00,00,00,00,00,00,00,00,00,00,00,00,00,00,00,00,00,00,00,00,00,00,00,00,19,05,13,20,27,00,00,00,00,00,00,00,00,00,00,00]"",""port"":2,""type"":4}",1557749502296
"{""bId"":""167000006001"",""collectTime"":1557688225145,""pId"":""f533935b08f8c924"",""partReadOnlyData"":""[00,00,00,2E,FF,FF,FF,FF,00,0B,03,8E,19,87,77,31,02,8C,00,03,02,6C,00,02,0F,F6,00,0A,0F,F2,00,08,0B,B8,02,58,03,E8,00,03,2E,0B,33,15,00,0F,1A,E3,00,00,00,00,00,00,00,00,00,00,00,00,02,D5,02,D5,02,8C,02,BB,02,79,02,6C,0F,F4,0F,F5,0F,F5,0F,F5,0F,F5,0F,F3,0F,F5,0F,F2,0F,F4,0F,F6,0F,F4,0F,F6,0F,F6,0F,F5,0F,F6,0F,F2,00,00,00,00,00,00,00,00,0C,D7,00,01,14,68,19,A0,0F,F8]"",""port"":1,""type"":3}",1557749515308
"{""bId"":""167000006001"",""collectTime"":1557688229991,""pId"":""f533935b08f8c924"",""partRunControlData"":""[00,83,00,00,00,00,00,00,00,00,00,00,00,00,00,00,00,00,00,00,00,00,00,00,00,00,00,00,00,00,00,00,00,00,00,00,00,00,19,05,13,20,12,03,00,00,00,00,00,00,00,00,00,00]"",""port"":1,""type"":4}",1557749520014
"{""bId"":""100000004003"",""collectTime"":1557688298296,""pId"":""af61f35a05f22124"",""partRunControlData"":""[00,00,00,00,00,00,00,00,00,00,00,00,00,00,00,00,00,00,00,00,00,00,00,00,00,00,00,00,00,00,00,00,00,00,00,00,00,00,19,05,13,19,58,24,00,00,00,00,00,00,00,00,00,00]"",""port"":3,""type"":4}",1557749525820
"{""bId"":""100b88e15c7d"",""collectTime"":1557688308320,""pId"":""af61f35a05f22124"",""partRunControlData"":""[00,00,00,00,00,00,00,00,00,00,00,00,00,00,00,00,00,00,00,00,00,00,00,00,00,00,00,00,00,00,00,00,00,00,00,00,00,00,19,05,13,20,28,05,00,00,00,00,00,00,00,00,00,00]"",""port"":4,""type"":4}",1557749535840
"{""bId"":""1009139a2936"",""collectTime"":1557688313299,""pId"":""af61f35a05f22124"",""partReadOnlyData"":""[00,00,00,12,FF,FF,FF,FF,40,08,03,E8,19,D0,75,30,02,BB,00,03,02,B3,00,01,10,25,00,10,10,19,00,08,0B,B8,00,00,03,CA,00,12,25,EA,25,F0,FF,FF,16,24,00,00,00,00,00,00,00,00,00,00,00,00,02,C1,02,C1,02,BB,02,AB,02,B3,02,BA,10,22,10,23,10,21,10,23,10,23,10,24,10,23,10,19,10,23,10,24,10,23,10,23,10,22,10,23,10,23,10,25,00,00,01,C9,FF,F1,FC,65,0C,DE,00,02,00,00,19,F0,10,18]"",""port"":5,""type"":3}",1557749540819
"{""bId"":""100bbc07838a"",""collectTime"":1557749672529,""pId"":""dde5925b03f22124"",""partDeviceInfo"":""[00,0A,0D,12,01,05,01,02,00,1F,00,00,02,70,24,7F,09,06,59,70,F5,64,00,01,16,D0,27,10,FF,FF,10,0B,BC,07,83,8A,00,01,08,01,00,01,2F,EC,00,02,10,3B,00,0E,07,6A,00,10,02,D3,00,02,02,73,00,03,00,F4,04,23]"",""port"":3,""type"":1}",1557749672512
"{""bId"":""100bbc07838a"",""collectTime"":1557749677750,""pId"":""dde5925b03f22124"",""partProtectionParameter"":""[10,98,10,04,0C,80,00,08,0D,AC,00,14,00,08,00,3C,0B,B4,0D,AC,02,A3,00,24,0F,A0,00,10,17,68,1F,18,03,84,00,0C,03,52,04,1A,00,14,03,E8,01,90,00,0C,01,A4,00,96,00,14,00,C8,04,B0,00,04,04,4C,04,B0,00,04,04,4C,10,68,00,08,10,36,0D,7A,00,08,0D,AC,00,A0,00,04,00,78,0B,B8,00,10,0B,54,03,20,00,08,03,0C,03,B6,00,08,03,AC,01,AE,00,08,01,C2,00,FA,00,08,01,04,04,5E,1E,AE]"",""port"":3,""type"":2}",1557749677709
"{""bId"":""100bc28991b5"",""collectTime"":1557749682442,""pId"":""dde5925b03f22124"",""partDeviceInfo"":""[00,0A,0D,12,01,05,01,01,00,1F,00,00,02,70,24,48,CF,07,59,97,0C,42,00,01,16,D0,27,10,FF,FF,10,0B,C2,89,91,B5,00,00,9F,E1,00,00,C7,C2,00,02,10,3A,00,09,0F,AE,00,05,02,B6,00,02,02,68,00,02,01,4C,04,B8]"",""port"":8,""type"":1}",1557749682396
"{""bId"":""100bc28991b5"",""collectTime"":1557749687725,""pId"":""dde5925b03f22124"",""partProtectionParameter"":""[10,9C,10,04,0C,80,00,08,0D,AC,00,14,00,08,00,3C,0B,B2,0D,AC,02,A3,00,24,0F,A0,00,10,17,09,1E,9A,03,84,00,0C,03,52,04,1A,00,14,03,E8,01,90,00,0C,01,A4,00,96,00,14,00,C8,04,B0,00,04,04,4C,04,B0,00,04,04,4C,10,68,00,08,10,36,0D,7A,00,08,0D,AC,00,A0,00,04,00,78,0B,B8,00,10,0B,54,03,20,00,08,03,0C,03,B6,00,08,03,AC,01,AE,00,08,01,C2,00,FA,00,08,01,04,04,70,1E,A4]"",""port"":8,""type"":2}",1557749687694
"{""bId"":""100bbc07838a"",""collectTime"":1557749692602,""pId"":""dde5925b03f22124"",""partReadOnlyData"":""[00,00,FA,FF,FF,FF,FF,FF,40,08,03,E8,19,C9,75,30,02,A0,00,01,02,9C,00,03,10,20,00,05,10,1A,00,02,0B,B8,00,00,03,D4,00,0A,23,E4,23,E4,00,00,14,F5,00,00,00,00,00,00,00,00,00,00,00,00,02,9E,02,9E,02,9C,02,A1,02,A0,02,9D,10,1B,10,1A,10,1D,10,1F,10,20,10,1E,10,1B,10,1B,10,1E,10,1F,10,20,10,20,10,20,10,20,10,20,10,1F,00,00,FE,95,FF,D7,03,D2,0C,E8,00,02,00,00,19,F0,10,1F]"",""port"":3,""type"":3}",1557749692558
"{""bId"":""100bbd0ec44e"",""collectTime"":1557749702557,""pId"":""dde5925b03f22124"",""partReadOnlyData"":""[00,00,03,ED,FF,FF,FF,FF,40,08,03,E8,19,CD,75,30,02,BE,00,02,02,B8,00,01,10,24,00,0D,10,1A,00,01,0B,B8,00,00,03,C0,00,0A,24,7A,24,94,00,00,15,4D,00,00,00,00,00,00,00,00,00,00,00,00,02,B8,02,B8,02,BA,02,87,02,B8,02,BE,10,1A,10,1C,10,21,10,22,10,21,10,1E,10,20,10,1E,10,21,10,21,10,20,10,23,10,24,10,24,10,23,10,1E,00,00,00,8A,00,3C,03,82,0C,D3,00,01,00,00,19,F0,10,23]"",""port"":6,""type"":3}",1557749702529
"{""bId"":""100bbd0ec44e"",""collectTime"":1557749707446,""pId"":""dde5925b03f22124"",""partRunControlData"":""[00,80,00,00,00,00,00,00,00,00,00,00,00,00,00,00,00,00,00,00,00,00,00,00,00,00,00,00,00,00,00,00,00,00,00,00,00,00,19,05,13,20,37,40,00,00,00,00,00,00,00,00,00,00]"",""port"":6,""type"":4}",1557749707403
"{""bId"":""100bbce432af"",""collectTime"":1557749717403,""pId"":""dde5925b03f22124"",""partRunControlData"":""[00,80,00,00,00,00,00,00,00,00,00,00,00,00,00,00,00,00,00,00,00,00,00,00,00,00,00,00,00,00,00,00,00,00,00,00,00,00,19,05,13,20,20,09,00,00,00,00,00,00,00,00,00,00]"",""port"":7,""type"":4}",1557749717368
"{""bId"":""100bc28991b5"",""collectTime"":1557749727384,""pId"":""dde5925b03f22124"",""partRunControlData"":""[00,80,00,00,00,00,00,00,00,00,00,00,00,00,00,00,00,00,00,00,00,00,00,00,00,00,00,00,00,00,00,00,00,00,00,00,00,00,19,05,13,20,22,10,00,00,00,00,00,00,00,00,00,00]"",""port"":8,""type"":4}",1557749727367
