"{""bId"":""100000004004"",""collectTime"":1557214427795,""pId"":""af61f35a05f22124"",""partRunControlData"":""[00,00,00,00,00,00,00,00,00,00,00,00,00,00,00,00,00,00,00,00,00,00,00,00,00,00,00,00,00,00,00,00,00,00,00,00,00,00,19,05,07,15,40,44,00,00,00,00,00,00,00,00,00,00]"",""port"":3,""type"":4}",1557214431551
"{""bId"":""100bbd5d2242"",""collectTime"":1557214612531,""pId"":""dde5925b03f22124"",""partDeviceInfo"":""[00,0A,0D,12,01,05,01,01,00,1F,00,00,02,70,24,CB,70,03,59,97,0B,28,00,01,16,D0,27,10,FF,FF,10,0B,BD,5D,22,42,00,00,69,41,00,00,91,33,00,00,10,39,00,08,07,06,00,10,03,40,00,02,02,6E,00,02,02,C8,04,BD]"",""port"":1,""type"":1}",1557214612621
"{""bId"":""100bbce432af"",""collectTime"":1557214632592,""pId"":""dde5925b03f22124"",""partDeviceInfo"":""[00,0A,0D,12,01,05,01,02,00,1F,00,00,02,70,24,74,98,06,59,97,78,E4,00,01,16,D0,27,10,FF,FF,10,0B,BC,E4,32,AF,00,00,6B,A1,00,00,93,A0,00,02,10,39,00,10,0F,FA,00,05,02,B7,00,01,02,8C,00,03,00,EA,00,28]"",""port"":3,""type"":1}",1557214632680
"{""bId"":""100bbd075cab"",""collectTime"":1557214642603,""pId"":""dde5925b03f22124"",""partDeviceInfo"":""[00,0A,0D,12,01,05,01,01,00,1F,00,00,02,70,24,CB,70,03,59,97,76,F4,00,01,16,D0,27,10,FF,FF,10,0B,BD,07,5C,AB,00,00,77,41,00,00,9F,27,00,00,10,3B,00,0A,05,DB,00,10,03,14,00,02,02,6B,00,03,02,01,04,9A]"",""port"":5,""type"":1}",1557214642691
"{""bId"":""100bbd5d2242"",""collectTime"":1557214652956,""pId"":""dde5925b03f22124"",""partReadOnlyData"":""[00,00,05,50,FF,FF,FF,FF,00,0B,03,AC,19,D5,76,9D,02,B8,00,03,02,B1,00,01,10,2A,00,08,10,22,00,01,0B,B8,01,F4,03,AC,00,10,21,09,23,47,00,09,13,4A,00,00,00,00,00,00,00,00,00,00,00,00,02,B7,02,B7,02,B8,02,A4,02,B1,02,B7,10,22,10,24,10,24,10,28,10,24,10,26,10,27,10,2A,10,29,10,27,10,22,10,25,10,25,10,27,10,25,10,25,00,00,01,CA,00,8A,03,BE,0C,E1,00,01,0E,5C,19,F0,10,23]"",""port"":1,""type"":3}",1557214653039
"{""bId"":""100bbd5d2242"",""collectTime"":1557214657627,""pId"":""dde5925b03f22124"",""partRunControlData"":""[00,83,00,00,00,00,00,00,00,00,00,00,00,00,00,00,00,00,00,00,00,00,00,00,00,00,00,00,00,00,00,00,00,00,00,00,00,00,19,05,07,15,52,46,00,00,00,00,00,00,00,00,00,00]"",""port"":1,""type"":4}",1557214657710
"{""bId"":""1008f48eb596"",""collectTime"":1557214662703,""pId"":""dde5925b03f22124"",""partReadOnlyData"":""[00,00,28,AF,FF,FF,FF,FF,40,08,03,E8,19,CC,75,30,02,83,00,02,02,7F,00,01,10,23,00,10,10,1D,00,09,0B,B8,00,00,03,A2,00,0A,22,CA,22,CA,00,00,14,51,00,00,00,00,00,00,00,00,00,00,00,00,02,87,02,87,02,83,02,82,02,7F,02,83,10,20,10,20,10,20,10,20,10,21,10,20,10,1F,10,1E,10,1D,10,1F,10,20,10,21,10,1F,10,20,10,1F,10,23,00,00,FE,CA,00,00,04,12,0C,C9,00,01,00,00,19,F0,10,21]"",""port"":2,""type"":3}",1557214662789
"{""bId"":""100bbd075cab"",""collectTime"":1557214682927,""pId"":""dde5925b03f22124"",""partReadOnlyData"":""[00,00,03,D6,FF,FF,FF,FF,00,C8,03,DE,18,C5,75,30,02,91,00,02,02,8C,00,03,10,24,00,06,05,DB,00,10,00,00,00,00,00,00,00,0E,23,55,23,B1,FF,FF,14,A2,00,00,00,00,00,04,00,00,08,02,00,00,02,91,02,91,02,8C,02,8B,02,8D,02,91,10,20,10,1D,10,1D,10,23,10,20,10,24,10,20,10,1F,10,1E,10,22,10,1D,10,1B,10,20,10,1E,10,21,05,DB,00,00,00,6D,00,30,03,2E,0C,E3,00,02,00,00,19,F0,10,24]"",""port"":5,""type"":3}",1557214683019
"{""bId"":""100bbd075cab"",""collectTime"":1557214687810,""pId"":""dde5925b03f22124"",""partRunControlData"":""[00,00,00,00,00,00,00,00,00,00,00,00,00,00,00,00,00,00,00,00,00,00,00,00,00,00,00,00,00,00,00,00,00,00,00,00,00,00,19,05,07,15,43,03,00,00,00,00,00,00,00,00,00,00]"",""port"":5,""type"":4}",1557214687899
"{""bId"":""100000004003"",""collectTime"":1557214794641,""pId"":""af61f35a05f22124"",""partDeviceInfo"":""[00,09,1D,30,01,05,01,01,00,1A,00,00,01,DB,24,48,CF,07,59,97,1F,A0,00,03,12,CA,36,B0,FF,FF,10,00,00,00,40,03,00,00,62,01,00,00,89,ED,00,00,10,CC,00,04,0C,46,00,06,03,C9,00,01,02,40,00,02,0E,42,0D,51]"",""port"":6,""type"":1}",1557214798479
"{""bId"":""100000004003"",""collectTime"":1557214814990,""pId"":""af61f35a05f22124"",""partReadOnlyData"":""[00,00,00,1A,FF,FF,FF,FF,40,08,03,E8,14,F5,75,30,02,8C,00,01,02,89,00,02,10,26,00,02,10,17,00,0F,0B,B8,00,00,03,E8,00,0A,39,31,39,31,00,00,21,66,00,00,00,00,00,00,00,00,00,00,00,00,02,89,02,89,02,8F,02,8C,02,8C,02,89,10,21,10,26,10,23,10,25,10,22,10,1B,10,21,10,1F,FF,FF,10,1B,10,1E,10,20,10,1E,FF,FF,10,17,FF,FF,00,00,00,00,00,00,00,00,0C,DD,00,02,00,00,15,13,10,20]"",""port"":6,""type"":3}",1557214818753
"{""bId"":""100000004003"",""collectTime"":1557214819771,""pId"":""af61f35a05f22124"",""partRunControlData"":""[00,80,00,00,00,00,00,00,00,00,00,00,00,00,00,00,00,00,00,00,00,00,00,00,00,00,00,00,00,00,00,00,00,00,00,00,00,00,19,05,07,15,26,53,00,00,00,00,00,00,00,00,00,00]"",""port"":6,""type"":4}",1557214823508
"{""bId"":""100000004003"",""collectTime"":1557214799695,""pId"":""af61f35a05f22124"",""partProtectionParameter"":""[10,CC,10,04,0C,80,00,08,0D,AC,00,14,00,08,00,3C,0B,B2,0D,AC,04,B0,00,20,0F,A0,00,10,17,63,1F,11,03,84,00,14,03,52,04,1A,00,14,03,E8,01,90,00,14,01,A4,00,96,00,14,00,C8,04,B0,00,04,04,4C,04,B0,00,04,04,4C,10,68,00,08,10,36,0D,7A,00,08,0D,AC,03,E8,00,10,03,B6,0B,B8,00,10,0B,54,03,20,00,08,03,0C,03,B6,00,08,03,AC,01,AE,00,08,01,C2,00,FA,00,08,01,04,04,5F,1E,B2]"",""port"":6,""type"":2}",1557214803448
"{""bId"":""1008f48eb596"",""collectTime"":1557214982826,""pId"":""dde5925b03f22124"",""partDeviceInfo"":""[00,0A,0D,11,01,04,01,01,00,1F,00,00,02,70,24,48,CF,04,59,03,AA,AA,00,01,16,D0,27,10,FF,FF,10,08,F4,8E,B5,96,00,00,23,01,00,00,4A,F6,00,02,10,38,00,0C,0D,0A,00,10,03,1D,00,02,02,73,00,01,02,BE,06,E9]"",""port"":2,""type"":1}",1557214983030
"{""bId"":""100bbd5d2242"",""collectTime"":1557215012794,""pId"":""dde5925b03f22124"",""partReadOnlyData"":""[00,00,05,50,FF,FF,FF,FF,00,0B,03,CA,19,EA,76,1F,02,BA,00,03,02,B3,00,01,10,38,00,08,10,2F,00,01,0B,B8,00,E7,03,AC,00,10,22,2F,23,48,00,07,13,F6,00,00,00,00,00,00,00,00,00,00,00,00,02,B9,02,B9,02,BA,02,A6,02,B3,02,B9,10,2F,10,31,10,31,10,34,10,31,10,33,10,34,10,38,10,35,10,33,10,2F,10,31,10,32,10,33,10,31,10,35,00,00,01,B5,00,77,03,C6,0C,E3,00,01,09,3E,19,F0,10,2E]"",""port"":1,""type"":3}",1557215012890
"{""bId"":""100bbd075cab"",""collectTime"":1557215007908,""pId"":""dde5925b03f22124"",""partProtectionParameter"":""[10,9A,10,04,0C,80,00,08,0D,AC,00,14,00,08,00,3C,0B,B6,0D,AC,02,A3,00,24,0F,A0,00,10,17,68,1F,18,03,84,00,0C,03,52,04,1A,00,14,03,E8,01,90,00,0C,01,A4,00,96,00,14,00,C8,04,B0,00,04,04,4C,04,B0,00,04,04,4C,10,68,00,08,10,36,0D,7A,00,08,0D,AC,00,A0,00,04,00,78,0B,B8,00,10,0B,54,03,20,00,08,03,0C,03,B6,00,08,03,AC,01,AE,00,08,01,C2,00,FA,00,08,01,04,04,5E,0B,26]"",""port"":5,""type"":2}",1557215007991
"{""bId"":""100bbd5d2242"",""collectTime"":1557215017853,""pId"":""dde5925b03f22124"",""partRunControlData"":""[00,83,00,00,00,00,00,00,00,00,00,00,00,00,00,00,00,00,00,00,00,00,00,00,00,00,00,00,00,00,00,00,00,00,00,00,00,00,19,05,07,15,58,46,00,00,00,00,00,00,00,00,00,00]"",""port"":1,""type"":4}",1557215017952
"{""bId"":""1008f48eb596"",""collectTime"":1557215022956,""pId"":""dde5925b03f22124"",""partReadOnlyData"":""[00,00,28,AF,FF,FF,FF,FF,40,08,03,E8,19,CC,75,30,02,84,00,03,02,80,00,01,10,23,00,10,10,1D,00,09,0B,B8,00,00,03,A2,00,0A,22,CA,22,CA,00,00,14,51,00,00,00,00,00,00,00,00,00,00,00,00,02,87,02,87,02,84,02,82,02,80,02,83,10,20,10,20,10,20,10,20,10,20,10,20,10,1F,10,1E,10,1D,10,1F,10,1F,10,21,10,1F,10,20,10,1F,10,23,00,00,FE,C8,FF,FF,04,16,0C,C8,00,01,00,00,19,F0,10,21]"",""port"":2,""type"":3}",1557215023079
"{""bId"":""100bbce432af"",""collectTime"":1557215032712,""pId"":""dde5925b03f22124"",""partReadOnlyData"":""[00,00,03,33,FF,FF,FF,FF,40,08,03,DE,19,CE,75,30,02,93,00,02,02,91,00,03,10,27,00,10,10,1D,00,01,0B,B8,00,00,03,AC,00,0A,23,F5,24,52,FF,FF,14,FF,00,00,00,00,00,00,00,00,00,00,00,00,02,96,02,96,02,91,02,8C,02,92,02,93,10,1D,10,1E,10,20,10,20,10,1F,10,1F,10,20,10,21,10,20,10,21,10,1F,10,23,10,23,10,23,10,23,10,27,00,00,01,DE,00,5D,03,BD,0C,DD,00,01,00,00,19,F0,10,1E]"",""port"":3,""type"":3}",1557215032801
"{""bId"":""100bbd075cab"",""collectTime"":1557215042894,""pId"":""dde5925b03f22124"",""partReadOnlyData"":""[00,00,03,D6,FF,FF,FF,FF,00,C8,03,DE,18,C5,75,30,02,91,00,02,02,8C,00,03,10,24,00,06,05,DC,00,10,00,00,00,00,03,B6,00,0E,23,5B,23,B7,FF,FF,14,A5,00,00,00,00,00,04,00,00,08,02,00,00,02,91,02,91,02,8C,02,8B,02,8E,02,91,10,20,10,1E,10,1D,10,23,10,20,10,24,10,20,10,1F,10,1E,10,22,10,1D,10,1B,10,20,10,1D,10,21,05,DC,00,00,00,67,00,2C,03,36,0C,E5,00,02,00,00,19,F0,10,23]"",""port"":5,""type"":3}",1557215042983
"{""bId"":""1008f48eb596"",""collectTime"":1557215057767,""logIndex"":10415,""pId"":""dde5925b03f22124"",""partLog"":""[AF,28,00,00,18,10,29,11,56,44,40,00,00,00,7F,FF,FF,FF,01,00,08,03,C0,19,10,75,30,02,A3,00,02,02,9F,00,01,0F,AD,00,0E,0F,A7,00,0F,0B,B8,01,F4,03,A2,00,08,22,1D,23,8B,FF,FF,13,EC,00,00,00,00,00,00,00,00,00,00,00,00,02,A2,02,A2,02,A3,02,95,02,9F,02,A3,0F,A8,0F,AC,0F,AC,0F,A8,0F,AC,0F,AA,0F,AA,0F,AB,0F,AA,0F,A9,0F,A8,0F,AB,0F,AA,0F,AD,0F,A7,0F,A9,00,00,FE,BC,00,03,04,0D,00,00,00,FB,9F]"",""port"":2,""type"":5}",1557215057859
"{""list"":[{""content"":""[63,07,96,07,00,00,00,00,00,00,00,00,00,00,00,00,00,00,00,B6,07,C0,00,00,00,00,00,00,00,D6,07,00,00,00,00,00,00,00,00,C8,07,00,00,00,00,00,00,00,00,00,00,00,00,00,00,00,00,00,00,EC,07,00,00,00,00,10,00,00,00,00,00,00,00,00,00,00,00,00,00,00,00,00,00,00,00,00,00,00,00,00,00,00,00,00,00,00,00,00,00,00,00,00,00,00,00,00,00,00,00,00,00,00,00,00,00,00,00,00,00,00,00,00,00,00,00,00,00,00,00,00,00,00,00,00,00,00,00,00,00]"",""time"":1557215102976}],""pId"":""dde5925b03f22124"",""type"":6}",1557215103061
"{""bId"":""100000004004"",""collectTime"":1557215161576,""pId"":""af61f35a05f22124"",""partProtectionParameter"":""[10,C9,10,04,0C,80,00,08,0D,AC,00,14,00,08,00,3C,0B,B5,0D,AC,04,B0,00,20,0F,A0,00,10,17,89,1F,43,03,84,00,14,03,52,04,1A,00,14,03,E8,01,90,00,14,01,A4,00,96,00,14,00,C8,04,B0,00,04,04,4C,04,B0,00,04,04,4C,10,68,00,08,10,36,0D,7A,00,08,0D,AC,03,E8,00,10,03,B6,0B,B8,00,10,0B,54,03,20,00,08,03,0C,03,B6,00,08,03,AC,01,AE,00,08,01,C2,00,FA,00,08,01,04,04,58,1E,B2]"",""port"":3,""type"":2}",1557215165458
"{""list"":[{""content"":""[49,07,D5,07,00,00,00,00,00,00,00,00,00,00,00,00,00,00,00,00,00,00,00,00,00,00,00,00,00,00,00,00,00,00,00,00,00,00,00,00,00,00,00,00,00,00,00,00,00,00,00,00,00,00,00,00,00,00,00,00,00,00,00,00,00,00,00,00,00,00,00,00,00,00,00,00,00,00,00,00,00,00,00,00,00,00,00,00,00,00,00,00,00,00,00,00,00,00,00,00,00,00,00,00,00,00,00,00,00,00,00,00,00,00,00,00,00,00,00,00,00,00,00,00,00,00,00,00,00,00,00,00,00,00,00,00,00,00,00]"",""time"":1557193578203}],""pId"":""f533935b08f8c924"",""type"":6}",1557215206308
"{""bId"":""100bbd5d2242"",""collectTime"":1557215377892,""pId"":""dde5925b03f22124"",""partRunControlData"":""[00,83,00,00,00,00,00,00,00,00,00,00,00,00,00,00,00,00,00,00,00,00,00,00,00,00,00,00,00,00,00,00,00,00,00,00,00,00,19,05,07,16,04,46,00,00,00,00,00,00,00,00,00,00]"",""port"":1,""type"":4}",1557215377970
"{""bId"":""1008f48eb596"",""collectTime"":1557215382976,""pId"":""dde5925b03f22124"",""partReadOnlyData"":""[00,00,28,AF,FF,FF,FF,FF,40,08,03,E8,19,CC,75,30,02,85,00,03,02,80,00,01,10,24,00,10,10,1D,00,09,0B,B8,00,00,03,A2,00,0A,22,CA,22,CA,00,00,14,51,00,00,00,00,00,00,00,00,00,00,00,00,02,88,02,88,02,85,02,83,02,80,02,84,10,20,10,20,10,20,10,20,10,21,10,20,10,1F,10,1E,10,1D,10,1F,10,1F,10,21,10,1F,10,20,10,1F,10,24,00,00,FE,C4,00,01,04,12,0C,C9,00,01,00,00,19,F0,10,21]"",""port"":2,""type"":3}",1557215383060
"{""bId"":""1008f48eb596"",""collectTime"":1557215387686,""pId"":""dde5925b03f22124"",""partRunControlData"":""[00,80,00,00,00,00,00,00,00,00,00,00,00,00,00,00,00,00,00,00,00,00,00,00,00,00,00,00,00,00,00,00,00,00,00,00,00,00,19,05,07,15,57,04,00,00,00,00,00,00,00,00,00,00]"",""port"":2,""type"":4}",1557215387769
"{""bId"":""100bbce432af"",""collectTime"":1557215392775,""pId"":""dde5925b03f22124"",""partReadOnlyData"":""[00,00,03,33,FF,FF,FF,FF,40,08,03,DE,19,CE,75,30,02,93,00,02,02,91,00,03,10,27,00,10,10,1D,00,01,0B,B8,00,00,03,AC,00,0A,23,F5,24,52,FF,FF,14,FF,00,00,00,00,00,00,00,00,00,00,00,00,02,97,02,97,02,91,02,8C,02,92,02,93,10,1D,10,1F,10,20,10,20,10,1F,10,1F,10,20,10,21,10,20,10,21,10,1F,10,23,10,23,10,23,10,23,10,27,00,00,01,D4,00,65,03,B5,0C,DE,00,01,00,00,19,F0,10,1E]"",""port"":3,""type"":3}",1557215392859
"{""bId"":""100bbd075cab"",""collectTime"":1557215403173,""pId"":""dde5925b03f22124"",""partReadOnlyData"":""[00,00,03,D6,FF,FF,FF,FF,00,C8,03,DE,18,C4,75,30,02,91,00,02,02,8D,00,03,10,24,00,06,05,DC,00,10,00,00,00,00,03,B6,00,0E,23,5E,23,BA,FF,FF,14,A7,00,00,00,00,00,04,00,00,08,02,00,00,02,91,02,91,02,8D,02,8B,02,8E,02,91,10,20,10,1D,10,1D,10,23,10,20,10,24,10,20,10,1E,10,1D,10,22,10,1D,10,1B,10,20,10,1D,10,21,05,DC,00,00,00,65,00,27,03,30,0C,E3,00,02,00,00,19,F0,10,23]"",""port"":5,""type"":3}",1557215403260
"{""bId"":""100bbd075cab"",""collectTime"":1557215407844,""pId"":""dde5925b03f22124"",""partRunControlData"":""[00,00,00,00,00,00,00,00,00,00,00,00,00,00,00,00,00,00,00,00,00,00,00,00,00,00,00,00,00,00,00,00,00,00,00,00,00,00,19,05,07,15,55,04,00,00,00,00,00,00,00,00,00,00]"",""port"":5,""type"":4}",1557215407933
"{""bId"":""1008f48eb596"",""collectTime"":1557215418001,""logIndex"":10416,""pId"":""dde5925b03f22124"",""partLog"":""[B0,28,00,00,18,10,29,11,57,46,40,00,00,00,7F,FF,FF,FF,01,00,08,03,C0,19,0F,75,30,02,A2,00,02,02,9F,00,01,0F,AD,00,0E,0F,A7,00,0F,0B,B8,01,F4,03,A2,00,08,22,1C,23,8B,FF,FF,13,EB,00,00,00,00,00,00,00,00,00,00,00,00,02,A2,02,A2,02,A3,02,95,02,9F,02,A2,0F,A8,0F,AC,0F,AB,0F,A8,0F,AC,0F,AA,0F,AA,0F,AB,0F,AA,0F,A9,0F,A8,0F,AB,0F,AA,0F,AD,0F,A7,0F,A9,00,00,FE,BE,FF,FD,04,0F,00,00,00,CD,3C]"",""port"":2,""type"":5}",1557215418090
"{""bId"":""100000004003"",""collectTime"":1557215528824,""pId"":""af61f35a05f22124"",""partDeviceInfo"":""[00,09,1D,30,01,05,01,01,00,1A,00,00,01,DB,24,48,CF,07,59,97,1F,A0,00,03,12,CA,36,B0,FF,FF,10,00,00,00,40,03,00,00,62,01,00,00,89,F6,00,00,10,CC,00,04,0C,46,00,06,03,C9,00,01,02,40,00,02,0E,42,0D,51]"",""port"":6,""type"":1}",1557215532652
"{""list"":[{""content"":""[66,07,91,07,00,00,00,00,00,00,00,00,00,00,00,00,00,00,00,B8,07,C0,00,00,00,00,00,00,00,D6,07,00,00,00,00,00,00,00,00,C8,07,00,00,00,00,00,00,00,00,00,00,00,00,00,00,00,00,00,00,ED,07,00,00,00,00,10,00,00,00,00,00,00,00,00,00,00,00,00,00,00,00,00,00,00,00,00,00,00,00,00,00,00,00,00,00,00,00,00,00,00,00,00,00,00,00,00,00,00,00,00,00,00,00,00,00,00,00,00,00,00,00,00,00,00,00,00,00,00,00,00,00,00,00,00,00,00,00,00,00]"",""time"":1557215714233}],""pId"":""dde5925b03f22124"",""type"":6}",1557215714430
"{""bId"":""100bbd5d2242"",""collectTime"":1557215733275,""pId"":""dde5925b03f22124"",""partReadOnlyData"":""[00,00,05,50,FF,FF,FF,FF,00,0B,03,DE,19,E8,75,8A,02,BA,00,03,02,B3,00,01,10,36,00,08,10,2E,00,01,0B,B8,00,60,03,AC,00,10,23,30,23,8B,00,06,14,8C,00,00,00,00,00,00,00,00,00,00,00,00,02,BA,02,BA,02,BA,02,A6,02,B3,02,B9,10,2E,10,30,10,30,10,33,10,30,10,32,10,33,10,36,10,33,10,33,10,2E,10,30,10,31,10,33,10,30,10,33,00,00,01,C3,00,7D,03,BE,0C,DF,00,01,03,91,19,F0,10,2C]"",""port"":1,""type"":3}",1557215733360
"{""bId"":""100bbd5d2242"",""collectTime"":1557215737951,""pId"":""dde5925b03f22124"",""partRunControlData"":""[00,83,00,00,00,00,00,00,00,00,00,00,00,00,00,00,00,00,00,00,00,00,00,00,00,00,00,00,00,00,00,00,00,00,00,00,00,00,19,05,07,16,10,46,00,00,00,00,00,00,00,00,00,00]"",""port"":1,""type"":4}",1557215738040
"{""bId"":""1008f48eb596"",""collectTime"":1557215743053,""pId"":""dde5925b03f22124"",""partReadOnlyData"":""[00,00,28,AF,FF,FF,FF,FF,40,08,03,E8,19,CC,75,30,02,85,00,02,02,81,00,01,10,21,00,05,10,1D,00,09,0B,B8,00,00,03,A2,00,0A,22,CA,22,CA,00,00,14,51,00,00,00,00,00,00,00,00,00,00,00,00,02,89,02,89,02,85,02,83,02,81,02,85,10,20,10,20,10,20,10,20,10,21,10,20,10,1F,10,1E,10,1D,10,1F,10,20,10,21,10,1F,10,21,10,1F,10,21,00,00,FE,C6,FF,FD,04,12,0C,C8,00,01,00,00,19,F0,10,21]"",""port"":2,""type"":3}",1557215743140
"{""bId"":""1008f48eb596"",""collectTime"":1557215747942,""pId"":""dde5925b03f22124"",""partRunControlData"":""[00,80,00,00,00,00,00,00,00,00,00,00,00,00,00,00,00,00,00,00,00,00,00,00,00,00,00,00,00,00,00,00,00,00,00,00,00,00,19,05,07,16,03,05,00,00,00,00,00,00,00,00,00,00]"",""port"":2,""type"":4}",1557215748022
"{""bId"":""100bbce432af"",""collectTime"":1557215757957,""pId"":""dde5925b03f22124"",""partRunControlData"":""[00,00,00,00,00,00,00,00,00,00,00,00,00,00,00,00,00,00,00,00,00,00,00,00,00,00,00,00,00,00,00,00,00,00,00,00,00,00,19,05,07,16,00,48,00,00,00,00,00,00,00,00,00,00]"",""port"":3,""type"":4}",1557215758040
"{""bId"":""100bbd075cab"",""collectTime"":1557215767955,""pId"":""dde5925b03f22124"",""partRunControlData"":""[00,00,00,00,00,00,00,00,00,00,00,00,00,00,00,00,00,00,00,00,00,00,00,00,00,00,00,00,00,00,00,00,00,00,00,00,00,00,19,05,07,16,01,04,00,00,00,00,00,00,00,00,00,00]"",""port"":5,""type"":4}",1557215768040
"{""bId"":""100000004003"",""collectTime"":1557215911068,""pId"":""af61f35a05f22124"",""partReadOnlyData"":""[00,00,00,1A,FF,FF,FF,FF,40,08,03,E8,14,F5,75,30,02,8D,00,01,02,8A,00,02,10,26,00,02,10,16,00,0F,0B,B8,00,00,03,E8,00,0A,39,31,39,31,00,00,21,66,00,00,00,00,00,00,00,00,00,00,00,00,02,8B,02,8B,02,90,02,8D,02,8D,02,8A,10,21,10,26,10,24,10,24,10,21,10,1B,10,21,10,1F,FF,FF,10,1B,10,1E,10,20,10,1E,FF,FF,10,16,FF,FF,00,00,00,00,00,00,00,00,0C,DC,00,02,00,00,15,13,10,20]"",""port"":6,""type"":3}",1557215914859
"{""bId"":""100000004003"",""collectTime"":1557215915995,""pId"":""af61f35a05f22124"",""partRunControlData"":""[00,80,00,00,00,00,00,00,00,00,00,00,00,00,00,00,00,00,00,00,00,00,00,00,00,00,00,00,00,00,00,00,00,00,00,00,00,00,19,05,07,15,45,09,00,00,00,00,00,00,00,00,00,00]"",""port"":6,""type"":4}",1557215919730
"{""list"":[{""content"":""[B7,07,B5,07,00,00,00,00,00,00,00,00,00,00,00,00,00,00,00,00,00,00,00,00,00,00,00,00,00,00,00,00,00,00,00,00,00,00,00,C5,07,00,00,00,00,00,00,00,00,00,00,00,00,00,00,00,00,00,00,D5,06,00,00,00,00,00,00,00,00,EB,07,00,00,00,00,00,00,00,00,00,00,00,00,00,00,00,00,00,00,00,00,00,00,00,00,00,00,00,00,00,00,00,00,00,00,00,00,00,00,00,00,00,00,00,00,00,00,00,00,00,00,00,00,00,00,00,00,00,00,00,00,00,00,00,00,00,00,00,00]"",""time"":1557216015555}],""pId"":""af61f35a05f22124"",""type"":6}",1557216019368
"{""bId"":""100bbd075cab"",""collectTime"":1557216128290,""pId"":""dde5925b03f22124"",""partRunControlData"":""[00,00,00,00,00,00,00,00,00,00,00,00,00,00,00,00,00,00,00,00,00,00,00,00,00,00,00,00,00,00,00,00,00,00,00,00,00,00,19,05,07,16,07,04,00,00,00,00,00,00,00,00,00,00]"",""port"":5,""type"":4}",1557216128380
"{""bId"":""1008f48eb596"",""collectTime"":1557216138424,""logIndex"":10418,""pId"":""dde5925b03f22124"",""partLog"":""[B2,28,00,00,18,10,29,11,59,49,40,00,00,00,7F,FF,FF,FF,01,00,08,03,C0,19,10,75,30,02,A2,00,02,02,9F,00,01,0F,AD,00,0E,0F,A7,00,0F,0B,B8,01,F4,03,A2,00,08,22,18,23,8B,FF,FF,13,E9,00,00,00,00,00,00,00,00,00,00,00,00,02,A1,02,A1,02,A3,02,94,02,9F,02,A2,0F,A8,0F,AC,0F,AC,0F,A8,0F,AC,0F,AA,0F,AA,0F,AB,0F,AA,0F,A9,0F,A8,0F,AB,0F,AA,0F,AD,0F,A7,0F,A9,00,00,FE,BC,FF,F3,04,0D,00,00,00,B1,83]"",""port"":2,""type"":5}",1557216138509
"{""bId"":""100bbd5d2242"",""collectTime"":1557216224934,""pId"":""dde5925b03f22124"",""partDeviceInfo"":""[00,0A,0D,12,01,05,01,01,00,1F,00,00,02,70,24,CB,70,03,59,97,0B,28,00,01,16,D0,27,10,FF,FF,10,0B,BD,5D,22,42,00,00,69,41,00,00,91,33,00,00,10,39,00,08,07,06,00,10,03,40,00,02,02,6E,00,02,02,C8,04,BD]"",""port"":1,""type"":1}",1557216225126
"{""bId"":""100bbd5d2242"",""collectTime"":1557216229992,""pId"":""dde5925b03f22124"",""partProtectionParameter"":""[10,9C,10,04,0C,80,00,08,0D,AC,00,14,00,08,00,3C,0B,B2,0D,AC,02,A3,00,24,0F,A0,00,10,17,3E,1E,E0,03,84,00,0C,03,52,04,1A,00,14,03,E8,01,90,00,0C,01,A4,00,96,00,14,00,C8,04,B0,00,04,04,4C,04,B0,00,04,04,4C,10,68,00,08,10,36,0D,7A,00,08,0D,AC,00,A0,00,04,00,78,0B,B8,00,10,0B,54,03,20,00,08,03,0C,03,B6,00,08,03,AC,01,AE,00,08,01,C2,00,FA,00,08,01,04,04,66,1E,B0]"",""port"":1,""type"":2}",1557216230086
"{""bId"":""100bbd5d2242"",""collectTime"":1557216254928,""pId"":""dde5925b03f22124"",""partReadOnlyData"":""[00,00,05,50,FF,FF,FF,FF,00,0B,03,DE,19,E8,75,61,02,BA,00,03,02,B2,00,01,10,36,00,08,10,2E,00,01,0B,B8,00,39,03,AC,00,10,23,30,23,8B,00,0B,14,8C,00,00,00,00,00,00,00,00,00,00,00,00,02,BA,02,BA,02,BA,02,A6,02,B2,02,B8,10,2E,10,30,10,30,10,33,10,30,10,32,10,33,10,36,10,33,10,33,10,2E,10,30,10,30,10,32,10,30,10,32,00,00,01,BF,00,7E,03,C0,0C,E1,00,01,01,FB,19,F0,10,2B]"",""port"":1,""type"":3}",1557216255016
"{""bId"":""1008f48eb596"",""collectTime"":1557216264978,""pId"":""dde5925b03f22124"",""partReadOnlyData"":""[00,00,28,AF,FF,FF,FF,FF,40,08,03,E8,19,CC,75,30,02,86,00,03,02,81,00,01,10,24,00,10,10,1D,00,09,0B,B8,00,00,03,A2,00,0A,22,CA,22,CA,00,00,14,51,00,00,00,00,00,00,00,00,00,00,00,00,02,89,02,89,02,86,02,84,02,81,02,85,10,20,10,20,10,20,10,20,10,20,10,20,10,1F,10,1E,10,1D,10,1F,10,1F,10,20,10,1F,10,20,10,1F,10,24,00,00,FE,B8,00,1D,04,0D,0C,C9,00,01,00,00,19,F0,10,21]"",""port"":2,""type"":3}",1557216265076
"{""bId"":""1008f48eb596"",""collectTime"":1557216269707,""pId"":""dde5925b03f22124"",""partRunControlData"":""[00,80,00,00,00,00,00,00,00,00,00,00,00,00,00,00,00,00,00,00,00,00,00,00,00,00,00,00,00,00,00,00,00,00,00,00,00,00,19,05,07,16,11,46,00,00,00,00,00,00,00,00,00,00]"",""port"":2,""type"":4}",1557216269793
"{""bId"":""100bbce432af"",""collectTime"":1557216275070,""pId"":""dde5925b03f22124"",""partReadOnlyData"":""[00,00,03,33,FF,FF,FF,FF,40,08,03,DE,19,CD,75,30,02,93,00,02,02,92,00,01,10,26,00,10,10,1D,00,01,0B,B8,00,00,03,AC,00,0A,23,F5,24,52,FF,FF,14,FF,00,00,00,00,00,00,00,00,00,00,00,00,02,97,02,97,02,92,02,8C,02,92,02,93,10,1D,10,1E,10,20,10,20,10,1F,10,1F,10,1F,10,21,10,1F,10,21,10,1F,10,23,10,23,10,23,10,23,10,26,00,00,01,E0,00,5D,03,B7,0C,DC,00,01,00,00,19,F0,10,1E]"",""port"":3,""type"":3}",1557216275171
"{""bId"":""100bbce432af"",""collectTime"":1557216279852,""pId"":""dde5925b03f22124"",""partRunControlData"":""[00,00,00,00,00,00,00,00,00,00,00,00,00,00,00,00,00,00,00,00,00,00,00,00,00,00,00,00,00,00,00,00,00,00,00,00,00,00,19,05,07,16,09,30,00,00,00,00,00,00,00,00,00,00]"",""port"":3,""type"":4}",1557216279936
"{""bId"":""100000004003"",""collectTime"":1557216287845,""pId"":""af61f35a05f22124"",""partRunControlData"":""[00,80,00,00,00,00,00,00,00,00,00,00,00,00,00,00,00,00,00,00,00,00,00,00,00,00,00,00,00,00,00,00,00,00,00,00,00,00,19,05,07,15,51,21,00,00,00,00,00,00,00,00,00,00]"",""port"":6,""type"":4}",1557216291662
"{""bId"":""100bbd5d2242"",""collectTime"":1557214617677,""pId"":""dde5925b03f22124"",""partProtectionParameter"":""[10,9C,10,04,0C,80,00,08,0D,AC,00,14,00,08,00,3C,0B,B2,0D,AC,02,A3,00,24,0F,A0,00,10,17,3E,1E,E0,03,84,00,0C,03,52,04,1A,00,14,03,E8,01,90,00,0C,01,A4,00,96,00,14,00,C8,04,B0,00,04,04,4C,04,B0,00,04,04,4C,10,68,00,08,10,36,0D,7A,00,08,0D,AC,00,A0,00,04,00,78,0B,B8,00,10,0B,54,03,20,00,08,03,0C,03,B6,00,08,03,AC,01,AE,00,08,01,C2,00,FA,00,08,01,04,04,66,1E,B0]"",""port"":1,""type"":2}",1557214617761
"{""bId"":""1008f48eb596"",""collectTime"":1557214627687,""pId"":""dde5925b03f22124"",""partProtectionParameter"":""[10,97,10,04,0C,80,00,08,0D,AC,00,14,00,08,00,3C,0B,B3,0D,AC,02,A3,00,24,0F,A0,00,10,17,73,1F,26,03,84,00,0C,03,52,04,1A,00,14,03,E8,01,90,00,0C,01,A4,00,96,00,14,00,C8,04,B0,00,04,04,4C,04,B0,00,04,04,4C,10,68,00,08,10,36,0D,7A,00,08,0D,AC,00,A0,00,04,00,78,0B,B8,00,10,0B,54,03,20,00,08,03,0C,03,B6,00,08,03,AC,01,AE,00,08,01,C2,00,FA,00,08,01,04,04,5C,1E,DF]"",""port"":2,""type"":2}",1557214627780
"{""bId"":""100bbce432af"",""collectTime"":1557214637682,""pId"":""dde5925b03f22124"",""partProtectionParameter"":""[10,9A,10,04,0C,80,00,08,0D,AC,00,14,00,08,00,3C,0B,B6,0D,AC,02,A3,00,24,0F,A0,00,10,17,73,1F,26,03,84,00,0C,03,52,04,1A,00,14,03,E8,01,90,00,0C,01,A4,00,96,00,14,00,C8,04,B0,00,04,04,4C,04,B0,00,04,04,4C,10,68,00,08,10,36,0D,7A,00,08,0D,AC,00,A0,00,04,00,78,0B,B8,00,10,0B,54,03,20,00,08,03,0C,03,B6,00,08,03,AC,01,AE,00,08,01,C2,00,FA,00,08,01,04,04,5C,1E,A3]"",""port"":3,""type"":2}",1557214637769
"{""bId"":""1008f48eb596"",""collectTime"":1557214667636,""pId"":""dde5925b03f22124"",""partRunControlData"":""[00,80,00,00,00,00,00,00,00,00,00,00,00,00,00,00,00,00,00,00,00,00,00,00,00,00,00,00,00,00,00,00,00,00,00,00,00,00,19,05,07,15,45,04,00,00,00,00,00,00,00,00,00,00]"",""port"":2,""type"":4}",1557214667740
"{""bId"":""100bbce432af"",""collectTime"":1557214677631,""pId"":""dde5925b03f22124"",""partRunControlData"":""[00,00,00,00,00,00,00,00,00,00,00,00,00,00,00,00,00,00,00,00,00,00,00,00,00,00,00,00,00,00,00,00,00,00,00,00,00,00,19,05,07,15,42,47,00,00,00,00,00,00,00,00,00,00]"",""port"":3,""type"":4}",1557214677721
"{""bId"":""100000004004"",""collectTime"":1557215156376,""pId"":""af61f35a05f22124"",""partDeviceInfo"":""[00,09,1D,30,01,05,01,01,00,1A,00,00,01,DB,24,C9,F8,03,5A,9E,DB,92,00,03,12,CA,36,B0,FF,FF,10,00,00,00,40,04,00,00,00,01,00,00,0B,CB,00,01,10,38,00,07,0C,80,00,07,04,31,00,01,00,6F,00,01,02,BF,07,5E]"",""port"":3,""type"":1}",1557215160245
"{""bId"":""100000004004"",""collectTime"":1557215166853,""pId"":""af61f35a05f22124"",""partReadOnlyData"":""[00,00,00,15,FF,FF,FF,FF,00,18,03,16,13,A7,75,30,02,59,00,02,01,FA,00,01,0F,2E,00,05,0F,09,00,06,0B,B8,02,30,03,E8,00,02,2C,4C,38,87,FF,FF,19,DE,00,00,00,00,00,00,00,00,00,00,00,00,02,C2,02,C2,02,B9,02,A9,01,FA,02,59,0F,2A,0F,2A,0F,2A,0F,2A,0F,2E,0F,09,0F,09,0F,0B,FF,FF,0F,0B,0F,21,0F,21,0F,25,FF,FF,0F,24,FF,FF,14,0A,00,00,00,00,00,00,0C,DB,00,02,FF,EE,15,13,0F,28]"",""port"":3,""type"":3}",1557215170604
"{""bId"":""100000004004"",""collectTime"":1557215171621,""pId"":""af61f35a05f22124"",""partRunControlData"":""[00,84,00,00,00,00,00,00,00,00,00,00,00,00,00,00,00,00,00,00,00,00,00,00,00,00,00,00,00,00,00,00,00,00,00,00,00,00,19,05,07,15,53,07,00,00,00,00,00,00,00,00,00,00]"",""port"":3,""type"":4}",1557215175368
"{""list"":[{""content"":""[AF,07,B4,07,00,00,00,00,00,00,00,00,00,00,00,00,00,00,00,00,00,00,00,00,00,00,00,00,00,00,00,00,00,00,00,00,00,00,00,CB,07,00,00,00,00,00,00,00,00,00,00,00,00,00,00,00,00,00,00,D5,06,00,00,00,00,00,00,00,00,EA,07,00,00,00,00,00,00,00,00,00,00,00,00,00,00,00,00,00,00,00,00,00,00,00,00,00,00,00,00,00,00,00,00,00,00,00,00,00,00,00,00,00,00,00,00,00,00,00,00,00,00,00,00,00,00,00,00,00,00,00,00,00,00,00,00,00,00,00,00]"",""time"":1557215262042}],""pId"":""af61f35a05f22124"",""type"":6}",1557215265864
"{""bId"":""100bbd5d2242"",""collectTime"":1557215373010,""pId"":""dde5925b03f22124"",""partReadOnlyData"":""[00,00,05,50,FF,FF,FF,FF,00,0B,03,DE,19,E9,75,BE,02,BB,00,03,02,B3,00,01,10,37,00,08,10,2E,00,01,0B,B8,00,82,03,AC,00,10,22,DD,23,49,00,04,14,5C,00,00,00,00,00,00,00,00,00,00,00,00,02,B9,02,B9,02,BB,02,A6,02,B3,02,B9,10,2E,10,30,10,30,10,33,10,30,10,32,10,34,10,37,10,34,10,33,10,2E,10,30,10,31,10,33,10,30,10,33,00,00,01,C1,00,88,03,C2,0C,E2,00,01,05,98,19,F0,10,2C]"",""port"":1,""type"":3}",1557215373222
"{""bId"":""100bbce432af"",""collectTime"":1557215397677,""pId"":""dde5925b03f22124"",""partRunControlData"":""[00,00,00,00,00,00,00,00,00,00,00,00,00,00,00,00,00,00,00,00,00,00,00,00,00,00,00,00,00,00,00,00,00,00,00,00,00,00,19,05,07,15,54,47,00,00,00,00,00,00,00,00,00,00]"",""port"":3,""type"":4}",1557215397760
"{""bId"":""100000004003"",""collectTime"":1557215533901,""pId"":""af61f35a05f22124"",""partProtectionParameter"":""[10,CC,10,04,0C,80,00,08,0D,AC,00,14,00,08,00,3C,0B,B2,0D,AC,04,B0,00,20,0F,A0,00,10,17,63,1F,11,03,84,00,14,03,52,04,1A,00,14,03,E8,01,90,00,14,01,A4,00,96,00,14,00,C8,04,B0,00,04,04,4C,04,B0,00,04,04,4C,10,68,00,08,10,36,0D,7A,00,08,0D,AC,03,E8,00,10,03,B6,0B,B8,00,10,0B,54,03,20,00,08,03,0C,03,B6,00,08,03,AC,01,AE,00,08,01,C2,00,FA,00,08,01,04,04,5F,1E,B2]"",""port"":6,""type"":2}",1557215537661
"{""bId"":""100000004003"",""collectTime"":1557215539009,""pId"":""af61f35a05f22124"",""partReadOnlyData"":""[00,00,00,1A,FF,FF,FF,FF,40,08,03,E8,14,F5,75,30,02,8C,00,01,02,8A,00,02,10,26,00,02,10,16,00,0F,0B,B8,00,00,03,E8,00,0A,39,31,39,31,00,00,21,66,00,00,00,00,00,00,00,00,00,00,00,00,02,8A,02,8A,02,90,02,8D,02,8C,02,8A,10,21,10,26,10,23,10,25,10,21,10,1B,10,21,10,1F,FF,FF,10,1B,10,1E,10,20,10,1E,FF,FF,10,16,FF,FF,00,00,00,00,00,00,00,00,0C,DD,00,02,00,00,15,13,10,20]"",""port"":6,""type"":3}",1557215542761
"{""bId"":""100000004003"",""collectTime"":1557215543838,""pId"":""af61f35a05f22124"",""partRunControlData"":""[00,80,00,00,00,00,00,00,00,00,00,00,00,00,00,00,00,00,00,00,00,00,00,00,00,00,00,00,00,00,00,00,00,00,00,00,00,00,19,05,07,15,38,57,00,00,00,00,00,00,00,00,00,00]"",""port"":6,""type"":4}",1557215547598
"{""bId"":""100bbce432af"",""collectTime"":1557215753075,""pId"":""dde5925b03f22124"",""partReadOnlyData"":""[00,00,03,33,FF,FF,FF,FF,40,08,03,DE,19,CD,75,30,02,93,00,02,02,91,00,03,10,26,00,10,10,1D,00,01,0B,B8,00,00,03,AC,00,0A,23,F5,24,52,FF,FF,14,FF,00,00,00,00,00,00,00,00,00,00,00,00,02,97,02,97,02,91,02,8C,02,92,02,93,10,1D,10,1E,10,20,10,20,10,1F,10,1F,10,1F,10,21,10,1F,10,21,10,1F,10,23,10,23,10,23,10,23,10,26,00,00,01,DE,00,52,03,BB,0C,DD,00,01,00,00,19,F0,10,1E]"",""port"":3,""type"":3}",1557215753160
"{""bId"":""100bbd075cab"",""collectTime"":1557215763079,""pId"":""dde5925b03f22124"",""partReadOnlyData"":""[00,00,03,D6,FF,FF,FF,FF,00,C8,03,DE,18,C4,75,30,02,92,00,02,02,8D,00,03,10,23,00,04,05,DC,00,10,00,00,00,00,03,B6,00,0E,23,5E,23,BA,FF,FF,14,A7,00,00,00,00,00,04,00,00,08,02,00,00,02,91,02,91,02,8D,02,8B,02,8E,02,92,10,20,10,1D,10,1D,10,23,10,20,10,23,10,1F,10,1E,10,1D,10,22,10,1D,10,1B,10,20,10,1D,10,21,05,DC,00,00,00,6D,00,2E,03,2E,0C,E5,00,02,00,00,19,F0,10,23]"",""port"":5,""type"":3}",1557215763160
"{""bId"":""1008f48eb596"",""collectTime"":1557215778117,""logIndex"":10417,""pId"":""dde5925b03f22124"",""partLog"":""[B1,28,00,00,18,10,29,11,58,48,40,00,00,00,7F,FF,FF,FF,01,00,08,03,C0,19,10,75,30,02,A2,00,02,02,9F,00,01,0F,AD,00,0E,0F,A8,00,01,0B,B8,01,F4,03,A2,00,08,22,1B,23,8B,FF,FF,13,EA,00,00,00,00,00,00,00,00,00,00,00,00,02,A1,02,A1,02,A3,02,95,02,9F,02,A2,0F,A8,0F,AC,0F,AC,0F,A9,0F,AC,0F,AA,0F,AA,0F,AB,0F,AA,0F,A9,0F,A8,0F,AB,0F,AA,0F,AD,0F,A8,0F,A9,00,00,FE,C0,FF,F7,04,09,00,00,00,6B,28]"",""port"":2,""type"":5}",1557215778200
"{""list"":[{""content"":""[49,07,D6,07,00,00,00,00,00,00,00,00,00,00,00,00,00,00,00,00,00,00,00,00,00,00,00,00,00,00,00,00,00,00,00,00,00,00,00,00,00,00,00,00,00,00,00,00,00,00,00,00,00,00,00,00,00,00,00,00,00,00,00,00,00,00,00,00,00,00,00,00,00,00,00,00,00,00,00,00,00,00,00,00,00,00,00,00,00,00,00,00,00,00,00,00,00,00,00,00,00,00,00,00,00,00,00,00,00,00,00,00,00,00,00,00,00,00,00,00,00,00,00,00,00,00,00,00,00,00,00,00,00,00,00,00,00,00,00]"",""time"":1557194328125}],""pId"":""f533935b08f8c924"",""type"":6}",1557215956212
"{""bId"":""100bbd5d2242"",""collectTime"":1557216098256,""pId"":""dde5925b03f22124"",""partRunControlData"":""[00,83,00,00,00,00,00,00,00,00,00,00,00,00,00,00,00,00,00,00,00,00,00,00,00,00,00,00,00,00,00,00,00,00,00,00,00,00,19,05,07,16,16,46,00,00,00,00,00,00,00,00,00,00]"",""port"":1,""type"":4}",1557216098340
"{""bId"":""1008f48eb596"",""collectTime"":1557216103334,""pId"":""dde5925b03f22124"",""partReadOnlyData"":""[00,00,28,AF,FF,FF,FF,FF,40,08,03,E8,19,CC,75,30,02,86,00,03,02,81,00,01,10,23,00,10,10,1D,00,09,0B,B8,00,00,03,A2,00,0A,22,CA,22,CA,00,00,14,51,00,00,00,00,00,00,00,00,00,00,00,00,02,89,02,89,02,86,02,83,02,81,02,85,10,20,10,21,10,20,10,20,10,21,10,20,10,1F,10,1E,10,1D,10,1F,10,1F,10,21,10,1F,10,20,10,1F,10,23,00,00,FE,C8,00,03,04,11,0C,C8,00,01,00,00,19,F0,10,21]"",""port"":2,""type"":3}",1557216103431
"{""bId"":""100bbd5d2242"",""collectTime"":1557216093559,""pId"":""dde5925b03f22124"",""partReadOnlyData"":""[00,00,05,50,FF,FF,FF,FF,00,0B,03,DE,19,E8,75,6C,02,BA,00,03,02,B3,00,01,10,36,00,08,10,2E,00,01,0B,B8,00,3F,03,AC,00,10,23,30,23,8B,00,09,14,8C,00,00,00,00,00,00,00,00,00,00,00,00,02,BA,02,BA,02,BA,02,A6,02,B3,02,B9,10,2E,10,30,10,30,10,33,10,30,10,32,10,33,10,36,10,33,10,33,10,2E,10,30,10,31,10,32,10,30,10,32,00,00,01,B5,00,80,03,C2,0C,E0,00,01,02,60,19,F0,10,2B]"",""port"":1,""type"":3}",1557216093740
"{""bId"":""1008f48eb596"",""collectTime"":1557216108139,""pId"":""dde5925b03f22124"",""partRunControlData"":""[00,80,00,00,00,00,00,00,00,00,00,00,00,00,00,00,00,00,00,00,00,00,00,00,00,00,00,00,00,00,00,00,00,00,00,00,00,00,19,05,07,16,09,05,00,00,00,00,00,00,00,00,00,00]"",""port"":2,""type"":4}",1557216108230
"{""bId"":""100bbce432af"",""collectTime"":1557216113213,""pId"":""dde5925b03f22124"",""partReadOnlyData"":""[00,00,03,33,FF,FF,FF,FF,40,08,03,DE,19,CD,75,30,02,93,00,02,02,92,00,01,10,26,00,10,10,1D,00,01,0B,B8,00,00,03,AC,00,0A,23,F5,24,52,FF,FF,14,FF,00,00,00,00,00,00,00,00,00,00,00,00,02,97,02,97,02,92,02,8C,02,92,02,93,10,1D,10,1E,10,20,10,1F,10,1F,10,1F,10,1F,10,21,10,1F,10,21,10,1F,10,23,10,23,10,23,10,23,10,26,00,00,01,D4,00,59,03,C2,0C,DD,00,01,00,00,19,F0,10,1D]"",""port"":3,""type"":3}",1557216113290
"{""bId"":""100bbce432af"",""collectTime"":1557216118125,""pId"":""dde5925b03f22124"",""partRunControlData"":""[00,00,00,00,00,00,00,00,00,00,00,00,00,00,00,00,00,00,00,00,00,00,00,00,00,00,00,00,00,00,00,00,00,00,00,00,00,00,19,05,07,16,06,48,00,00,00,00,00,00,00,00,00,00]"",""port"":3,""type"":4}",1557216118220
"{""bId"":""100bbd075cab"",""collectTime"":1557216123206,""pId"":""dde5925b03f22124"",""partReadOnlyData"":""[00,00,03,D6,FF,FF,FF,FF,00,C8,03,DE,18,C4,75,30,02,92,00,02,02,8D,00,03,10,23,00,04,05,DC,00,10,00,00,00,00,03,B6,00,0E,23,5E,23,BA,FF,FF,14,A7,00,00,00,00,00,04,00,00,08,02,00,00,02,91,02,91,02,8D,02,8C,02,8E,02,92,10,20,10,1D,10,1D,10,23,10,20,10,23,10,1F,10,1E,10,1D,10,22,10,1C,10,1B,10,20,10,1D,10,21,05,DC,00,00,00,63,00,2A,03,34,0C,E5,00,02,00,00,19,F0,10,23]"",""port"":5,""type"":3}",1557216123300
"{""bId"":""1008f48eb596"",""collectTime"":1557216234722,""pId"":""dde5925b03f22124"",""partDeviceInfo"":""[00,0A,0D,11,01,04,01,01,00,1F,00,00,02,70,24,48,CF,04,59,03,AA,AA,00,01,16,D0,27,10,FF,FF,10,08,F4,8E,B5,96,00,00,23,01,00,00,4A,F6,00,02,10,38,00,0C,0D,0A,00,10,03,1D,00,02,02,73,00,01,02,BE,06,E9]"",""port"":2,""type"":1}",1557216234826
"{""bId"":""1008f48eb596"",""collectTime"":1557216239910,""pId"":""dde5925b03f22124"",""partProtectionParameter"":""[10,97,10,04,0C,80,00,08,0D,AC,00,14,00,08,00,3C,0B,B3,0D,AC,02,A3,00,24,0F,A0,00,10,17,73,1F,26,03,84,00,0C,03,52,04,1A,00,14,03,E8,01,90,00,0C,01,A4,00,96,00,14,00,C8,04,B0,00,04,04,4C,04,B0,00,04,04,4C,10,68,00,08,10,36,0D,7A,00,08,0D,AC,00,A0,00,04,00,78,0B,B8,00,10,0B,54,03,20,00,08,03,0C,03,B6,00,08,03,AC,01,AE,00,08,01,C2,00,FA,00,08,01,04,04,5C,1E,DF]"",""port"":2,""type"":2}",1557216239984
"{""bId"":""100bbce432af"",""collectTime"":1557216244847,""pId"":""dde5925b03f22124"",""partDeviceInfo"":""[00,0A,0D,12,01,05,01,02,00,1F,00,00,02,70,24,74,98,06,59,97,78,E4,00,01,16,D0,27,10,FF,FF,10,0B,BC,E4,32,AF,00,00,6B,A1,00,00,93,A0,00,02,10,39,00,10,0F,FA,00,05,02,B7,00,01,02,8C,00,03,00,EA,00,28]"",""port"":3,""type"":1}",1557216244926
"{""bId"":""100bbce432af"",""collectTime"":1557216249811,""pId"":""dde5925b03f22124"",""partProtectionParameter"":""[10,9A,10,04,0C,80,00,08,0D,AC,00,14,00,08,00,3C,0B,B6,0D,AC,02,A3,00,24,0F,A0,00,10,17,73,1F,26,03,84,00,0C,03,52,04,1A,00,14,03,E8,01,90,00,0C,01,A4,00,96,00,14,00,C8,04,B0,00,04,04,4C,04,B0,00,04,04,4C,10,68,00,08,10,36,0D,7A,00,08,0D,AC,00,A0,00,04,00,78,0B,B8,00,10,0B,54,03,20,00,08,03,0C,03,B6,00,08,03,AC,01,AE,00,08,01,C2,00,FA,00,08,01,04,04,5C,1E,A3]"",""port"":3,""type"":2}",1557216249906
"{""bId"":""100bbd075cab"",""collectTime"":1557212817491,""pId"":""dde5925b03f22124"",""partRunControlData"":""[00,00,00,00,00,00,00,00,00,00,00,00,00,00,00,00,00,00,00,00,00,00,00,00,00,00,00,00,00,00,00,00,00,00,00,00,00,00,19,05,07,15,11,53,00,00,00,00,00,00,00,00,00,00]"",""port"":4,""type"":4}",1557212817577
"{""bId"":""100000004003"",""collectTime"":1557212935680,""pId"":""af61f35a05f22124"",""partReadOnlyData"":""[00,00,00,1A,FF,FF,FF,FF,40,08,03,E8,14,F6,75,30,02,8A,00,01,02,87,00,02,10,26,00,02,10,17,00,0F,0B,B8,00,00,03,E8,00,0A,39,31,39,31,00,00,21,66,00,00,00,00,00,00,00,00,00,00,00,00,02,88,02,88,02,8D,02,8B,02,8A,02,87,10,21,10,26,10,24,10,25,10,22,10,1B,10,21,10,1F,FF,FF,10,1B,10,1E,10,21,10,1E,FF,FF,10,17,FF,FF,00,00,00,00,00,00,00,00,0C,DB,00,02,00,00,15,13,10,20]"",""port"":6,""type"":3}",1557212939499
"{""bId"":""100000004003"",""collectTime"":1557212940562,""pId"":""af61f35a05f22124"",""partRunControlData"":""[00,80,00,00,00,00,00,00,00,00,00,00,00,00,00,00,00,00,00,00,00,00,00,00,00,00,00,00,00,00,00,00,00,00,00,00,00,00,19,05,07,14,55,33,00,00,00,00,00,00,00,00,00,00]"",""port"":6,""type"":4}",1557212944344
"{""list"":[{""content"":""[4A,07,D5,07,00,00,00,00,00,00,00,00,00,00,00,00,00,00,00,00,00,00,00,00,00,00,00,00,00,00,00,00,00,00,00,00,00,00,00,00,00,00,00,00,00,00,00,00,00,00,00,00,00,00,00,00,00,00,00,00,00,00,00,00,00,00,00,00,00,00,00,00,00,00,00,00,00,00,00,00,00,00,00,00,00,00,00,00,00,00,00,00,00,00,00,00,00,00,00,00,00,00,00,00,00,00,00,00,00,00,00,00,00,00,00,00,00,00,00,00,00,00,00,00,00,00,00,00,00,00,00,00,00,00,00,00,00,00,00]"",""time"":1557191328106}],""pId"":""f533935b08f8c924"",""type"":6}",1557212956222
"{""bId"":""1008f48eb596"",""collectTime"":1557213193021,""logIndex"":10415,""pId"":""dde5925b03f22124"",""partLog"":""[AF,28,00,00,18,10,29,11,56,44,40,00,00,00,7F,FF,FF,FF,01,00,08,03,C0,19,10,75,30,02,A3,00,02,02,9F,00,01,0F,AD,00,0E,0F,A7,00,0F,0B,B8,01,F4,03,A2,00,08,22,1D,23,8B,FF,FF,13,EC,00,00,00,00,00,00,00,00,00,00,00,00,02,A2,02,A2,02,A3,02,95,02,9F,02,A3,0F,A8,0F,AC,0F,AC,0F,A8,0F,AC,0F,AA,0F,AA,0F,AB,0F,AA,0F,A9,0F,A8,0F,AB,0F,AA,0F,AD,0F,A7,0F,A9,00,00,FE,BC,00,03,04,0D,00,00,00,FB,9F]"",""port"":2,""type"":5}",1557213193127
"{""bId"":""100bbd5d2242"",""collectTime"":1557213517826,""pId"":""dde5925b03f22124"",""partRunControlData"":""[00,83,00,00,00,00,00,00,00,00,00,00,00,00,00,00,00,00,00,00,00,00,00,00,00,00,00,00,00,00,00,00,00,00,00,00,00,00,19,05,07,15,33,46,00,00,00,00,00,00,00,00,00,00]"",""port"":1,""type"":4}",1557213517915
"{""bId"":""1008f48eb596"",""collectTime"":1557213523025,""pId"":""dde5925b03f22124"",""partReadOnlyData"":""[00,00,28,AF,FF,FF,FF,FF,40,08,03,E8,19,CC,75,30,02,81,00,03,02,7E,00,01,10,22,00,10,10,1D,00,09,0B,B8,00,00,03,A2,00,0A,22,B7,22,B7,00,00,14,46,00,00,00,00,00,00,00,00,00,00,00,00,02,84,02,84,02,81,02,80,02,7E,02,80,10,20,10,21,10,20,10,20,10,21,10,20,10,20,10,1E,10,1D,10,1F,10,20,10,21,10,1F,10,20,10,1F,10,22,00,00,FE,C6,00,00,04,14,0C,C8,00,01,00,00,19,F0,10,22]"",""port"":2,""type"":3}",1557213523103
"{""bId"":""1008f48eb596"",""collectTime"":1557213527708,""pId"":""dde5925b03f22124"",""partRunControlData"":""[00,80,00,00,00,00,00,00,00,00,00,00,00,00,00,00,00,00,00,00,00,00,00,00,00,00,00,00,00,00,00,00,00,00,00,00,00,00,19,05,07,15,26,04,00,00,00,00,00,00,00,00,00,00]"",""port"":2,""type"":4}",1557213527801
"{""bId"":""100bbd075cab"",""collectTime"":1557213533212,""pId"":""dde5925b03f22124"",""partReadOnlyData"":""[00,00,03,D6,FF,FF,FF,FF,00,C8,03,DE,18,C5,75,30,02,8E,00,02,02,8A,00,03,10,24,00,06,05,DC,00,10,00,00,00,00,03,B6,00,0E,23,55,23,B1,FF,FF,14,A2,00,00,00,00,00,04,00,00,08,02,00,00,02,8E,02,8E,02,8A,02,89,02,8B,02,8E,10,20,10,1E,10,1D,10,23,10,20,10,24,10,20,10,1F,10,1E,10,22,10,1D,10,1B,10,20,10,1E,10,21,05,DC,00,00,00,71,00,2E,03,36,0C,E5,00,02,00,00,19,F0,10,24]"",""port"":4,""type"":3}",1557213533305
"{""bId"":""1008f48eb596"",""collectTime"":1557213552935,""logIndex"":10416,""pId"":""dde5925b03f22124"",""partLog"":""[B0,28,00,00,18,10,29,11,57,46,40,00,00,00,7F,FF,FF,FF,01,00,08,03,C0,19,0F,75,30,02,A2,00,02,02,9F,00,01,0F,AD,00,0E,0F,A7,00,0F,0B,B8,01,F4,03,A2,00,08,22,1C,23,8B,FF,FF,13,EB,00,00,00,00,00,00,00,00,00,00,00,00,02,A2,02,A2,02,A3,02,95,02,9F,02,A2,0F,A8,0F,AC,0F,AB,0F,A8,0F,AC,0F,AA,0F,AA,0F,AB,0F,AA,0F,A9,0F,A8,0F,AB,0F,AA,0F,AD,0F,A7,0F,A9,00,00,FE,BE,FF,FD,04,0F,00,00,00,CD,3C]"",""port"":2,""type"":5}",1557213553026
"{""bId"":""100000004003"",""collectTime"":1557213679085,""pId"":""af61f35a05f22124"",""partReadOnlyData"":""[00,00,00,1A,FF,FF,FF,FF,40,08,03,E8,14,F5,75,30,02,8B,00,01,02,88,00,02,10,26,00,02,10,16,00,0F,0B,B8,00,00,03,E8,00,0A,39,31,39,31,00,00,21,66,00,00,00,00,00,00,00,00,00,00,00,00,02,89,02,89,02,8E,02,8C,02,8B,02,88,10,21,10,26,10,24,10,25,10,22,10,1B,10,21,10,1F,FF,FF,10,1B,10,1E,10,20,10,1E,FF,FF,10,16,FF,FF,00,00,00,00,00,00,00,00,0C,DC,00,02,00,00,15,13,10,20]"",""port"":6,""type"":3}",1557213682903
"{""bId"":""100000004003"",""collectTime"":1557213683824,""pId"":""af61f35a05f22124"",""partRunControlData"":""[00,80,00,00,00,00,00,00,00,00,00,00,00,00,00,00,00,00,00,00,00,00,00,00,00,00,00,00,00,00,00,00,00,00,00,00,00,00,19,05,07,15,07,57,00,00,00,00,00,00,00,00,00,00]"",""port"":6,""type"":4}",1557213687594
"{""list"":[{""content"":""[6E,07,93,07,00,00,00,00,00,DD,07,00,00,00,00,00,00,00,00,B0,07,C0,00,00,00,00,00,00,00,DA,07,00,00,00,00,00,00,00,00,C9,07,00,00,00,00,00,00,00,00,E7,07,00,00,00,00,10,00,00,00,00,00,00,00,00,00,00,00,00,00,00,00,00,00,00,00,00,00,00,00,00,00,00,00,00,00,00,00,00,00,F0,07,00,00,00,00,00,00,00,00,00,00,00,00,00,00,00,00,00,00,00,00,00,00,00,00,00,00,00,00,00,00,00,00,00,00,00,00,00,00,00,00,00,00,00,00,00,00,00,00]"",""time"":1557213690329}],""pId"":""dde5925b03f22124"",""type"":6}",1557213690537
"{""list"":[{""content"":""[48,07,D6,07,00,00,00,00,00,00,00,00,00,00,00,00,00,00,00,00,00,00,00,00,00,00,00,00,00,00,00,00,00,00,00,00,00,00,00,00,00,00,00,00,00,00,00,00,00,00,00,00,00,00,00,00,00,00,00,00,00,00,00,00,00,00,00,00,00,00,00,00,00,00,00,00,00,00,00,00,00,00,00,00,00,00,00,00,00,00,00,00,00,00,00,00,00,00,00,00,00,00,00,00,00,00,00,00,00,00,00,00,00,00,00,00,00,00,00,00,00,00,00,00,00,00,00,00,00,00,00,00,00,00,00,00,00,00,00]"",""time"":1557192077982}],""pId"":""f533935b08f8c924"",""type"":6}",1557213706096
"{""bId"":""100bbce432af"",""collectTime"":1557213863209,""pId"":""dde5925b03f22124"",""partDeviceInfo"":""[00,0A,0D,12,01,05,01,02,00,1F,00,00,02,70,24,74,98,06,59,97,78,E4,00,01,16,D0,27,10,FF,FF,10,0B,BC,E4,32,AF,00,00,6B,A1,00,00,93,A0,00,02,10,39,00,10,0F,FA,00,05,02,B7,00,01,02,8C,00,03,00,EA,00,28]"",""port"":3,""type"":1}",1557213863416
"{""bId"":""100bbce432af"",""collectTime"":1557213898003,""pId"":""dde5925b03f22124"",""partRunControlData"":""[00,00,00,00,00,00,00,00,00,00,00,00,00,00,00,00,00,00,00,00,00,00,00,00,00,00,00,00,00,00,00,00,00,00,00,00,00,00,19,05,07,15,29,48,00,00,00,00,00,00,00,00,00,00]"",""port"":3,""type"":4}",1557213898086
"{""bId"":""1008f48eb596"",""collectTime"":1557213908255,""logIndex"":10417,""pId"":""dde5925b03f22124"",""partLog"":""[B1,28,00,00,18,10,29,11,58,48,40,00,00,00,7F,FF,FF,FF,01,00,08,03,C0,19,10,75,30,02,A2,00,02,02,9F,00,01,0F,AD,00,0E,0F,A8,00,01,0B,B8,01,F4,03,A2,00,08,22,1B,23,8B,FF,FF,13,EA,00,00,00,00,00,00,00,00,00,00,00,00,02,A1,02,A1,02,A3,02,95,02,9F,02,A2,0F,A8,0F,AC,0F,AC,0F,A9,0F,AC,0F,AA,0F,AA,0F,AB,0F,AA,0F,A9,0F,A8,0F,AB,0F,AA,0F,AD,0F,A8,0F,A9,00,00,FE,C0,FF,F7,04,09,00,00,00,6B,28]"",""port"":2,""type"":5}",1557213908366
"{""bId"":""100bbd075cab"",""collectTime"":1557214233095,""pId"":""dde5925b03f22124"",""partDeviceInfo"":""[00,0A,0D,12,01,05,01,01,00,1F,00,00,02,70,24,CB,70,03,59,97,76,F4,00,01,16,D0,27,10,FF,FF,10,0B,BD,07,5C,AB,00,00,77,21,00,00,9F,1B,00,00,10,3B,00,0A,05,DB,00,10,03,14,00,02,02,6B,00,03,02,01,04,9A]"",""port"":5,""type"":1}",1557214233276
"{""bId"":""100bbd075cab"",""collectTime"":1557214238365,""pId"":""dde5925b03f22124"",""partProtectionParameter"":""[10,9A,10,04,0C,80,00,08,0D,AC,00,14,00,08,00,3C,0B,B6,0D,AC,02,A3,00,24,0F,A0,00,10,17,68,1F,18,03,84,00,0C,03,52,04,1A,00,14,03,E8,01,90,00,0C,01,A4,00,96,00,14,00,C8,04,B0,00,04,04,4C,04,B0,00,04,04,4C,10,68,00,08,10,36,0D,7A,00,08,0D,AC,00,A0,00,04,00,78,0B,B8,00,10,0B,54,03,20,00,08,03,0C,03,B6,00,08,03,AC,01,AE,00,08,01,C2,00,FA,00,08,01,04,04,5E,0B,26]"",""port"":5,""type"":2}",1557214238455
