"{""bId"":""100bbd5d2242"",""collectTime"":1557646832675,""pId"":""6733935b06623c24"",""partDeviceInfo"":""[00,0A,0D,12,01,05,01,01,00,1F,00,00,02,70,24,CB,70,03,59,97,0B,28,00,01,16,D0,27,10,FF,FF,10,0B,BD,5D,22,42,00,00,72,61,00,00,9A,5B,00,02,10,39,00,08,07,06,00,10,03,40,00,02,02,6E,00,02,02,C8,04,BD]"",""port"":2,""type"":1}",1557646832719
"{""bId"":""100bbd5d2242"",""collectTime"":1557646837545,""pId"":""6733935b06623c24"",""partProtectionParameter"":""[10,9C,10,04,0C,80,00,08,0D,AC,00,14,00,08,00,3C,0B,B2,0D,AC,02,A3,00,24,0F,A0,00,10,17,3E,1E,E0,03,84,00,0C,03,52,04,1A,00,14,03,E8,01,90,00,0C,01,A4,00,96,00,14,00,C8,04,B0,00,04,04,4C,04,B0,00,04,04,4C,10,68,00,08,10,36,0D,7A,00,08,0D,AC,00,A0,00,04,00,78,0B,B8,00,10,0B,54,03,20,00,08,03,0C,03,B6,00,08,03,AC,01,AE,00,08,01,C2,00,FA,00,08,01,04,04,66,1E,B0]"",""port"":2,""type"":2}",1557646837564
"{""bId"":""100bbd5d2242"",""collectTime"":1557646842574,""pId"":""6733935b06623c24"",""partReadOnlyData"":""[00,00,05,50,FF,FF,FF,FF,40,08,03,DE,19,A6,75,30,02,AF,00,03,02,AD,00,01,10,0C,00,08,10,02,00,10,0B,B8,01,D6,03,AC,00,10,23,34,23,9D,FF,FF,14,8F,00,00,00,00,00,00,00,00,00,00,00,00,02,B3,02,B3,02,AF,02,AA,02,AD,02,AE,10,05,10,07,10,08,10,0A,10,07,10,09,10,0B,10,0C,10,09,10,0A,10,05,10,07,10,08,10,0A,10,08,10,02,00,00,01,C7,00,80,03,C2,0C,DD,00,01,00,00,19,F0,10,01]"",""port"":2,""type"":3}",1557646842595
"{""bId"":""100bbd5d2242"",""collectTime"":1557646847429,""pId"":""6733935b06623c24"",""partRunControlData"":""[00,00,00,00,00,00,00,00,00,00,00,00,00,00,00,00,00,00,00,00,00,00,00,00,00,00,00,00,00,00,00,00,00,00,00,00,00,00,19,05,12,15,56,03,00,00,00,00,00,00,00,00,00,00]"",""port"":2,""type"":4}",1557646847457
"{""bId"":""1008f48eb596"",""collectTime"":1557646913339,""pId"":""3134ae5b08987424"",""partReadOnlyData"":""[00,00,29,FF,FF,FF,FF,FF,40,08,03,DE,19,AE,75,30,02,B4,00,02,02,AF,00,01,10,0E,00,02,10,0A,00,10,0B,B8,01,C2,03,A2,00,0A,23,1B,23,1B,00,00,14,80,00,00,00,00,00,00,00,00,00,00,00,00,02,BD,02,BD,02,B3,02,AC,02,AF,02,B4,10,0D,10,0E,10,0E,10,0D,10,0E,10,0E,10,0D,10,0C,10,0B,10,0C,10,0D,10,0D,10,0C,10,0E,10,0C,10,0A,00,00,FE,D6,FF,B0,FC,4F,0C,C6,00,01,00,00,19,F0,10,0D]"",""port"":10,""type"":3}",1557646914130
"{""bId"":""1008f48eb596"",""collectTime"":1557646918442,""pId"":""3134ae5b08987424"",""partRunControlData"":""[00,80,00,00,00,00,00,00,00,00,00,00,00,00,00,00,00,00,00,00,00,00,00,00,00,00,00,00,00,00,00,00,00,00,00,00,00,00,19,05,12,15,49,20,00,00,00,00,00,00,00,00,00,00]"",""port"":10,""type"":4}",1557646919104
"{""bId"":""1008f48eb596"",""collectTime"":1557646923461,""logIndex"":10758,""pId"":""3134ae5b08987424"",""partLog"":""[06,2A,00,00,18,10,29,17,33,01,40,00,00,00,7F,FF,FF,FF,01,00,08,03,C0,19,0E,75,30,02,9E,00,02,02,9B,00,01,0F,AC,00,0E,0F,A5,00,0F,0B,B8,01,F4,03,A2,00,08,22,0D,23,87,FF,FF,13,E2,00,00,00,00,00,00,00,00,00,00,00,00,02,A0,02,A0,02,9E,02,98,02,9B,02,9E,0F,A7,0F,AA,0F,AA,0F,A7,0F,AA,0F,A9,0F,A9,0F,AA,0F,A9,0F,A8,0F,A7,0F,AA,0F,A8,0F,AC,0F,A5,0F,A9,00,00,FE,C4,00,01,04,0F,00,00,00,E0,FF]"",""port"":10,""type"":5}",1557646924134
"{""bId"":""100bbc07838a"",""collectTime"":1557646982843,""pId"":""dde5925b03f22124"",""partRunControlData"":""[00,83,00,00,00,00,00,00,00,00,00,00,00,00,00,00,00,00,00,00,00,00,00,00,00,00,00,00,00,00,00,00,00,00,00,00,00,00,19,05,12,15,54,13,00,00,00,00,00,00,00,00,00,00]"",""port"":0,""type"":4}",1557646982996
"{""bId"":""100bbce432af"",""collectTime"":1557646987898,""pId"":""dde5925b03f22124"",""partReadOnlyData"":""[00,00,03,33,FF,FF,FF,FF,40,08,03,DE,19,C7,75,30,02,B3,00,02,02,B1,00,01,10,21,00,0F,10,1A,00,01,0B,B8,00,00,03,AC,00,0A,24,09,24,67,00,00,15,0B,00,00,00,00,00,00,00,00,00,00,00,00,02,B7,02,B7,02,B1,02,AC,02,B1,02,B3,10,1A,10,1B,10,1D,10,1C,10,1B,10,1B,10,1C,10,1D,10,1C,10,1D,10,1C,10,20,10,20,10,20,10,21,10,1B,00,00,01,E2,FF,F3,FB,F3,0C,D9,00,01,00,00,19,F0,10,1A]"",""port"":7,""type"":3}",1557646987934
"{""bId"":""100bbd8e0213"",""collectTime"":1557647002703,""pId"":""dde5925b03f22124"",""partRunControlData"":""[00,80,00,00,00,00,00,00,00,00,00,00,00,00,00,00,00,00,00,00,00,00,00,00,00,00,00,00,00,00,00,00,00,00,00,00,00,00,19,05,12,15,53,45,00,00,00,00,00,00,00,00,00,00]"",""port"":8,""type"":4}",1557647002734
"{""list"":[{""content"":""[59,07,36,07,00,00,00,00,00,00,00,00,00,00,00,00,00,00,00,00,00,00,00,00,00,00,00,00,00,00,00,00,00,00,00,00,00,00,00,00,00,00,00,00,00,00,00,00,00,00,00,00,00,00,00,00,00,00,00,E7,07,00,00,00,00,00,00,00,00,D4,07,00,00,00,00,00,00,00,00,00,00,00,00,00,00,00,00,00,00,00,00,00,00,00,00,00,00,00,00,00,00,00,00,00,00,00,00,00,00,00,00,00,00,00,00,00,00,00,00,00,00,00,00,00,00,00,00,00,00,00,00,00,00,00,00,00,00,00,00]"",""time"":1557585823075}],""pId"":""af61f35a05f22124"",""type"":6}",1557647044611
"{""bId"":""100bbd5d2242"",""collectTime"":1557647202774,""pId"":""6733935b06623c24"",""partReadOnlyData"":""[00,00,05,50,FF,FF,FF,FF,40,08,03,DE,19,A6,75,30,02,B0,00,03,02,AD,00,01,10,0C,00,08,10,03,00,10,0B,B8,01,D6,03,AC,00,10,23,34,23,9F,FF,FF,14,8F,00,00,00,00,00,00,00,00,00,00,00,00,02,B5,02,B5,02,B0,02,AA,02,AD,02,AE,10,05,10,07,10,07,10,0A,10,07,10,09,10,0A,10,0C,10,09,10,0A,10,05,10,07,10,08,10,09,10,08,10,03,00,00,01,C5,00,7D,03,C0,0C,DB,00,01,00,00,19,F0,10,01]"",""port"":2,""type"":3}",1557647202814
"{""bId"":""100bbd5d2242"",""collectTime"":1557647207647,""pId"":""6733935b06623c24"",""partRunControlData"":""[00,00,00,00,00,00,00,00,00,00,00,00,00,00,00,00,00,00,00,00,00,00,00,00,00,00,00,00,00,00,00,00,00,00,00,00,00,00,19,05,12,16,02,03,00,00,00,00,00,00,00,00,00,00]"",""port"":2,""type"":4}",1557647207657
"{""bId"":""1008f48eb596"",""collectTime"":1557647285550,""pId"":""3134ae5b08987424"",""partReadOnlyData"":""[00,00,29,FF,FF,FF,FF,FF,40,08,03,DE,19,AD,75,30,02,B4,00,02,02,AF,00,01,10,0E,00,02,10,09,00,10,0B,B8,01,C2,03,A2,00,0A,23,1B,23,1B,00,00,14,80,00,00,00,00,00,00,00,00,00,00,00,00,02,BD,02,BD,02,B3,02,AC,02,AF,02,B4,10,0D,10,0E,10,0E,10,0D,10,0E,10,0E,10,0D,10,0C,10,0B,10,0C,10,0C,10,0E,10,0C,10,0E,10,0C,10,09,00,00,FE,D0,FF,AE,FC,53,0C,C4,00,01,00,00,19,F0,10,0D]"",""port"":10,""type"":3}",1557647286312
"{""bId"":""1008f48eb596"",""collectTime"":1557647290289,""pId"":""3134ae5b08987424"",""partRunControlData"":""[00,80,00,00,00,00,00,00,00,00,00,00,00,00,00,00,00,00,00,00,00,00,00,00,00,00,00,00,00,00,00,00,00,00,00,00,00,00,19,05,12,15,55,32,00,00,00,00,00,00,00,00,00,00]"",""port"":10,""type"":4}",1557647290941
"{""bId"":""1008f48eb596"",""collectTime"":1557647295493,""logIndex"":10759,""pId"":""3134ae5b08987424"",""partLog"":""[07,2A,00,00,18,10,29,17,34,03,40,00,00,00,7F,FF,FF,FF,01,00,08,03,C0,19,0E,75,30,02,9E,00,02,02,9B,00,01,0F,AC,00,0E,0F,A5,00,0F,0B,B8,01,F4,03,A2,00,08,22,0D,23,87,FF,FF,13,E2,00,00,00,00,00,00,00,00,00,00,00,00,02,A0,02,A0,02,9F,02,98,02,9B,02,9E,0F,A7,0F,AB,0F,AA,0F,A7,0F,AB,0F,A8,0F,A9,0F,AA,0F,A9,0F,A7,0F,A7,0F,AA,0F,A8,0F,AC,0F,A5,0F,AA,00,00,FE,C2,FF,F5,04,11,00,00,00,FD,81]"",""port"":10,""type"":5}",1557647296157
"{""bId"":""100bbc07838a"",""collectTime"":1557647337986,""pId"":""dde5925b03f22124"",""partReadOnlyData"":""[00,00,FA,FF,FF,FF,FF,FF,40,08,03,E8,19,CB,75,30,02,B4,00,01,02,B2,00,03,10,21,00,05,10,1B,00,02,0B,B8,00,00,03,D4,00,0A,24,09,24,09,00,00,15,0B,00,00,00,00,00,00,00,00,00,00,00,00,02,B8,02,B8,02,B2,02,B3,02,B4,02,B4,10,1C,10,1B,10,1E,10,20,10,21,10,20,10,1C,10,1D,10,20,10,20,10,21,10,21,10,21,10,21,10,21,10,1C,00,00,FE,86,FF,D6,03,D4,0C,E5,00,02,00,00,19,F0,10,20]"",""port"":0,""type"":3}",1557647338144
"{""bId"":""100bbc07838a"",""collectTime"":1557647342870,""pId"":""dde5925b03f22124"",""partRunControlData"":""[00,80,00,00,00,00,00,00,00,00,00,00,00,00,00,00,00,00,00,00,00,00,00,00,00,00,00,00,00,00,00,00,00,00,00,00,00,00,19,05,12,16,00,13,00,00,00,00,00,00,00,00,00,00]"",""port"":0,""type"":4}",1557647342904
"{""bId"":""100bbce432af"",""collectTime"":1557647348330,""pId"":""dde5925b03f22124"",""partReadOnlyData"":""[00,00,03,33,FF,FF,FF,FF,40,08,03,DE,19,C7,75,30,02,B4,00,02,02,B1,00,01,10,20,00,0C,10,19,00,01,0B,B8,00,00,03,AC,00,0A,24,0B,24,69,00,00,15,0C,00,00,00,00,00,00,00,00,00,00,00,00,02,B8,02,B8,02,B1,02,AC,02,B1,02,B4,10,19,10,1B,10,1D,10,1C,10,1B,10,1B,10,1C,10,1D,10,1C,10,1E,10,1C,10,20,10,20,10,20,10,20,10,1A,00,00,01,EA,FF,E7,FB,F3,0C,D8,00,01,00,00,19,F0,10,1A]"",""port"":7,""type"":3}",1557647348364
"{""bId"":""100bbce432af"",""collectTime"":1557647352808,""pId"":""dde5925b03f22124"",""partRunControlData"":""[00,80,00,00,00,00,00,00,00,00,00,00,00,00,00,00,00,00,00,00,00,00,00,00,00,00,00,00,00,00,00,00,00,00,00,00,00,00,19,05,12,15,54,04,00,00,00,00,00,00,00,00,00,00]"",""port"":7,""type"":4}",1557647352835
"{""bId"":""100bbd8e0213"",""collectTime"":1557647358269,""pId"":""dde5925b03f22124"",""partReadOnlyData"":""[00,01,FF,29,FF,FF,FF,FF,40,08,03,E8,19,C4,75,30,02,B6,00,02,02,AF,00,01,10,1D,00,0F,10,18,00,02,0B,B8,00,00,03,98,00,0B,26,3A,26,82,00,00,16,53,00,00,00,00,00,00,00,00,00,00,00,00,02,B1,02,B1,02,B1,02,25,02,AF,02,B6,10,19,10,18,10,19,10,1B,10,1B,10,18,10,1B,10,1B,10,1B,10,1C,10,1B,10,1A,10,1C,10,1B,10,1D,10,1A,00,00,FF,4D,00,32,FC,1A,0C,DB,00,01,00,00,19,F0,10,1E]"",""port"":8,""type"":3}",1557647358305
"{""bId"":""100bbd8e0213"",""collectTime"":1557647362961,""pId"":""dde5925b03f22124"",""partRunControlData"":""[00,80,00,00,00,00,00,00,00,00,00,00,00,00,00,00,00,00,00,00,00,00,00,00,00,00,00,00,00,00,00,00,00,00,00,00,00,00,19,05,12,15,59,46,00,00,00,00,00,00,00,00,00,00]"",""port"":8,""type"":4}",1557647362984
"{""list"":[{""content"":""[ED,06,53,07,00,00,00,00,00,00,00,00,00,00,00,00,00,00,00,00,00,00,00,00,00,00,00,00,00,00,00,00,00,00,00,00,00,00,00,00,00,00,00,00,00,00,00,00,00,00,00,00,00,00,00,00,00,00,00,00,00,00,00,00,00,00,00,00,00,00,00,00,00,00,00,00,00,00,00,00,00,00,00,00,00,00,00,00,00,00,00,02,B5,02,B5,02,B0,02,AA,00,00,00,00,00,00,00,00,00,00,00,00,00,00,00,00,00,00,00,00,00,00,00,00,00,00,00,00,00,00,00,00,00,00,00,00,00,00,00,00]"",""time"":1557647390379}],""pId"":""6733935b06623c24"",""type"":6}",1557647390406
"{""bId"":""1008f48eb596"",""collectTime"":1557647656683,""pId"":""3134ae5b08987424"",""partReadOnlyData"":""[00,00,29,FF,FF,FF,FF,FF,40,08,03,DE,19,AE,75,30,02,B4,00,02,02,AF,00,01,10,0E,00,02,10,0B,00,09,0B,B8,01,C2,03,A2,00,0A,23,1B,23,1B,00,00,14,80,00,00,00,00,00,00,00,00,00,00,00,00,02,BD,02,BD,02,B3,02,AC,02,AF,02,B4,10,0D,10,0E,10,0E,10,0D,10,0E,10,0E,10,0D,10,0C,10,0B,10,0C,10,0C,10,0E,10,0C,10,0E,10,0C,10,0B,00,00,FE,C8,FF,B0,FC,5B,0C,C7,00,01,00,00,19,F0,10,0D]"",""port"":10,""type"":3}",1557647657485
"{""bId"":""1008f48eb596"",""collectTime"":1557647661552,""pId"":""3134ae5b08987424"",""partRunControlData"":""[00,80,00,00,00,00,00,00,00,00,00,00,00,00,00,00,00,00,00,00,00,00,00,00,00,00,00,00,00,00,00,00,00,00,00,00,00,00,19,05,12,16,01,44,00,00,00,00,00,00,00,00,00,00]"",""port"":10,""type"":4}",1557647662219
"{""list"":[{""content"":""[57,07,3E,07,00,00,00,00,00,00,00,00,00,00,00,00,00,00,00,00,00,00,00,00,00,00,00,00,00,00,00,00,00,00,00,00,00,00,00,00,00,00,00,00,00,00,00,00,00,00,00,00,00,00,00,00,00,00,00,E7,07,00,00,00,00,00,00,00,00,D4,07,00,00,00,00,00,00,00,00,00,00,00,00,00,00,00,00,00,00,00,00,00,00,00,00,00,00,00,00,00,00,00,00,00,00,00,00,00,00,00,00,00,00,00,00,00,00,00,00,00,00,00,00,00,00,00,00,00,00,00,00,00,00,00,00,00,00,00,00]"",""time"":1557586574946}],""pId"":""af61f35a05f22124"",""type"":6}",1557647796464
"{""bId"":""100bbd5d2242"",""collectTime"":1557647922855,""pId"":""6733935b06623c24"",""partReadOnlyData"":""[00,00,05,50,FF,FF,FF,FF,40,08,03,DE,19,A6,75,30,02,B0,00,03,02,AD,00,01,10,0C,00,08,10,02,00,10,0B,B8,01,D6,03,AC,00,10,23,34,23,9F,FF,FF,14,8F,00,00,00,00,00,00,00,00,00,00,00,00,02,B6,02,B6,02,B0,02,AB,02,AD,02,AE,10,05,10,07,10,07,10,0A,10,07,10,09,10,0A,10,0C,10,09,10,0A,10,05,10,07,10,08,10,09,10,08,10,02,00,00,01,C1,00,82,03,C8,0C,DC,00,01,00,00,19,F0,10,01]"",""port"":2,""type"":3}",1557647922872
"{""bId"":""100bbd5d2242"",""collectTime"":1557647927530,""pId"":""6733935b06623c24"",""partRunControlData"":""[00,00,00,00,00,00,00,00,00,00,00,00,00,00,00,00,00,00,00,00,00,00,00,00,00,00,00,00,00,00,00,00,00,00,00,00,00,00,19,05,12,16,14,03,00,00,00,00,00,00,00,00,00,00]"",""port"":2,""type"":4}",1557647927546
"{""bId"":""1008f48eb596"",""collectTime"":1557648028212,""pId"":""3134ae5b08987424"",""partReadOnlyData"":""[00,00,2A,08,FF,FF,FF,FF,40,08,03,DE,19,AE,75,30,02,B4,00,02,02,AF,00,01,10,0E,00,01,10,0A,00,10,0B,B8,01,C2,03,A2,00,0A,23,1B,23,1B,00,00,14,80,00,00,00,00,00,00,00,00,00,00,00,00,02,BD,02,BD,02,B3,02,AC,02,AF,02,B4,10,0E,10,0E,10,0E,10,0E,10,0E,10,0E,10,0D,10,0C,10,0B,10,0C,10,0C,10,0E,10,0C,10,0E,10,0C,10,0A,00,00,FE,CA,FF,B4,FC,5F,0C,C5,00,01,00,00,19,F0,10,0D]"",""port"":10,""type"":3}",1557648028993
"{""bId"":""100bbc07838a"",""collectTime"":1557648058099,""pId"":""dde5925b03f22124"",""partReadOnlyData"":""[00,00,FA,FF,FF,FF,FF,FF,40,08,03,E8,19,CA,75,30,02,B4,00,01,02,B2,00,03,10,21,00,0B,10,1B,00,01,0B,B8,00,00,03,D4,00,0A,24,13,24,13,00,00,15,11,00,00,00,00,00,00,00,00,00,00,00,00,02,B7,02,B7,02,B2,02,B3,02,B4,02,B4,10,1B,10,1B,10,1D,10,20,10,20,10,1F,10,1C,10,1C,10,1F,10,20,10,21,10,21,10,20,10,21,10,20,10,1D,00,00,FE,8B,FF,D6,03,CA,0C,E6,00,02,00,00,19,F0,10,1F]"",""port"":0,""type"":3}",1557648058254
"{""bId"":""1008f48eb596"",""collectTime"":1557648032908,""pId"":""3134ae5b08987424"",""partRunControlData"":""[00,80,00,00,00,00,00,00,00,00,00,00,00,00,00,00,00,00,00,00,00,00,00,00,00,00,00,00,00,00,00,00,00,00,00,00,00,00,19,05,12,16,07,55,00,00,00,00,00,00,00,00,00,00]"",""port"":10,""type"":4}",1557648033574
"{""bId"":""1008f48eb596"",""collectTime"":1557648038212,""logIndex"":10760,""pId"":""3134ae5b08987424"",""partLog"":""[08,2A,00,00,18,10,29,17,35,04,40,00,00,00,7F,FF,FF,FF,01,00,08,03,C0,19,0E,75,30,02,9E,00,02,02,9B,00,01,0F,AC,00,0E,0F,A5,00,0F,0B,B8,01,F4,03,A2,00,08,22,0D,23,87,FF,FF,13,E2,00,00,00,00,00,00,00,00,00,00,00,00,02,A0,02,A0,02,9F,02,98,02,9B,02,9E,0F,A7,0F,AB,0F,AA,0F,A7,0F,AA,0F,A9,0F,A9,0F,AA,0F,A9,0F,A8,0F,A7,0F,AA,0F,A8,0F,AC,0F,A5,0F,A9,00,00,FE,BC,FF,F7,04,09,00,00,00,03,2E]"",""port"":10,""type"":5}",1557648038874
"{""bId"":""100bbc07838a"",""collectTime"":1557648063215,""pId"":""dde5925b03f22124"",""partRunControlData"":""[00,80,00,00,00,00,00,00,00,00,00,00,00,00,00,00,00,00,00,00,00,00,00,00,00,00,00,00,00,00,00,00,00,00,00,00,00,00,19,05,12,16,12,14,00,00,00,00,00,00,00,00,00,00]"",""port"":0,""type"":4}",1557648063246
"{""bId"":""100bbd8e0213"",""collectTime"":1557648078215,""pId"":""dde5925b03f22124"",""partReadOnlyData"":""[00,01,FF,29,FF,FF,FF,FF,40,08,03,E8,19,C3,75,30,02,B6,00,02,02,AF,00,01,10,1D,00,0F,10,17,00,02,0B,B8,00,00,03,98,00,0B,26,3B,26,82,00,00,16,53,00,00,00,00,00,00,00,00,00,00,00,00,02,B1,02,B1,02,B1,02,25,02,AF,02,B6,10,18,10,17,10,19,10,1B,10,1B,10,18,10,1B,10,1B,10,1A,10,1C,10,1C,10,1A,10,1C,10,1B,10,1D,10,19,00,00,FF,49,00,2E,FC,20,0C,DA,00,01,00,00,19,F0,10,1D]"",""port"":8,""type"":3}",1557648078245
"{""bId"":""100bbd8e0213"",""collectTime"":1557648083103,""pId"":""dde5925b03f22124"",""partRunControlData"":""[00,80,00,00,00,00,00,00,00,00,00,00,00,00,00,00,00,00,00,00,00,00,00,00,00,00,00,00,00,00,00,00,00,00,00,00,00,00,19,05,12,16,11,46,00,00,00,00,00,00,00,00,00,00]"",""port"":8,""type"":4}",1557648083136
"{""bId"":""100bbd5d2242"",""collectTime"":1557648283144,""pId"":""6733935b06623c24"",""partReadOnlyData"":""[00,00,05,50,FF,FF,FF,FF,40,08,03,DE,19,A6,75,30,02,B0,00,03,02,AD,00,01,10,0C,00,08,10,02,00,10,0B,B8,01,D6,03,AC,00,10,23,34,23,9F,FF,FF,14,8F,00,00,00,00,00,00,00,00,00,00,00,00,02,B6,02,B6,02,B0,02,AA,02,AD,02,AE,10,05,10,06,10,07,10,0A,10,07,10,09,10,0A,10,0C,10,09,10,0A,10,05,10,07,10,08,10,09,10,08,10,02,00,00,01,C7,00,80,03,C0,0C,DB,00,01,00,00,19,F0,10,01]"",""port"":2,""type"":3}",1557648283151
"{""bId"":""100bbd8e0213"",""collectTime"":1557648443106,""pId"":""dde5925b03f22124"",""partRunControlData"":""[00,80,00,00,00,00,00,00,00,00,00,00,00,00,00,00,00,00,00,00,00,00,00,00,00,00,00,00,00,00,00,00,00,00,00,00,00,00,19,05,12,16,17,46,00,00,00,00,00,00,00,00,00,00]"",""port"":8,""type"":4}",1557648443135
"{""bId"":""100bbce432af"",""collectTime"":1557646992787,""pId"":""dde5925b03f22124"",""partRunControlData"":""[00,80,00,00,00,00,00,00,00,00,00,00,00,00,00,00,00,00,00,00,00,00,00,00,00,00,00,00,00,00,00,00,00,00,00,00,00,00,19,05,12,15,48,04,00,00,00,00,00,00,00,00,00,00]"",""port"":7,""type"":4}",1557646992817
"{""bId"":""100bbd8e0213"",""collectTime"":1557646998037,""pId"":""dde5925b03f22124"",""partReadOnlyData"":""[00,01,FF,29,FF,FF,FF,FF,40,08,03,E8,19,C4,75,30,02,B6,00,02,02,AF,00,01,10,1D,00,0F,10,18,00,02,0B,B8,00,00,03,98,00,0B,26,3A,26,82,00,00,16,53,00,00,00,00,00,00,00,00,00,00,00,00,02,B1,02,B1,02,B1,02,26,02,AF,02,B6,10,19,10,18,10,19,10,1B,10,1B,10,18,10,1B,10,1B,10,1B,10,1C,10,1C,10,1A,10,1C,10,1B,10,1D,10,1B,00,00,FF,55,00,32,FC,20,0C,DB,00,01,00,00,19,F0,10,1E]"",""port"":8,""type"":3}",1557646998065
"{""list"":[{""content"":""[2C,07,17,07,00,00,00,00,00,5B,07,00,00,00,00,00,00,00,00,00,00,00,00,00,00,00,00,00,00,00,00,00,00,00,00,00,00,00,00,00,00,00,00,00,00,00,00,00,00,00,00,00,00,00,00,00,00,00,00,00,00,00,00,00,00,00,00,00,00,00,00,00,00,00,00,00,00,00,00,77,07,00,00,00,00,00,00,00,00,79,07,00,00,00,00,00,00,00,00,00,00,00,00,00,00,00,00,00,00,00,00,00,00,00,00,00,00,00,00,00,00,00,00,00,00,00,00,00,00,00,00,00,00,00,00,00,00,00,00]"",""time"":1557647147066}],""pId"":""dde5925b03f22124"",""type"":6}",1557647147226
"{""bId"":""100bbd5d2242"",""collectTime"":1557647562680,""pId"":""6733935b06623c24"",""partReadOnlyData"":""[00,00,05,50,FF,FF,FF,FF,40,08,03,DE,19,A6,75,30,02,B0,00,03,02,AD,00,01,10,0C,00,08,10,03,00,10,0B,B8,01,D6,03,AC,00,10,23,34,23,9F,FF,FF,14,8F,00,00,00,00,00,00,00,00,00,00,00,00,02,B6,02,B6,02,B0,02,AA,02,AD,02,AE,10,05,10,07,10,07,10,0A,10,07,10,09,10,0A,10,0C,10,09,10,0A,10,05,10,07,10,08,10,09,10,08,10,03,00,00,01,C7,00,7D,03,B9,0C,DD,00,01,00,00,19,F0,10,01]"",""port"":2,""type"":3}",1557647562725
"{""bId"":""100bbd5d2242"",""collectTime"":1557647567548,""pId"":""6733935b06623c24"",""partRunControlData"":""[00,00,00,00,00,00,00,00,00,00,00,00,00,00,00,00,00,00,00,00,00,00,00,00,00,00,00,00,00,00,00,00,00,00,00,00,00,00,19,05,12,16,08,03,00,00,00,00,00,00,00,00,00,00]"",""port"":2,""type"":4}",1557647567554
"{""bId"":""100bbc07838a"",""collectTime"":1557647698286,""pId"":""dde5925b03f22124"",""partReadOnlyData"":""[00,00,FA,FF,FF,FF,FF,FF,40,08,03,E8,19,CA,75,30,02,B4,00,01,02,B2,00,03,10,21,00,0B,10,1B,00,01,0B,B8,00,00,03,D4,00,0A,24,09,24,09,00,00,15,0B,00,00,00,00,00,00,00,00,00,00,00,00,02,B7,02,B7,02,B2,02,B3,02,B4,02,B4,10,1B,10,1B,10,1D,10,20,10,20,10,1F,10,1C,10,1C,10,1F,10,20,10,21,10,21,10,20,10,21,10,20,10,1D,00,00,FE,84,FF,D4,03,D4,0C,E6,00,02,00,00,19,F0,10,1F]"",""port"":0,""type"":3}",1557647698433
"{""bId"":""100bbc07838a"",""collectTime"":1557647703072,""pId"":""dde5925b03f22124"",""partRunControlData"":""[00,80,00,00,00,00,00,00,00,00,00,00,00,00,00,00,00,00,00,00,00,00,00,00,00,00,00,00,00,00,00,00,00,00,00,00,00,00,19,05,12,16,06,13,00,00,00,00,00,00,00,00,00,00]"",""port"":0,""type"":4}",1557647703103
"{""bId"":""100bbce432af"",""collectTime"":1557647708140,""pId"":""dde5925b03f22124"",""partReadOnlyData"":""[00,00,03,33,FF,FF,FF,FF,40,08,03,DE,19,C7,75,30,02,B4,00,02,02,B1,00,01,10,20,00,0C,10,19,00,01,0B,B8,00,00,03,AC,00,0A,24,0B,24,69,00,00,15,0C,00,00,00,00,00,00,00,00,00,00,00,00,02,B8,02,B8,02,B1,02,AC,02,B1,02,B4,10,19,10,1B,10,1D,10,1C,10,1B,10,1B,10,1C,10,1D,10,1C,10,1E,10,1C,10,20,10,20,10,20,10,20,10,1B,00,00,01,E2,FF,ED,FB,EF,0C,D9,00,01,00,00,19,F0,10,1A]"",""port"":7,""type"":3}",1557647708163
"{""bId"":""100bbce432af"",""collectTime"":1557647712989,""pId"":""dde5925b03f22124"",""partRunControlData"":""[00,80,00,00,00,00,00,00,00,00,00,00,00,00,00,00,00,00,00,00,00,00,00,00,00,00,00,00,00,00,00,00,00,00,00,00,00,00,19,05,12,16,00,04,00,00,00,00,00,00,00,00,00,00]"",""port"":7,""type"":4}",1557647713013
"{""bId"":""100bbd8e0213"",""collectTime"":1557647718040,""pId"":""dde5925b03f22124"",""partReadOnlyData"":""[00,01,FF,29,FF,FF,FF,FF,40,08,03,E8,19,C3,75,30,02,B6,00,02,02,AF,00,01,10,1D,00,0F,10,17,00,02,0B,B8,00,00,03,98,00,0B,26,3A,26,82,00,00,16,53,00,00,00,00,00,00,00,00,00,00,00,00,02,B2,02,B2,02,B1,02,26,02,AF,02,B6,10,18,10,17,10,19,10,1B,10,1B,10,18,10,1B,10,1B,10,1B,10,1C,10,1C,10,1A,10,1C,10,1B,10,1D,10,19,00,00,FF,51,00,2E,FC,1C,0C,DA,00,01,00,00,19,F0,10,1E]"",""port"":8,""type"":3}",1557647718063
"{""bId"":""100bbd8e0213"",""collectTime"":1557647722908,""pId"":""dde5925b03f22124"",""partRunControlData"":""[00,80,00,00,00,00,00,00,00,00,00,00,00,00,00,00,00,00,00,00,00,00,00,00,00,00,00,00,00,00,00,00,00,00,00,00,00,00,19,05,12,16,05,46,00,00,00,00,00,00,00,00,00,00]"",""port"":8,""type"":4}",1557647722939
"{""list"":[{""content"":""[2B,07,15,07,00,00,00,00,00,5A,07,00,00,00,00,00,00,00,00,00,00,00,00,00,00,00,00,00,00,00,00,00,00,00,00,00,00,00,00,00,00,00,00,00,00,00,00,00,00,00,00,00,00,00,00,00,00,00,00,00,00,00,00,00,00,00,00,00,00,00,00,00,00,00,00,00,00,00,00,7B,07,00,00,00,00,00,00,00,00,78,07,00,00,00,00,00,00,00,00,00,00,00,00,00,00,00,00,00,00,00,00,00,00,00,00,00,00,00,00,00,00,00,00,00,00,00,00,00,00,00,00,00,00,00,00,00,00,00,00]"",""time"":1557647794598}],""pId"":""dde5925b03f22124"",""type"":6}",1557647794745
"{""bId"":""100bbce432af"",""collectTime"":1557648068469,""pId"":""dde5925b03f22124"",""partReadOnlyData"":""[00,00,03,33,FF,FF,FF,FF,40,08,03,DE,19,C7,75,30,02,B4,00,02,02,B1,00,03,10,20,00,0C,10,19,00,01,0B,B8,00,00,03,AC,00,0A,24,0B,24,69,00,00,15,0C,00,00,00,00,00,00,00,00,00,00,00,00,02,B7,02,B7,02,B1,02,AC,02,B2,02,B4,10,19,10,1B,10,1D,10,1C,10,1B,10,1B,10,1C,10,1D,10,1B,10,1D,10,1C,10,20,10,20,10,20,10,20,10,1B,00,00,01,EA,FF,E9,FB,F5,0C,D9,00,01,00,00,19,F0,10,1A]"",""port"":7,""type"":3}",1557648068504
"{""bId"":""100bbce432af"",""collectTime"":1557648072956,""pId"":""dde5925b03f22124"",""partRunControlData"":""[00,80,00,00,00,00,00,00,00,00,00,00,00,00,00,00,00,00,00,00,00,00,00,00,00,00,00,00,00,00,00,00,00,00,00,00,00,00,19,05,12,16,06,04,00,00,00,00,00,00,00,00,00,00]"",""port"":7,""type"":4}",1557648072985
"{""list"":[1,2,3,5,6,8,9,11,12,13],""pId"":""af61f35a05f22124"",""type"":8}",1557648112579
"{""list"":[{""content"":""[F1,06,54,07,00,00,00,00,00,00,00,00,00,00,00,00,00,00,00,00,00,00,00,00,00,00,00,00,00,00,00,00,00,00,00,00,00,00,00,00,00,00,00,00,00,00,00,00,00,00,00,00,00,00,00,00,00,00,00,00,00,00,00,00,00,00,00,00,00,00,00,00,00,00,00,00,00,00,00,00,00,00,00,00,00,00,00,00,00,00,00,02,B6,02,B6,02,B0,02,AB,00,00,00,00,00,00,00,00,00,00,00,00,00,00,00,00,00,00,00,00,00,00,00,00,00,00,00,00,00,00,00,00,00,00,00,00,00,00,00,00]"",""time"":1557648134060}],""pId"":""6733935b06623c24"",""type"":6}",1557648134067
"{""bId"":""100bbd5d2242"",""collectTime"":1557648287773,""pId"":""6733935b06623c24"",""partRunControlData"":""[00,00,00,00,00,00,00,00,00,00,00,00,00,00,00,00,00,00,00,00,00,00,00,00,00,00,00,00,00,00,00,00,00,00,00,00,00,00,19,05,12,16,20,03,00,00,00,00,00,00,00,00,00,00]"",""port"":2,""type"":4}",1557648287774
"{""bId"":""1008f48eb596"",""collectTime"":1557648399904,""pId"":""3134ae5b08987424"",""partReadOnlyData"":""[00,00,2A,08,FF,FF,FF,FF,40,08,03,DE,19,AE,75,30,02,B4,00,02,02,AF,00,01,10,0E,00,01,10,0B,00,08,0B,B8,01,C2,03,A2,00,0A,23,19,23,19,00,00,14,7F,00,00,00,00,00,00,00,00,00,00,00,00,02,BD,02,BD,02,B3,02,AC,02,AF,02,B4,10,0E,10,0E,10,0E,10,0E,10,0E,10,0D,10,0D,10,0B,10,0B,10,0C,10,0C,10,0E,10,0C,10,0E,10,0C,10,0B,00,00,FE,C8,FF,B2,FC,5F,0C,C6,00,01,00,00,19,F0,10,0D]"",""port"":10,""type"":3}",1557648400690
"{""bId"":""1008f48eb596"",""collectTime"":1557648405001,""pId"":""3134ae5b08987424"",""partRunControlData"":""[00,80,00,00,00,00,00,00,00,00,00,00,00,00,00,00,00,00,00,00,00,00,00,00,00,00,00,00,00,00,00,00,00,00,00,00,00,00,19,05,12,16,14,07,00,00,00,00,00,00,00,00,00,00]"",""port"":10,""type"":4}",1557648405650
"{""bId"":""1008f48eb596"",""collectTime"":1557648410135,""logIndex"":10761,""pId"":""3134ae5b08987424"",""partLog"":""[09,2A,00,00,18,10,29,17,36,06,40,00,00,00,7F,FF,FF,FF,01,00,08,03,C0,19,0E,75,30,02,9E,00,02,02,9B,00,01,0F,AC,00,0E,0F,A5,00,0F,0B,B8,01,F4,03,A2,00,08,22,0D,23,87,FF,FF,13,E2,00,00,00,00,00,00,00,00,00,00,00,00,02,A0,02,A0,02,9F,02,98,02,9B,02,9E,0F,A7,0F,AB,0F,AA,0F,A7,0F,AB,0F,A8,0F,A9,0F,AA,0F,A9,0F,A7,0F,A7,0F,AA,0F,A8,0F,AC,0F,A5,0F,AA,00,00,FE,C2,FF,FF,04,05,00,00,00,D8,70]"",""port"":10,""type"":5}",1557648410801
"{""bId"":""100bbc07838a"",""collectTime"":1557648418336,""pId"":""dde5925b03f22124"",""partReadOnlyData"":""[00,00,FA,FF,FF,FF,FF,FF,40,08,03,E8,19,CA,75,30,02,B5,00,02,02,B2,00,03,10,21,00,0C,10,1A,00,02,0B,B8,00,00,03,D4,00,0A,24,13,24,13,00,00,15,11,00,00,00,00,00,00,00,00,00,00,00,00,02,B7,02,B7,02,B2,02,B3,02,B4,02,B5,10,1B,10,1A,10,1D,10,20,10,20,10,1F,10,1C,10,1C,10,1F,10,20,10,20,10,21,10,20,10,21,10,20,10,1C,00,00,FE,88,FF,CE,03,D2,0C,E5,00,02,00,00,19,F0,10,1F]"",""port"":0,""type"":3}",1557648418476
"{""bId"":""100bbc07838a"",""collectTime"":1557648423236,""pId"":""dde5925b03f22124"",""partRunControlData"":""[00,80,00,00,00,00,00,00,00,00,00,00,00,00,00,00,00,00,00,00,00,00,00,00,00,00,00,00,00,00,00,00,00,00,00,00,00,00,19,05,12,16,18,14,00,00,00,00,00,00,00,00,00,00]"",""port"":0,""type"":4}",1557648423264
"{""bId"":""100bbce432af"",""collectTime"":1557648428480,""pId"":""dde5925b03f22124"",""partReadOnlyData"":""[00,00,03,33,FF,FF,FF,FF,40,08,03,DE,19,C7,75,30,02,B4,00,02,02,B1,00,03,10,20,00,0C,10,19,00,01,0B,B8,00,00,03,AC,00,0A,24,0B,24,69,00,00,15,0C,00,00,00,00,00,00,00,00,00,00,00,00,02,B7,02,B7,02,B1,02,AC,02,B2,02,B4,10,19,10,1B,10,1D,10,1C,10,1B,10,1B,10,1C,10,1D,10,1C,10,1D,10,1C,10,20,10,20,10,20,10,20,10,1C,00,00,01,E4,FF,ED,FB,F7,0C,D9,00,01,00,00,19,F0,10,19]"",""port"":7,""type"":3}",1557648428514
"{""bId"":""100bbce432af"",""collectTime"":1557648433371,""pId"":""dde5925b03f22124"",""partRunControlData"":""[00,80,00,00,00,00,00,00,00,00,00,00,00,00,00,00,00,00,00,00,00,00,00,00,00,00,00,00,00,00,00,00,00,00,00,00,00,00,19,05,12,16,12,04,00,00,00,00,00,00,00,00,00,00]"",""port"":7,""type"":4}",1557648433404
"{""bId"":""100bbd8e0213"",""collectTime"":1557648438232,""pId"":""dde5925b03f22124"",""partReadOnlyData"":""[00,01,FF,29,FF,FF,FF,FF,40,08,03,E8,19,C3,75,30,02,B6,00,02,02,AF,00,01,10,1D,00,0F,10,17,00,02,0B,B8,00,00,03,98,00,0B,26,3B,26,82,00,00,16,53,00,00,00,00,00,00,00,00,00,00,00,00,02,B1,02,B1,02,B1,02,26,02,AF,02,B6,10,18,10,17,10,19,10,1B,10,1B,10,18,10,1A,10,1A,10,1A,10,1C,10,1C,10,1A,10,1C,10,1B,10,1D,10,17,00,00,FF,4F,00,32,FC,2A,0C,D9,00,01,00,00,19,F0,10,1D]"",""port"":8,""type"":3}",1557648438265
"{""list"":[{""content"":""[2D,07,1A,07,00,00,00,00,00,5D,07,00,00,00,00,00,00,00,00,00,00,00,00,00,00,00,00,00,00,00,00,00,00,00,00,00,00,00,00,00,00,00,00,00,00,00,00,00,00,00,00,00,00,00,00,00,00,00,00,00,00,00,00,00,00,00,00,00,00,00,00,00,00,00,00,00,00,00,00,7A,07,00,00,00,00,00,00,00,00,78,07,00,00,00,00,00,00,00,00,00,00,00,00,00,00,00,00,00,00,00,00,00,00,00,00,00,00,00,00,00,00,00,00,00,00,00,00,00,00,00,00,00,00,00,00,00,00,00,00]"",""time"":1557648454649}],""pId"":""dde5925b03f22124"",""type"":6}",1557648454685
"{""bId"":""100bbc07838a"",""collectTime"":1557654180183,""pId"":""dde5925b03f22124"",""partReadOnlyData"":""[00,00,FA,FF,FF,FF,FF,FF,40,08,03,E8,19,C8,75,30,02,B6,00,02,02,B3,00,03,10,20,00,0B,10,19,00,02,0B,B8,00,00,03,D4,00,0A,24,13,24,13,00,00,15,11,00,00,00,00,00,00,00,00,00,00,00,00,02,B8,02,B8,02,B3,02,B4,02,B5,02,B6,10,1A,10,19,10,1C,10,1E,10,1F,10,1E,10,1B,10,1B,10,1E,10,1E,10,20,10,20,10,1F,10,20,10,1F,10,1B,00,00,FE,91,FF,D2,03,CE,0C,E4,00,02,00,00,19,F0,10,1E]"",""port"":0,""type"":3}",1557654180315
"{""bId"":""100bbc07838a"",""collectTime"":1557654185024,""pId"":""dde5925b03f22124"",""partRunControlData"":""[00,80,00,00,00,00,00,00,00,00,00,00,00,00,00,00,00,00,00,00,00,00,00,00,00,00,00,00,00,00,00,00,00,00,00,00,00,00,19,05,12,17,54,15,00,00,00,00,00,00,00,00,00,00]"",""port"":0,""type"":4}",1557654185045
"{""bId"":""100bbd8e0213"",""collectTime"":1557654200412,""pId"":""dde5925b03f22124"",""partReadOnlyData"":""[00,01,FF,29,FF,FF,FF,FF,40,08,03,E8,19,C1,75,30,02,B7,00,02,02,B0,00,01,10,1C,00,0F,10,16,00,02,0B,B8,00,00,03,98,00,0B,26,2D,26,83,00,00,16,4B,00,00,00,00,00,00,00,00,00,00,00,00,02,B3,02,B3,02,B2,02,27,02,B0,02,B7,10,17,10,16,10,18,10,19,10,1A,10,17,10,19,10,19,10,19,10,1B,10,1B,10,19,10,1B,10,1B,10,1C,10,16,00,00,FF,4D,00,2C,FC,18,0C,D9,00,01,00,00,19,F0,10,1C]"",""port"":8,""type"":3}",1557654200437
"{""bId"":""100bbd8e0213"",""collectTime"":1557654205077,""pId"":""dde5925b03f22124"",""partRunControlData"":""[00,80,00,00,00,00,00,00,00,00,00,00,00,00,00,00,00,00,00,00,00,00,00,00,00,00,00,00,00,00,00,00,00,00,00,00,00,00,19,05,12,17,53,48,00,00,00,00,00,00,00,00,00,00]"",""port"":8,""type"":4}",1557654205105
"{""bId"":""100bbce432af"",""collectTime"":1557654190484,""pId"":""dde5925b03f22124"",""partReadOnlyData"":""[00,00,03,33,FF,FF,FF,FF,40,08,03,DE,19,C9,75,30,02,B5,00,02,02,B2,00,03,10,21,00,0C,10,1A,00,01,0B,B8,00,00,03,AC,00,0A,24,0A,24,68,00,00,15,0B,00,00,00,00,00,00,00,00,00,00,00,00,02,BA,02,BA,02,B2,02,AE,02,B3,02,B5,10,1A,10,1C,10,1E,10,1D,10,1B,10,1C,10,1D,10,1E,10,1D,10,1F,10,1D,10,21,10,21,10,21,10,21,10,1D,00,00,01,E4,FF,F7,FB,F5,0C,D9,00,01,00,00,19,F0,10,1B]"",""port"":7,""type"":3}",1557654190515
"{""bId"":""100bbce432af"",""collectTime"":1557654194936,""pId"":""dde5925b03f22124"",""partRunControlData"":""[00,80,00,00,00,00,00,00,00,00,00,00,00,00,00,00,00,00,00,00,00,00,00,00,00,00,00,00,00,00,00,00,00,00,00,00,00,00,19,05,12,17,48,06,00,00,00,00,00,00,00,00,00,00]"",""port"":7,""type"":4}",1557654194965
"{""bId"":""100bbd5d2242"",""collectTime"":1557654409152,""pId"":""6733935b06623c24"",""partRunControlData"":""[00,00,00,00,00,00,00,00,00,00,00,00,00,00,00,00,00,00,00,00,00,00,00,00,00,00,00,00,00,00,00,00,00,00,00,00,00,00,19,05,12,18,02,05,00,00,00,00,00,00,00,00,00,00]"",""port"":2,""type"":4}",1557654409060
"{""bId"":""100bbc07838a"",""collectTime"":1557654540298,""pId"":""dde5925b03f22124"",""partReadOnlyData"":""[00,00,FA,FF,FF,FF,FF,FF,40,08,03,E8,19,C8,75,30,02,B6,00,02,02,B3,00,03,10,1F,00,05,10,19,00,02,0B,B8,00,00,03,D4,00,0A,24,13,24,13,00,00,15,11,00,00,00,00,00,00,00,00,00,00,00,00,02,B9,02,B9,02,B3,02,B4,02,B5,02,B6,10,1A,10,19,10,1C,10,1E,10,1F,10,1E,10,1A,10,1B,10,1E,10,1E,10,1F,10,1F,10,1F,10,1F,10,1F,10,1B,00,00,FE,97,FF,D0,03,D6,0C,E6,00,02,00,00,19,F0,10,1E]"",""port"":0,""type"":3}",1557654540446
"{""bId"":""100bbc07838a"",""collectTime"":1557654545153,""pId"":""dde5925b03f22124"",""partRunControlData"":""[00,80,00,00,00,00,00,00,00,00,00,00,00,00,00,00,00,00,00,00,00,00,00,00,00,00,00,00,00,00,00,00,00,00,00,00,00,00,19,05,12,18,00,15,00,00,00,00,00,00,00,00,00,00]"",""port"":0,""type"":4}",1557654545174
"{""bId"":""100bbd8e0213"",""collectTime"":1557654560377,""pId"":""dde5925b03f22124"",""partReadOnlyData"":""[00,01,FF,29,FF,FF,FF,FF,40,08,03,E8,19,C1,75,30,02,B7,00,02,02,B0,00,01,10,1C,00,0F,10,16,00,02,0B,B8,00,00,03,98,00,0B,26,2D,26,83,00,00,16,4B,00,00,00,00,00,00,00,00,00,00,00,00,02,B3,02,B3,02,B3,02,27,02,B0,02,B7,10,18,10,16,10,18,10,19,10,1A,10,17,10,19,10,19,10,19,10,1B,10,1B,10,19,10,1B,10,1A,10,1C,10,17,00,00,FF,57,00,2E,FC,22,0C,D9,00,01,00,00,19,F0,10,1C]"",""port"":8,""type"":3}",1557654560405
"{""list"":[{""content"":""[49,07,2F,07,00,00,00,00,00,00,00,00,00,00,00,00,00,00,00,00,00,00,00,00,00,00,00,00,00,00,00,00,00,00,00,00,00,00,00,00,00,00,00,00,00,00,00,00,00,00,00,00,00,00,00,00,00,00,00,E7,07,00,00,00,00,00,00,00,00,00,00,00,00,00,00,00,00,00,00,00,00,00,00,00,00,00,00,00,00,00,00,00,00,00,00,00,00,00,00,00,00,00,00,00,00,00,00,00,00,00,00,00,00,00,00,00,00,00,00,00,00,00,00,00,00,00,00,00,00,00,00,00,00,00,00,00,00,00,00]"",""time"":1557593340631}],""pId"":""af61f35a05f22124"",""type"":6}",1557654562093
"{""bId"":""100bbd8e0213"",""collectTime"":1557654565038,""pId"":""dde5925b03f22124"",""partRunControlData"":""[00,80,00,00,00,00,00,00,00,00,00,00,00,00,00,00,00,00,00,00,00,00,00,00,00,00,00,00,00,00,00,00,00,00,00,00,00,00,19,05,12,17,59,48,00,00,00,00,00,00,00,00,00,00]"",""port"":8,""type"":4}",1557654565066
"{""bId"":""100bbce432af"",""collectTime"":1557654550447,""pId"":""dde5925b03f22124"",""partReadOnlyData"":""[00,00,03,33,FF,FF,FF,FF,40,08,03,DE,19,C9,75,30,02,B5,00,02,02,B2,00,03,10,21,00,0C,10,1A,00,01,0B,B8,00,00,03,AC,00,0A,24,0B,24,69,00,00,15,0C,00,00,00,00,00,00,00,00,00,00,00,00,02,BA,02,BA,02,B2,02,AE,02,B3,02,B5,10,1A,10,1C,10,1E,10,1D,10,1B,10,1C,10,1D,10,1E,10,1D,10,1E,10,1D,10,21,10,21,10,21,10,21,10,1C,00,00,01,DE,FF,F3,FB,EF,0C,D9,00,01,00,00,19,F0,10,1B]"",""port"":7,""type"":3}",1557654550475
"{""bId"":""100bbce432af"",""collectTime"":1557654555099,""pId"":""dde5925b03f22124"",""partRunControlData"":""[00,80,00,00,00,00,00,00,00,00,00,00,00,00,00,00,00,00,00,00,00,00,00,00,00,00,00,00,00,00,00,00,00,00,00,00,00,00,19,05,12,17,54,06,00,00,00,00,00,00,00,00,00,00]"",""port"":7,""type"":4}",1557654555125
"{""bId"":""100bbd5d2242"",""collectTime"":1557654769232,""pId"":""6733935b06623c24"",""partRunControlData"":""[00,00,00,00,00,00,00,00,00,00,00,00,00,00,00,00,00,00,00,00,00,00,00,00,00,00,00,00,00,00,00,00,00,00,00,00,00,00,19,05,12,18,08,05,00,00,00,00,00,00,00,00,00,00]"",""port"":2,""type"":4}",1557654769124
"{""list"":[{""content"":""[E6,06,4B,07,00,00,00,00,00,00,00,00,00,00,00,00,00,00,00,00,00,00,00,00,00,00,00,00,00,00,00,00,00,00,00,00,00,00,00,00,00,00,00,00,00,00,00,00,00,00,00,00,00,00,00,00,00,00,00,00,00,00,00,00,00,00,00,00,00,00,00,00,00,00,00,00,00,00,00,00,00,00,00,00,00,00,00,00,00,00,00,02,B6,02,B6,02,B0,02,AA,00,00,00,00,00,00,00,00,00,00,00,00,00,00,00,00,00,00,00,00,00,00,00,00,00,00,00,00,00,00,00,00,00,00,00,00,00,00,00,00]"",""time"":1557654825851}],""pId"":""6733935b06623c24"",""type"":6}",1557654825741
"{""bId"":""100bbc07838a"",""collectTime"":1557654900459,""pId"":""dde5925b03f22124"",""partReadOnlyData"":""[00,00,FA,FF,FF,FF,FF,FF,40,08,03,E8,19,C8,75,30,02,B6,00,02,02,B3,00,03,10,20,00,0E,10,19,00,02,0B,B8,00,00,03,D4,00,0A,24,13,24,13,00,00,15,11,00,00,00,00,00,00,00,00,00,00,00,00,02,B9,02,B9,02,B3,02,B4,02,B5,02,B6,10,1A,10,19,10,1C,10,1E,10,1F,10,1E,10,1A,10,1B,10,1E,10,1E,10,1F,10,1F,10,1F,10,20,10,1F,10,19,00,00,FE,89,FF,D9,03,D4,0C,E4,00,02,00,00,19,F0,10,1E]"",""port"":0,""type"":3}",1557654900484
"{""bId"":""100bbc07838a"",""collectTime"":1557654905315,""pId"":""dde5925b03f22124"",""partRunControlData"":""[00,80,00,00,00,00,00,00,00,00,00,00,00,00,00,00,00,00,00,00,00,00,00,00,00,00,00,00,00,00,00,00,00,00,00,00,00,00,19,05,12,18,06,16,00,00,00,00,00,00,00,00,00,00]"",""port"":0,""type"":4}",1557654905334
"{""bId"":""100bbce432af"",""collectTime"":1557654915440,""pId"":""dde5925b03f22124"",""partRunControlData"":""[00,80,00,00,00,00,00,00,00,00,00,00,00,00,00,00,00,00,00,00,00,00,00,00,00,00,00,00,00,00,00,00,00,00,00,00,00,00,19,05,12,18,00,07,00,00,00,00,00,00,00,00,00,00]"",""port"":7,""type"":4}",1557654915464
"{""bId"":""100bbd8e0213"",""collectTime"":1557654920694,""pId"":""dde5925b03f22124"",""partReadOnlyData"":""[00,01,FF,29,FF,FF,FF,FF,40,08,03,E8,19,C1,75,30,02,B8,00,02,02,B0,00,01,10,1C,00,0F,10,16,00,02,0B,B8,00,00,03,98,00,0B,26,2E,26,83,00,00,16,4C,00,00,00,00,00,00,00,00,00,00,00,00,02,B3,02,B3,02,B3,02,27,02,B0,02,B8,10,17,10,16,10,18,10,19,10,19,10,17,10,19,10,19,10,19,10,1B,10,1B,10,19,10,1B,10,1A,10,1C,10,17,00,00,FF,53,00,34,FC,1C,0C,D9,00,01,00,00,19,F0,10,1D]"",""port"":8,""type"":3}",1557654920714
"{""bId"":""100bbd8e0213"",""collectTime"":1557654925340,""pId"":""dde5925b03f22124"",""partRunControlData"":""[00,80,00,00,00,00,00,00,00,00,00,00,00,00,00,00,00,00,00,00,00,00,00,00,00,00,00,00,00,00,00,00,00,00,00,00,00,00,19,05,12,18,05,48,00,00,00,00,00,00,00,00,00,00]"",""port"":8,""type"":4}",1557654925364
"{""bId"":""1008f48eb596"",""collectTime"":1557655096361,""pId"":""3134ae5b08987424"",""partRunControlData"":""[00,80,00,00,00,00,00,00,00,00,00,00,00,00,00,00,00,00,00,00,00,00,00,00,00,00,00,00,00,00,00,00,00,00,00,00,00,00,19,05,12,18,05,39,00,00,00,00,00,00,00,00,00,00]"",""port"":10,""type"":4}",1557655096973
"{""list"":[{""content"":""[46,07,33,07,00,00,00,00,00,00,00,00,00,00,00,00,00,00,00,00,00,00,00,00,00,00,00,00,00,00,00,00,00,00,00,00,00,00,00,00,00,00,00,00,00,00,00,00,00,00,00,00,00,00,00,00,00,00,00,E7,07,00,00,00,00,00,00,00,00,00,00,00,00,00,00,00,00,00,00,00,00,00,00,00,00,00,00,00,00,00,00,00,00,00,00,00,00,00,00,00,00,00,00,00,00,00,00,00,00,00,00,00,00,00,00,00,00,00,00,00,00,00,00,00,00,00,00,00,00,00,00,00,00,00,00,00,00,00,00]"",""time"":1557594092343}],""pId"":""af61f35a05f22124"",""type"":6}",1557655313797
"{""bId"":""1008f48eb596"",""collectTime"":1557655462934,""pId"":""3134ae5b08987424"",""partReadOnlyData"":""[00,00,2A,19,FF,FF,FF,FF,40,08,03,DE,19,AC,75,30,02,B5,00,02,02,B1,00,01,10,0D,00,02,10,09,00,10,0B,B8,01,CC,03,A2,00,0A,23,1B,23,1B,00,00,14,80,00,00,00,00,00,00,00,00,00,00,00,00,02,BF,02,BF,02,B5,02,AE,02,B1,02,B5,10,0C,10,0D,10,0D,10,0C,10,0C,10,0C,10,0C,10,0A,10,0A,10,0B,10,0B,10,0D,10,0B,10,0C,10,0B,10,09,00,00,FE,CC,FF,A9,FC,59,0C,C6,00,01,00,00,19,F0,10,0C]"",""port"":10,""type"":3}",1557655463672
"{""bId"":""100bbd5d2242"",""collectTime"":1557655489477,""pId"":""6733935b06623c24"",""partRunControlData"":""[00,00,00,00,00,00,00,00,00,00,00,00,00,00,00,00,00,00,00,00,00,00,00,00,00,00,00,00,00,00,00,00,00,00,00,00,00,00,19,05,12,18,20,05,00,00,00,00,00,00,00,00,00,00]"",""port"":2,""type"":4}",1557655489372
"{""bId"":""1008f48eb596"",""collectTime"":1557655467832,""pId"":""3134ae5b08987424"",""partRunControlData"":""[00,80,00,00,00,00,00,00,00,00,00,00,00,00,00,00,00,00,00,00,00,00,00,00,00,00,00,00,00,00,00,00,00,00,00,00,00,00,19,05,12,18,11,50,00,00,00,00,00,00,00,00,00,00]"",""port"":10,""type"":4}",1557655468453
"{""bId"":""1008f48eb596"",""collectTime"":1557655473146,""logIndex"":10777,""pId"":""3134ae5b08987424"",""partLog"":""[19,2A,00,00,18,10,29,17,50,25,40,00,00,00,7F,FF,FF,FF,01,00,08,03,C0,19,0E,75,30,02,9E,00,02,02,9B,00,01,0F,AC,00,0E,0F,A5,00,0F,0B,B8,01,F4,03,A2,00,08,22,0E,23,87,FF,FF,13,E3,00,00,00,00,00,00,00,00,00,00,00,00,02,A0,02,A0,02,9F,02,98,02,9B,02,9E,0F,A7,0F,AB,0F,AA,0F,A7,0F,AB,0F,A9,0F,A9,0F,AA,0F,A9,0F,A7,0F,A7,0F,AA,0F,A8,0F,AC,0F,A5,0F,AA,00,00,FE,BC,FF,F7,04,0F,00,00,00,BF,23]"",""port"":10,""type"":5}",1557655473752
"{""list"":[{""content"":""[1E,07,10,07,00,00,00,00,00,53,07,00,00,00,00,00,00,00,00,00,00,00,00,00,00,00,00,00,00,00,00,00,00,00,00,00,00,00,00,00,00,00,00,00,00,00,00,00,00,00,00,00,00,00,00,00,00,00,00,00,00,00,00,00,00,00,00,00,00,00,00,00,00,00,00,00,00,00,00,68,07,00,00,00,00,00,00,00,00,6B,07,00,00,00,00,00,00,00,00,00,00,00,00,00,00,00,00,00,00,00,00,00,00,00,00,00,00,00,00,00,00,00,00,00,00,00,00,00,00,00,00,00,00,00,00,00,00,00,00]"",""time"":1557655519266}],""pId"":""dde5925b03f22124"",""type"":6}",1557655519415
"{""bId"":""100bbc07838a"",""collectTime"":1557655620446,""pId"":""dde5925b03f22124"",""partReadOnlyData"":""[00,00,FA,FF,FF,FF,FF,FF,40,08,03,E8,19,C8,75,30,02,B6,00,01,02,B4,00,03,10,1F,00,05,10,19,00,02,0B,B8,00,00,03,D4,00,0A,24,14,24,14,00,00,15,11,00,00,00,00,00,00,00,00,00,00,00,00,02,B9,02,B9,02,B4,02,B5,02,B6,02,B6,10,1A,10,19,10,1C,10,1E,10,1F,10,1E,10,1A,10,1B,10,1E,10,1E,10,1F,10,1F,10,1F,10,1F,10,1F,10,1A,00,00,FE,8F,FF,D6,03,DA,0C,E5,00,02,00,00,19,F0,10,1E]"",""port"":0,""type"":3}",1557655620595
"{""bId"":""100bbc07838a"",""collectTime"":1557655625502,""pId"":""dde5925b03f22124"",""partRunControlData"":""[00,80,00,00,00,00,00,00,00,00,00,00,00,00,00,00,00,00,00,00,00,00,00,00,00,00,00,00,00,00,00,00,00,00,00,00,00,00,19,05,12,18,18,16,00,00,00,00,00,00,00,00,00,00]"",""port"":0,""type"":4}",1557655625525
"{""bId"":""100bbce432af"",""collectTime"":1557655630644,""pId"":""dde5925b03f22124"",""partReadOnlyData"":""[00,00,03,33,FF,FF,FF,FF,40,08,03,DE,19,C8,75,30,02,B5,00,02,02,B3,00,01,10,21,00,0C,10,1A,00,01,0B,B8,00,00,03,AC,00,0A,24,0B,24,69,00,00,15,0C,00,00,00,00,00,00,00,00,00,00,00,00,02,BA,02,BA,02,B3,02,AF,02,B3,02,B5,10,1A,10,1B,10,1D,10,1D,10,1B,10,1C,10,1C,10,1E,10,1C,10,1E,10,1C,10,21,10,21,10,20,10,21,10,1B,00,00,01,E6,FF,ED,FB,F7,0C,D9,00,01,00,00,19,F0,10,1A]"",""port"":7,""type"":3}",1557655630665
"{""bId"":""100bbce432af"",""collectTime"":1557655635497,""pId"":""dde5925b03f22124"",""partRunControlData"":""[00,80,00,00,00,00,00,00,00,00,00,00,00,00,00,00,00,00,00,00,00,00,00,00,00,00,00,00,00,00,00,00,00,00,00,00,00,00,19,05,12,18,12,07,00,00,00,00,00,00,00,00,00,00]"",""port"":7,""type"":4}",1557655635524
"{""bId"":""100bbd8e0213"",""collectTime"":1557655645465,""pId"":""dde5925b03f22124"",""partRunControlData"":""[00,80,00,00,00,00,00,00,00,00,00,00,00,00,00,00,00,00,00,00,00,00,00,00,00,00,00,00,00,00,00,00,00,00,00,00,00,00,19,05,12,18,17,48,00,00,00,00,00,00,00,00,00,00]"",""port"":8,""type"":4}",1557655645484
"{""bId"":""100bbd5d2242"",""collectTime"":1557654049104,""pId"":""6733935b06623c24"",""partRunControlData"":""[00,00,00,00,00,00,00,00,00,00,00,00,00,00,00,00,00,00,00,00,00,00,00,00,00,00,00,00,00,00,00,00,00,00,00,00,00,00,19,05,12,17,56,05,00,00,00,00,00,00,00,00,00,00]"",""port"":2,""type"":4}",1557654049010
"{""list"":[{""content"":""[E7,06,4A,07,00,00,00,00,00,00,00,00,00,00,00,00,00,00,00,00,00,00,00,00,00,00,00,00,00,00,00,00,00,00,00,00,00,00,00,00,00,00,00,00,00,00,00,00,00,00,00,00,00,00,00,00,00,00,00,00,00,00,00,00,00,00,00,00,00,00,00,00,00,00,00,00,00,00,00,00,00,00,00,00,00,00,00,00,00,00,00,02,B6,02,B6,02,B0,02,AA,00,00,00,00,00,00,00,00,00,00,00,00,00,00,00,00,00,00,00,00,00,00,00,00,00,00,00,00,00,00,00,00,00,00,00,00,00,00,00,00]"",""time"":1557654082382}],""pId"":""6733935b06623c24"",""type"":6}",1557654082286
"{""list"":[{""content"":""[1E,07,0F,07,00,00,00,00,00,53,07,00,00,00,00,00,00,00,00,00,00,00,00,00,00,00,00,00,00,00,00,00,00,00,00,00,00,00,00,00,00,00,00,00,00,00,00,00,00,00,00,00,00,00,00,00,00,00,00,00,00,00,00,00,00,00,00,00,00,00,00,00,00,00,00,00,00,00,00,69,07,00,00,00,00,00,00,00,00,6C,07,00,00,00,00,00,00,00,00,00,00,00,00,00,00,00,00,00,00,00,00,00,00,00,00,00,00,00,00,00,00,00,00,00,00,00,00,00,00,00,00,00,00,00,00,00,00,00,00]"",""time"":1557654258966}],""pId"":""dde5925b03f22124"",""type"":6}",1557654258995
"{""bId"":""1008f48eb596"",""collectTime"":1557654352694,""pId"":""3134ae5b08987424"",""partRunControlData"":""[00,80,00,00,00,00,00,00,00,00,00,00,00,00,00,00,00,00,00,00,00,00,00,00,00,00,00,00,00,00,00,00,00,00,00,00,00,00,19,05,12,17,53,15,00,00,00,00,00,00,00,00,00,00]"",""port"":10,""type"":4}",1557654353311
