"{""bId"":""100bbce432af"",""collectTime"":1557797580061,""pId"":""dde5925b03f22124"",""partReadOnlyData"":""[00,00,03,33,FF,FF,FF,FF,40,08,03,DE,19,CE,75,30,02,A7,00,02,02,A5,00,03,10,24,00,0C,10,1D,00,01,0B,B8,00,E6,03,AC,00,0A,24,02,24,60,00,00,15,07,00,00,00,00,00,00,00,00,00,00,00,00,02,AC,02,AC,02,A5,02,A1,02,A6,02,A7,10,1D,10,1F,10,21,10,20,10,1F,10,20,10,20,10,22,10,20,10,22,10,20,10,24,10,24,10,24,10,24,10,1E,00,00,01,DC,FF,A3,FB,EC,0C,D9,00,01,00,00,19,F0,10,1E]"",""port"":7,""type"":3}",1557797580331
"{""bId"":""100bbce432af"",""collectTime"":1557797585073,""pId"":""dde5925b03f22124"",""partRunControlData"":""[00,80,00,00,00,00,00,00,00,00,00,00,00,00,00,00,00,00,00,00,00,00,00,00,00,00,00,00,00,00,00,00,00,00,00,00,00,00,19,05,14,09,37,57,00,00,00,00,00,00,00,00,00,00]"",""port"":7,""type"":4}",1557797585171
"{""bId"":""100bbd075cab"",""collectTime"":1557797590004,""pId"":""dde5925b03f22124"",""partReadOnlyData"":""[00,00,03,D6,FF,FF,FF,FF,40,08,03,E8,19,D3,75,30,02,A8,00,02,02,A3,00,03,10,29,00,06,10,20,00,0C,0B,B8,00,00,03,B6,00,0E,23,D0,24,0E,00,00,14,EA,00,00,00,00,00,00,00,00,00,00,00,00,02,A8,02,A8,02,A3,02,A3,02,A5,02,A8,10,25,10,23,10,22,10,28,10,25,10,29,10,25,10,23,10,22,10,27,10,22,10,20,10,25,10,23,10,26,10,21,00,00,00,63,00,25,03,28,0C,E2,00,02,00,00,19,F0,10,28]"",""port"":8,""type"":3}",1557797590101
"{""bId"":""100bbd075cab"",""collectTime"":1557797595119,""pId"":""dde5925b03f22124"",""partRunControlData"":""[00,80,00,00,00,00,00,00,00,00,00,00,00,00,00,00,00,00,00,00,00,00,00,00,00,00,00,00,00,00,00,00,00,00,00,00,00,00,19,05,14,09,38,13,00,00,00,00,00,00,00,00,00,00]"",""port"":8,""type"":4}",1557797595210
"{""bId"":""100bbd0ec44e"",""collectTime"":1557797600200,""pId"":""dde5925b03f22124"",""partReadOnlyData"":""[00,00,03,F6,FF,FF,FF,FF,40,0B,03,DE,19,CA,75,2D,02,A9,00,02,02,A5,00,01,10,22,00,0D,10,19,00,01,0B,B8,00,F7,03,C0,00,0A,24,2A,24,78,00,00,15,1E,00,00,00,00,00,00,00,00,00,00,00,00,02,A4,02,A4,02,A6,02,7B,02,A5,02,A9,10,19,10,1A,10,1F,10,20,10,20,10,1D,10,1F,10,1C,10,1F,10,1F,10,1E,10,21,10,22,10,22,10,20,10,21,00,00,00,80,00,46,03,7C,0C,D6,00,01,FF,F7,19,F0,10,21]"",""port"":9,""type"":3}",1557797600290
"{""bId"":""100bbd0ec44e"",""collectTime"":1557797605085,""pId"":""dde5925b03f22124"",""partRunControlData"":""[00,83,00,00,00,00,00,00,00,00,00,00,00,00,00,00,00,00,00,00,00,00,00,00,00,00,00,00,00,00,00,00,00,00,00,00,00,00,19,05,14,09,55,59,00,00,00,00,00,00,00,00,00,00]"",""port"":9,""type"":4}",1557797605180
"{""list"":[{""content"":""[7E,07,38,07,00,00,00,00,00,7D,07,00,00,00,00,00,00,00,00,96,07,00,00,00,00,00,00,00,00,00,00,00,00,00,00,00,00,00,00,7C,07,00,00,00,00,00,00,00,00,00,00,00,00,00,00,00,00,00,00,00,00,00,00,00,00,00,00,00,00,8E,07,00,00,00,00,00,00,00,00,96,07,00,00,00,00,00,00,00,00,99,07,00,00,00,00,00,00,00,00,7A,07,00,00,00,00,00,00,00,00,A0,07,00,00,00,00,00,00,00,00,00,00,00,00,00,00,00,00,00,00,00,00,00,00,00,00,00,00,00,00]"",""time"":1557797752115}],""pId"":""dde5925b03f22124"",""type"":6}",1557797752321
"{""bId"":""100bbd0ec44e"",""collectTime"":1557797620397,""logIndex"":1020,""pId"":""dde5925b03f22124"",""partLog"":""[FC,03,00,00,19,05,05,10,52,00,80,00,00,03,AF,FF,FF,FF,01,40,18,03,DE,19,C7,75,81,02,8E,00,02,02,8B,00,01,10,22,00,0D,10,16,00,01,0B,B8,01,4B,03,D4,00,09,25,16,25,76,00,00,15,A8,00,00,00,00,00,00,00,00,00,00,00,00,02,8D,02,8D,02,8C,02,63,02,8B,02,8E,10,16,10,17,10,1C,10,1D,10,1D,10,1A,10,1D,10,1A,10,1D,10,1C,10,1F,10,20,10,22,10,22,10,20,10,1C,10,00,00,86,00,48,03,82,00,83,00,F7,0C]"",""port"":9,""type"":5}",1557797620491
"{""bId"":""100bbc07838a"",""collectTime"":1557797930051,""pId"":""dde5925b03f22124"",""partDeviceInfo"":""[00,0A,0D,12,01,05,01,02,00,1F,00,00,02,70,24,7F,09,06,59,70,F5,64,00,01,16,D0,27,10,FF,FF,10,0B,BC,07,83,8A,00,01,08,41,00,01,30,22,00,02,10,3B,00,0E,07,6A,00,10,02,D3,00,02,02,73,00,03,00,F4,04,23]"",""port"":0,""type"":1}",1557797930261
"{""bId"":""100bbc07838a"",""collectTime"":1557797935176,""pId"":""dde5925b03f22124"",""partProtectionParameter"":""[10,98,10,04,0C,80,00,08,0D,AC,00,14,00,08,00,3C,0B,B4,0D,AC,02,A3,00,24,0F,A0,00,10,17,68,1F,18,03,84,00,0C,03,52,04,1A,00,14,03,E8,01,90,00,0C,01,A4,00,96,00,14,00,C8,04,B0,00,04,04,4C,04,B0,00,04,04,4C,10,68,00,08,10,36,0D,7A,00,08,0D,AC,00,A0,00,04,00,78,0B,B8,00,10,0B,54,03,20,00,08,03,0C,03,B6,00,08,03,AC,01,AE,00,08,01,C2,00,FA,00,08,01,04,04,5E,1E,AE]"",""port"":0,""type"":2}",1557797935271
"{""bId"":""100bbce432af"",""collectTime"":1557797950510,""pId"":""dde5925b03f22124"",""partReadOnlyData"":""[00,00,03,33,FF,FF,FF,FF,40,08,03,DE,19,D3,75,30,02,A7,00,02,02,A5,00,03,10,27,00,0C,10,20,00,01,0B,B8,00,00,03,AC,00,0A,24,03,24,61,00,00,15,07,00,00,00,00,00,00,00,00,00,00,00,00,02,AD,02,AD,02,A5,02,A2,02,A6,02,A7,10,20,10,22,10,24,10,23,10,22,10,23,10,23,10,25,10,23,10,25,10,23,10,27,10,27,10,27,10,27,10,21,00,00,01,E4,FF,F5,FB,F1,0C,D9,00,01,00,00,19,F0,10,21]"",""port"":7,""type"":3}",1557797950610
"{""bId"":""100bbce432af"",""collectTime"":1557797954993,""pId"":""dde5925b03f22124"",""partRunControlData"":""[00,80,00,00,00,00,00,00,00,00,00,00,00,00,00,00,00,00,00,00,00,00,00,00,00,00,00,00,00,00,00,00,00,00,00,00,00,00,19,05,14,09,44,07,00,00,00,00,00,00,00,00,00,00]"",""port"":7,""type"":4}",1557797955081
"{""bId"":""100bbc07838a"",""collectTime"":1557797940452,""pId"":""dde5925b03f22124"",""partReadOnlyData"":""[00,00,FA,FF,FF,FF,FF,FF,40,08,03,E8,19,CC,75,30,02,A5,00,01,02,A2,00,03,10,22,00,05,10,1C,00,02,0B,B8,00,00,03,D4,00,0A,23,E0,23,E0,00,00,14,F3,00,00,00,00,00,00,00,00,00,00,00,00,02,A7,02,A7,02,A2,02,A5,02,A5,02,A4,10,1D,10,1C,10,1F,10,21,10,22,10,21,10,1D,10,1D,10,21,10,21,10,22,10,22,10,22,10,22,10,22,10,1E,00,00,FE,97,FF,D7,03,CE,0C,E5,00,02,00,00,19,F0,10,21]"",""port"":0,""type"":3}",1557797940540
"{""bId"":""100bbc07838a"",""collectTime"":1557797945040,""pId"":""dde5925b03f22124"",""partRunControlData"":""[00,80,00,00,00,00,00,00,00,00,00,00,00,00,00,00,00,00,00,00,00,00,00,00,00,00,00,00,00,00,00,00,00,00,00,00,00,00,19,05,14,09,50,17,00,00,00,00,00,00,00,00,00,00]"",""port"":0,""type"":4}",1557797945131
"{""bId"":""100bbd075cab"",""collectTime"":1557797960486,""pId"":""dde5925b03f22124"",""partReadOnlyData"":""[00,00,03,D6,FF,FF,FF,FF,40,08,03,E8,19,D3,75,30,02,A9,00,02,02,A3,00,03,10,29,00,06,10,20,00,0C,0B,B8,00,00,03,B6,00,0E,23,D0,24,0E,00,00,14,EA,00,00,00,00,00,00,00,00,00,00,00,00,02,A8,02,A8,02,A3,02,A3,02,A5,02,A9,10,25,10,23,10,22,10,28,10,25,10,29,10,25,10,23,10,22,10,27,10,21,10,20,10,25,10,22,10,26,10,21,00,00,00,73,00,30,03,24,0C,E1,00,02,00,00,19,F0,10,28]"",""port"":8,""type"":3}",1557797960571
"{""bId"":""100bbd075cab"",""collectTime"":1557797964956,""pId"":""dde5925b03f22124"",""partRunControlData"":""[00,80,00,00,00,00,00,00,00,00,00,00,00,00,00,00,00,00,00,00,00,00,00,00,00,00,00,00,00,00,00,00,00,00,00,00,00,00,19,05,14,09,44,23,00,00,00,00,00,00,00,00,00,00]"",""port"":8,""type"":4}",1557797965051
"{""bId"":""100bbd0ec44e"",""collectTime"":1557797970481,""pId"":""dde5925b03f22124"",""partReadOnlyData"":""[00,00,03,F6,FF,FF,FF,FF,40,08,03,E8,19,D4,75,30,02,A9,00,02,02,A5,00,01,10,28,00,0D,10,1F,00,01,0B,B8,00,00,03,C0,00,0A,24,48,24,7B,00,00,15,30,00,00,00,00,00,00,00,00,00,00,00,00,02,A6,02,A6,02,A6,02,7B,02,A5,02,A9,10,1F,10,20,10,25,10,26,10,26,10,22,10,25,10,22,10,25,10,25,10,24,10,27,10,28,10,28,10,27,10,27,00,00,00,84,00,48,03,84,0C,D7,00,01,00,00,19,F0,10,27]"",""port"":9,""type"":3}",1557797970571
"{""bId"":""100bbd0ec44e"",""collectTime"":1557797974951,""pId"":""dde5925b03f22124"",""partRunControlData"":""[00,80,00,00,00,00,00,00,00,00,00,00,00,00,00,00,00,00,00,00,00,00,00,00,00,00,00,00,00,00,00,00,00,00,00,00,00,00,19,05,14,10,02,09,00,00,00,00,00,00,00,00,00,00]"",""port"":9,""type"":4}",1557797975040
"{""bId"":""100bbd0ec44e"",""collectTime"":1557797980231,""logIndex"":1021,""pId"":""dde5925b03f22124"",""partLog"":""[FD,03,00,00,19,05,05,10,52,00,80,00,00,03,AF,FF,FF,FF,02,40,1C,03,DE,19,C6,75,30,02,8E,00,02,02,8B,00,01,10,20,00,0D,10,15,00,01,0B,B8,01,0E,03,D4,00,09,25,16,25,76,00,00,15,A8,00,00,00,00,00,00,00,00,00,00,00,00,02,8D,02,8D,02,8C,02,63,02,8B,02,8E,10,15,10,17,10,1C,10,1C,10,1D,10,19,10,1C,10,19,10,1C,10,1C,10,1C,10,1F,10,20,10,20,10,1E,10,1D,10,00,00,86,00,48,03,82,00,83,00,E3,56]"",""port"":9,""type"":5}",1557797980323
"{""bId"":""100bbc07838a"",""collectTime"":1557798305024,""pId"":""dde5925b03f22124"",""partRunControlData"":""[00,80,00,00,00,00,00,00,00,00,00,00,00,00,00,00,00,00,00,00,00,00,00,00,00,00,00,00,00,00,00,00,00,00,00,00,00,00,19,05,14,09,56,17,00,00,00,00,00,00,00,00,00,00]"",""port"":0,""type"":4}",1557798305107
"{""bId"":""100bbce432af"",""collectTime"":1557798315047,""pId"":""dde5925b03f22124"",""partRunControlData"":""[00,80,00,00,00,00,00,00,00,00,00,00,00,00,00,00,00,00,00,00,00,00,00,00,00,00,00,00,00,00,00,00,00,00,00,00,00,00,19,05,14,09,50,07,00,00,00,00,00,00,00,00,00,00]"",""port"":7,""type"":4}",1557798315141
"{""bId"":""100bbd0ec44e"",""collectTime"":1557798695188,""pId"":""dde5925b03f22124"",""partRunControlData"":""[00,80,00,00,00,00,00,00,00,00,00,00,00,00,00,00,00,00,00,00,00,00,00,00,00,00,00,00,00,00,00,00,00,00,00,00,00,00,19,05,14,10,14,09,00,00,00,00,00,00,00,00,00,00]"",""port"":9,""type"":4}",1557798695259
"{""bId"":""100bbd0ec44e"",""collectTime"":1557798700475,""logIndex"":1022,""pId"":""dde5925b03f22124"",""partLog"":""[FE,03,00,00,19,05,05,10,52,00,80,00,00,03,AF,FF,FF,FF,02,40,1D,03,DE,19,C6,75,30,02,8E,00,02,02,8B,00,01,10,20,00,0D,10,15,00,01,0B,B8,01,0E,03,D4,00,09,25,16,25,76,00,00,15,A8,00,00,00,00,00,00,00,00,00,00,00,00,02,8D,02,8D,02,8C,02,63,02,8B,02,8E,10,15,10,17,10,1C,10,1C,10,1D,10,19,10,1C,10,19,10,1C,10,1C,10,1C,10,1F,10,20,10,20,10,1E,10,1D,10,00,00,84,00,4C,03,86,00,83,00,30,92]"",""port"":9,""type"":5}",1557798700570
"{""bId"":""100bbc07838a"",""collectTime"":1557799020351,""pId"":""dde5925b03f22124"",""partReadOnlyData"":""[00,00,FA,FF,FF,FF,FF,FF,40,08,03,E8,19,CC,75,30,02,A6,00,01,02,A3,00,03,10,22,00,0B,10,1C,00,02,0B,B8,00,00,03,D4,00,0A,23,E6,23,E6,00,00,14,F6,00,00,00,00,00,00,00,00,00,00,00,00,02,A9,02,A9,02,A3,02,A6,02,A6,02,A5,10,1D,10,1C,10,1F,10,21,10,21,10,20,10,1D,10,1D,10,20,10,21,10,22,10,22,10,22,10,22,10,22,10,1F,00,00,FE,80,FF,D7,03,D4,0C,E5,00,02,00,00,19,F0,10,21]"",""port"":0,""type"":3}",1557799020432
"{""bId"":""100bbd075cab"",""collectTime"":1557799045588,""pId"":""dde5925b03f22124"",""partRunControlData"":""[00,80,00,00,00,00,00,00,00,00,00,00,00,00,00,00,00,00,00,00,00,00,00,00,00,00,00,00,00,00,00,00,00,00,00,00,00,00,19,05,14,10,02,23,00,00,00,00,00,00,00,00,00,00]"",""port"":8,""type"":4}",1557799045670
"{""bId"":""100bbd0ec44e"",""collectTime"":1557799050449,""pId"":""dde5925b03f22124"",""partReadOnlyData"":""[00,00,03,F6,FF,FF,FF,FF,40,08,03,E8,19,D2,75,30,02,AA,00,02,02,A5,00,01,10,26,00,0C,10,1D,00,01,0B,B8,00,00,03,C0,00,0A,24,44,24,7D,00,00,15,2D,00,00,00,00,00,00,00,00,00,00,00,00,02,A7,02,A7,02,A7,02,7A,02,A5,02,AA,10,1D,10,1F,10,24,10,25,10,25,10,21,10,24,10,21,10,24,10,24,10,23,10,26,10,26,10,26,10,25,10,24,00,00,00,84,00,46,03,80,0C,D5,00,01,00,00,19,F0,10,26]"",""port"":9,""type"":3}",1557799050540
"{""bId"":""100bbd0ec44e"",""collectTime"":1557799055547,""pId"":""dde5925b03f22124"",""partRunControlData"":""[00,80,00,00,00,00,00,00,00,00,00,00,00,00,00,00,00,00,00,00,00,00,00,00,00,00,00,00,00,00,00,00,00,00,00,00,00,00,19,05,14,10,20,09,00,00,00,00,00,00,00,00,00,00]"",""port"":9,""type"":4}",1557799055640
"{""bId"":""100bbd0ec44e"",""collectTime"":1557799060626,""logIndex"":1023,""pId"":""dde5925b03f22124"",""partLog"":""[FF,03,00,00,19,05,05,10,52,00,80,00,00,03,AF,FF,FF,FF,02,40,1F,03,DE,19,C5,75,30,02,8E,00,02,02,8B,00,01,10,1F,00,0D,10,15,00,01,0B,B8,01,18,03,D4,00,09,25,16,25,76,00,00,15,A8,00,00,00,00,00,00,00,00,00,00,00,00,02,8D,02,8D,02,8C,02,63,02,8B,02,8E,10,15,10,17,10,1B,10,1C,10,1C,10,19,10,1C,10,19,10,1C,10,1B,10,1B,10,1E,10,1F,10,1F,10,1E,10,1C,10,00,00,8A,00,46,03,82,00,83,00,C5,BE]"",""port"":9,""type"":5}",1557799060719
"{""list"":[{""content"":""[B5,07,A3,07,00,00,00,00,00,00,00,00,00,00,00,00,00,00,00,8A,07,00,00,00,00,00,00,00,00,00,00,00,00,00,00,00,00,00,00,00,00,00,00,00,00,00,00,00,00,00,00,00,00,00,00,00,00,00,00,00,00,00,00,00,00,00,00,00,00,00,00,00,00,00,00,00,00,00,00,00,00,00,00,00,00,00,00,00,00,D6,0F,D5,0F,D7,0F,E0,0F,8A,07,00,00,00,00,00,00,00,00,00,00,00,00,00,00,00,00,00,00,00,00,00,00,00,00,00,00,00,00,00,00,00,00,00,00,00,00,00,00,00,00]"",""time"":1557737820842}],""pId"":""f533935b08f8c924"",""type"":6}",1557799110910
"{""bId"":""100bbd0ec44e"",""collectTime"":1557799415828,""pId"":""dde5925b03f22124"",""partRunControlData"":""[00,80,00,00,00,00,00,00,00,00,00,00,00,00,00,00,00,00,00,00,00,00,00,00,00,00,00,00,00,00,00,00,00,00,00,00,00,00,19,05,14,10,26,10,00,00,00,00,00,00,00,00,00,00]"",""port"":9,""type"":4}",1557799415921
"{""bId"":""100bbd0ec44e"",""collectTime"":1557799420522,""logIndex"":1024,""pId"":""dde5925b03f22124"",""partLog"":""[00,04,00,00,19,05,05,10,52,01,80,00,00,03,AF,FF,FF,FF,02,40,1B,03,DE,19,C3,75,2F,02,8E,00,02,02,8B,00,01,10,1E,00,0D,10,14,00,01,0B,B8,01,21,03,D4,00,09,25,16,25,76,00,00,15,A8,00,00,00,00,00,00,00,00,00,00,00,00,02,8D,02,8D,02,8C,02,63,02,8B,02,8E,10,14,10,15,10,1A,10,1B,10,1B,10,17,10,1A,10,17,10,1A,10,1A,10,1A,10,1D,10,1E,10,1E,10,1D,10,1B,10,00,00,86,00,4A,03,84,00,83,00,92,1C]"",""port"":9,""type"":5}",1557799420627
"{""list"":[{""content"":""[79,07,41,07,00,00,00,00,00,81,07,00,00,00,00,00,00,00,00,96,07,00,00,00,00,00,00,00,00,00,00,00,00,00,00,00,00,00,00,7C,07,00,00,00,00,00,00,00,00,00,00,00,00,00,00,00,00,00,00,00,00,00,00,00,00,00,00,00,00,8E,07,00,00,00,00,00,00,00,00,A6,07,00,00,00,00,00,00,00,00,A9,07,00,00,00,00,00,00,00,00,85,07,00,00,00,00,00,00,00,00,00,00,00,00,00,00,00,00,00,00,00,00,00,00,00,00,00,00,00,00,00,00,00,00,00,00,00,00,00,00]"",""time"":1557799595513}],""pId"":""dde5925b03f22124"",""type"":6}",1557799595732
"{""bId"":""100bbc07838a"",""collectTime"":1557798300350,""pId"":""dde5925b03f22124"",""partReadOnlyData"":""[00,00,FA,FF,FF,FF,FF,FF,40,08,03,E8,19,CC,75,30,02,A5,00,01,02,A3,00,03,10,22,00,0B,10,1C,00,02,0B,B8,00,00,03,D4,00,0A,23,E6,23,E6,00,00,14,F6,00,00,00,00,00,00,00,00,00,00,00,00,02,A8,02,A8,02,A3,02,A6,02,A5,02,A4,10,1D,10,1C,10,1F,10,21,10,21,10,21,10,1D,10,1E,10,21,10,21,10,22,10,22,10,22,10,22,10,22,10,1D,00,00,FE,89,FF,D4,03,D6,0C,E4,00,02,00,00,19,F0,10,21]"",""port"":0,""type"":3}",1557798300556
"{""bId"":""100bbce432af"",""collectTime"":1557798310560,""pId"":""dde5925b03f22124"",""partReadOnlyData"":""[00,00,03,33,FF,FF,FF,FF,40,08,03,DE,19,D2,75,30,02,A7,00,02,02,A5,00,03,10,27,00,0F,10,20,00,01,0B,B8,00,00,03,AC,00,0A,24,03,24,61,00,00,15,07,00,00,00,00,00,00,00,00,00,00,00,00,02,AD,02,AD,02,A5,02,A2,02,A6,02,A7,10,20,10,22,10,23,10,23,10,22,10,22,10,23,10,24,10,23,10,25,10,22,10,26,10,26,10,26,10,27,10,23,00,00,01,DC,FF,F7,FB,F5,0C,D9,00,01,00,00,19,F0,10,21]"",""port"":7,""type"":3}",1557798310659
"{""bId"":""100bbd075cab"",""collectTime"":1557798320542,""pId"":""dde5925b03f22124"",""partReadOnlyData"":""[00,00,03,D6,FF,FF,FF,FF,40,08,03,E8,19,D3,75,30,02,A9,00,02,02,A4,00,03,10,28,00,04,10,20,00,0C,0B,B8,00,00,03,B6,00,0E,23,D0,24,0E,00,00,14,EA,00,00,00,00,00,00,00,00,00,00,00,00,02,A8,02,A8,02,A4,02,A3,02,A5,02,A9,10,25,10,23,10,22,10,28,10,25,10,28,10,24,10,23,10,22,10,27,10,21,10,20,10,25,10,22,10,26,10,21,00,00,00,67,00,2A,03,1C,0C,E2,00,02,00,00,19,F0,10,27]"",""port"":8,""type"":3}",1557798320631
"{""bId"":""100bbd075cab"",""collectTime"":1557798325032,""pId"":""dde5925b03f22124"",""partRunControlData"":""[00,80,00,00,00,00,00,00,00,00,00,00,00,00,00,00,00,00,00,00,00,00,00,00,00,00,00,00,00,00,00,00,00,00,00,00,00,00,19,05,14,09,50,23,00,00,00,00,00,00,00,00,00,00]"",""port"":8,""type"":4}",1557798325111
"{""bId"":""100bbd0ec44e"",""collectTime"":1557798330114,""pId"":""dde5925b03f22124"",""partReadOnlyData"":""[00,00,03,F6,FF,FF,FF,FF,40,08,03,E8,19,D3,75,30,02,AA,00,02,02,A5,00,01,10,27,00,0D,10,1E,00,01,0B,B8,00,00,03,C0,00,0A,24,45,24,7B,00,00,15,2E,00,00,00,00,00,00,00,00,00,00,00,00,02,A6,02,A6,02,A6,02,7B,02,A5,02,AA,10,1E,10,1F,10,25,10,25,10,25,10,22,10,25,10,22,10,25,10,25,10,23,10,26,10,27,10,27,10,26,10,25,00,00,00,82,00,3E,03,86,0C,D5,00,01,00,00,19,F0,10,26]"",""port"":9,""type"":3}",1557798330210
"{""bId"":""100bbd0ec44e"",""collectTime"":1557798335193,""pId"":""dde5925b03f22124"",""partRunControlData"":""[00,80,00,00,00,00,00,00,00,00,00,00,00,00,00,00,00,00,00,00,00,00,00,00,00,00,00,00,00,00,00,00,00,00,00,00,00,00,19,05,14,10,08,09,00,00,00,00,00,00,00,00,00,00]"",""port"":9,""type"":4}",1557798335279
"{""list"":[{""content"":""[7C,07,3F,07,00,00,00,00,00,7C,07,00,00,00,00,00,00,00,00,96,07,00,00,00,00,00,00,00,00,00,00,00,00,00,00,00,00,00,00,7C,07,00,00,00,00,00,00,00,00,00,00,00,00,00,00,00,00,00,00,00,00,00,00,00,00,00,00,00,00,8E,07,00,00,00,00,00,00,00,00,9E,07,00,00,00,00,00,00,00,00,A1,07,00,00,00,00,00,00,00,00,7D,07,00,00,00,00,00,00,00,00,A0,07,00,00,00,00,00,00,00,00,00,00,00,00,00,00,00,00,00,00,00,00,00,00,00,00,00,00,00,00]"",""time"":1557798341505}],""pId"":""dde5925b03f22124"",""type"":6}",1557798341589
"{""list"":[{""content"":""[B1,07,A4,07,00,00,00,00,00,00,00,00,00,00,00,00,00,00,00,8A,07,00,00,00,00,00,00,00,00,00,00,00,00,00,00,00,00,00,00,00,00,00,00,00,00,00,00,00,00,00,00,00,00,00,00,00,00,00,00,00,00,00,00,00,00,00,00,00,00,00,00,00,00,00,00,00,00,00,00,00,00,00,00,00,00,00,00,00,00,D6,0F,D5,0F,D7,0F,E0,0F,8A,07,00,00,00,00,00,00,00,00,00,00,00,00,00,00,00,00,00,00,00,00,00,00,00,00,00,00,00,00,00,00,00,00,00,00,00,00,00,00,00,00]"",""time"":1557737071169}],""pId"":""f533935b08f8c924"",""type"":6}",1557798361191
"{""bId"":""100bbc07838a"",""collectTime"":1557798665163,""pId"":""dde5925b03f22124"",""partRunControlData"":""[00,80,00,00,00,00,00,00,00,00,00,00,00,00,00,00,00,00,00,00,00,00,00,00,00,00,00,00,00,00,00,00,00,00,00,00,00,00,19,05,14,10,02,17,00,00,00,00,00,00,00,00,00,00]"",""port"":0,""type"":4}",1557798665250
"{""bId"":""100bbce432af"",""collectTime"":1557798670563,""pId"":""dde5925b03f22124"",""partReadOnlyData"":""[00,00,03,33,FF,FF,FF,FF,40,08,03,DE,19,D2,75,30,02,A8,00,02,02,A5,00,03,10,27,00,0F,10,20,00,01,0B,B8,00,00,03,AC,00,0A,24,03,24,61,00,00,15,07,00,00,00,00,00,00,00,00,00,00,00,00,02,AD,02,AD,02,A5,02,A2,02,A6,02,A8,10,20,10,22,10,24,10,23,10,21,10,22,10,23,10,24,10,23,10,24,10,22,10,26,10,26,10,26,10,27,10,23,00,00,01,EA,FF,F9,FB,F9,0C,DA,00,01,00,00,19,F0,10,20]"",""port"":7,""type"":3}",1557798670657
"{""bId"":""100bbce432af"",""collectTime"":1557798675238,""pId"":""dde5925b03f22124"",""partRunControlData"":""[00,80,00,00,00,00,00,00,00,00,00,00,00,00,00,00,00,00,00,00,00,00,00,00,00,00,00,00,00,00,00,00,00,00,00,00,00,00,19,05,14,09,56,07,00,00,00,00,00,00,00,00,00,00]"",""port"":7,""type"":4}",1557798675327
"{""bId"":""100bbd075cab"",""collectTime"":1557798680329,""pId"":""dde5925b03f22124"",""partReadOnlyData"":""[00,00,03,D6,FF,FF,FF,FF,40,08,03,E8,19,D2,75,30,02,A9,00,02,02,A4,00,03,10,28,00,04,10,20,00,0C,0B,B8,00,00,03,B6,00,0E,23,D0,24,0E,00,00,14,EA,00,00,00,00,00,00,00,00,00,00,00,00,02,A9,02,A9,02,A4,02,A3,02,A5,02,A9,10,25,10,22,10,22,10,28,10,25,10,28,10,24,10,23,10,22,10,27,10,21,10,20,10,24,10,22,10,26,10,21,00,00,00,65,00,2E,03,2A,0C,E1,00,02,00,00,19,F0,10,28]"",""port"":8,""type"":3}",1557798680421
"{""bId"":""100bbc07838a"",""collectTime"":1557798660668,""pId"":""dde5925b03f22124"",""partReadOnlyData"":""[00,00,FA,FF,FF,FF,FF,FF,40,08,03,E8,19,CC,75,30,02,A6,00,01,02,A3,00,03,10,22,00,05,10,1C,00,02,0B,B8,00,00,03,D4,00,0A,23,E6,23,E6,00,00,14,F6,00,00,00,00,00,00,00,00,00,00,00,00,02,A8,02,A8,02,A3,02,A6,02,A6,02,A5,10,1D,10,1C,10,1F,10,21,10,22,10,21,10,1D,10,1D,10,21,10,21,10,22,10,22,10,22,10,22,10,22,10,1E,00,00,FE,88,FF,D9,03,D4,0C,E4,00,02,00,00,19,F0,10,21]"",""port"":0,""type"":3}",1557798660871
"{""bId"":""100bbd075cab"",""collectTime"":1557798685213,""pId"":""dde5925b03f22124"",""partRunControlData"":""[00,80,00,00,00,00,00,00,00,00,00,00,00,00,00,00,00,00,00,00,00,00,00,00,00,00,00,00,00,00,00,00,00,00,00,00,00,00,19,05,14,09,56,23,00,00,00,00,00,00,00,00,00,00]"",""port"":8,""type"":4}",1557798685300
"{""bId"":""100bbd0ec44e"",""collectTime"":1557798690489,""pId"":""dde5925b03f22124"",""partReadOnlyData"":""[00,00,03,F6,FF,FF,FF,FF,40,08,03,E8,19,D2,75,30,02,AA,00,02,02,A5,00,01,10,27,00,0D,10,1D,00,01,0B,B8,00,00,03,C0,00,0A,24,44,24,7C,00,00,15,2D,00,00,00,00,00,00,00,00,00,00,00,00,02,A7,02,A7,02,A7,02,7B,02,A5,02,AA,10,1D,10,1F,10,24,10,25,10,25,10,21,10,24,10,21,10,24,10,24,10,23,10,26,10,27,10,27,10,25,10,25,00,00,00,84,00,44,03,80,0C,D5,00,01,00,00,19,F0,10,26]"",""port"":9,""type"":3}",1557798690581
"{""list"":[{""content"":""[7A,07,43,07,00,00,00,00,00,7E,07,00,00,00,00,00,00,00,00,96,07,00,00,00,00,00,00,00,00,00,00,00,00,00,00,00,00,00,00,7C,07,00,00,00,00,00,00,00,00,00,00,00,00,00,00,00,00,00,00,00,00,00,00,00,00,00,00,00,00,8E,07,00,00,00,00,00,00,00,00,A4,07,00,00,00,00,00,00,00,00,A6,07,00,00,00,00,00,00,00,00,83,07,00,00,00,00,00,00,00,00,A0,07,00,00,00,00,00,00,00,00,00,00,00,00,00,00,00,00,00,00,00,00,00,00,00,00,00,00,00,00]"",""time"":1557798968766}],""pId"":""dde5925b03f22124"",""type"":6}",1557798968972
"{""bId"":""100bbc07838a"",""collectTime"":1557799025426,""pId"":""dde5925b03f22124"",""partRunControlData"":""[00,80,00,00,00,00,00,00,00,00,00,00,00,00,00,00,00,00,00,00,00,00,00,00,00,00,00,00,00,00,00,00,00,00,00,00,00,00,19,05,14,10,08,18,00,00,00,00,00,00,00,00,00,00]"",""port"":0,""type"":4}",1557799025510
"{""bId"":""100bbce432af"",""collectTime"":1557799030331,""pId"":""dde5925b03f22124"",""partReadOnlyData"":""[00,00,03,33,FF,FF,FF,FF,40,08,03,DE,19,D1,75,30,02,A8,00,02,02,A6,00,01,10,27,00,0F,10,1F,00,01,0B,B8,00,00,03,AC,00,0A,24,03,24,61,00,00,15,07,00,00,00,00,00,00,00,00,00,00,00,00,02,AD,02,AD,02,A6,02,A1,02,A6,02,A8,10,1F,10,21,10,23,10,22,10,21,10,22,10,22,10,24,10,22,10,24,10,22,10,26,10,26,10,26,10,27,10,21,00,00,01,E0,FF,EB,FB,F1,0C,D8,00,01,00,00,19,F0,10,20]"",""port"":7,""type"":3}",1557799030411
"{""bId"":""100bbce432af"",""collectTime"":1557799035403,""pId"":""dde5925b03f22124"",""partRunControlData"":""[00,80,00,00,00,00,00,00,00,00,00,00,00,00,00,00,00,00,00,00,00,00,00,00,00,00,00,00,00,00,00,00,00,00,00,00,00,00,19,05,14,10,02,07,00,00,00,00,00,00,00,00,00,00]"",""port"":7,""type"":4}",1557799035491
"{""bId"":""100bbd075cab"",""collectTime"":1557799040461,""pId"":""dde5925b03f22124"",""partReadOnlyData"":""[00,00,03,D6,FF,FF,FF,FF,40,08,03,E8,19,D2,75,30,02,A9,00,02,02,A4,00,03,10,28,00,04,10,20,00,0C,0B,B8,00,00,03,B6,00,0E,23,D0,24,0E,00,00,14,EA,00,00,00,00,00,00,00,00,00,00,00,00,02,A9,02,A9,02,A4,02,A2,02,A5,02,A9,10,25,10,22,10,22,10,28,10,25,10,28,10,24,10,23,10,22,10,27,10,21,10,20,10,24,10,22,10,25,10,20,00,00,00,6B,00,2A,03,2E,0C,E1,00,02,00,00,19,F0,10,27]"",""port"":8,""type"":3}",1557799040552
"{""bId"":""100bbc07838a"",""collectTime"":1557799380557,""pId"":""dde5925b03f22124"",""partReadOnlyData"":""[00,00,FA,FF,FF,FF,FF,FF,40,08,03,E8,19,CC,75,30,02,A6,00,01,02,A4,00,03,10,22,00,0B,10,1C,00,02,0B,B8,00,00,03,D4,00,0A,23,E6,23,E6,00,00,14,F6,00,00,00,00,00,00,00,00,00,00,00,00,02,A9,02,A9,02,A4,02,A6,02,A6,02,A6,10,1D,10,1C,10,1E,10,21,10,21,10,21,10,1D,10,1D,10,20,10,21,10,22,10,22,10,22,10,22,10,21,10,1E,00,00,FE,88,FF,D6,03,D6,0C,E6,00,02,00,00,19,F0,10,21]"",""port"":0,""type"":3}",1557799380751
"{""bId"":""100bbc07838a"",""collectTime"":1557799385432,""pId"":""dde5925b03f22124"",""partRunControlData"":""[00,80,00,00,00,00,00,00,00,00,00,00,00,00,00,00,00,00,00,00,00,00,00,00,00,00,00,00,00,00,00,00,00,00,00,00,00,00,19,05,14,10,14,18,00,00,00,00,00,00,00,00,00,00]"",""port"":0,""type"":4}",1557799385511
"{""bId"":""100bbce432af"",""collectTime"":1557799395489,""pId"":""dde5925b03f22124"",""partRunControlData"":""[00,80,00,00,00,00,00,00,00,00,00,00,00,00,00,00,00,00,00,00,00,00,00,00,00,00,00,00,00,00,00,00,00,00,00,00,00,00,19,05,14,10,08,07,00,00,00,00,00,00,00,00,00,00]"",""port"":7,""type"":4}",1557799395571
"{""bId"":""100bbd075cab"",""collectTime"":1557799400551,""pId"":""dde5925b03f22124"",""partReadOnlyData"":""[00,00,03,D6,FF,FF,FF,FF,40,08,03,E8,19,D2,75,30,02,AA,00,02,02,A4,00,03,10,28,00,04,10,20,00,0C,0B,B8,00,00,03,B6,00,0E,23,D0,24,0E,00,00,14,EA,00,00,00,00,00,00,00,00,00,00,00,00,02,A9,02,A9,02,A4,02,A3,02,A5,02,AA,10,25,10,22,10,22,10,28,10,25,10,28,10,24,10,22,10,22,10,26,10,21,10,20,10,24,10,22,10,25,10,22,00,00,00,71,00,27,03,2A,0C,E4,00,02,00,00,19,F0,10,27]"",""port"":8,""type"":3}",1557799400642
"{""bId"":""100bbce432af"",""collectTime"":1557799390703,""pId"":""dde5925b03f22124"",""partReadOnlyData"":""[00,00,03,33,FF,FF,FF,FF,40,08,03,DE,19,D1,75,30,02,A8,00,02,02,A6,00,01,10,27,00,0F,10,1F,00,01,0B,B8,00,00,03,AC,00,0A,24,02,24,60,00,00,15,07,00,00,00,00,00,00,00,00,00,00,00,00,02,AD,02,AD,02,A6,02,A1,02,A6,02,A8,10,1F,10,21,10,23,10,22,10,21,10,22,10,22,10,24,10,22,10,24,10,22,10,26,10,26,10,26,10,27,10,22,00,00,01,E4,FF,F3,FB,EE,0C,D9,00,01,00,00,19,F0,10,20]"",""port"":7,""type"":3}",1557799390789
"{""bId"":""100bbd075cab"",""collectTime"":1557799405661,""pId"":""dde5925b03f22124"",""partRunControlData"":""[00,80,00,00,00,00,00,00,00,00,00,00,00,00,00,00,00,00,00,00,00,00,00,00,00,00,00,00,00,00,00,00,00,00,00,00,00,00,19,05,14,10,08,23,00,00,00,00,00,00,00,00,00,00]"",""port"":8,""type"":4}",1557799405751
"{""bId"":""100bbd0ec44e"",""collectTime"":1557799410534,""pId"":""dde5925b03f22124"",""partReadOnlyData"":""[00,00,03,F6,FF,FF,FF,FF,40,08,03,E8,19,D2,75,30,02,AA,00,02,02,A5,00,01,10,26,00,0C,10,1D,00,01,0B,B8,00,00,03,C0,00,0A,24,44,24,7E,00,00,15,2D,00,00,00,00,00,00,00,00,00,00,00,00,02,A7,02,A7,02,A7,02,7A,02,A5,02,AA,10,1D,10,1F,10,24,10,25,10,24,10,21,10,24,10,21,10,24,10,24,10,22,10,26,10,26,10,26,10,25,10,25,00,00,00,80,00,50,03,7C,0C,D6,00,01,00,00,19,F0,10,26]"",""port"":9,""type"":3}",1557799410621
"{""bId"":""100bbce432af"",""collectTime"":1557799750832,""pId"":""dde5925b03f22124"",""partReadOnlyData"":""[00,00,03,33,FF,FF,FF,FF,40,08,03,DE,19,D1,75,30,02,A8,00,02,02,A6,00,01,10,26,00,0C,10,1F,00,01,0B,B8,00,00,03,AC,00,0A,24,02,24,60,00,00,15,07,00,00,00,00,00,00,00,00,00,00,00,00,02,AD,02,AD,02,A6,02,A1,02,A6,02,A8,10,1F,10,21,10,23,10,22,10,21,10,22,10,22,10,23,10,22,10,24,10,22,10,26,10,26,10,26,10,26,10,21,00,00,01,E0,FF,E9,FB,EC,0C,D8,00,01,00,00,19,F0,10,20]"",""port"":7,""type"":3}",1557799751042
"{""bId"":""100bbce432af"",""collectTime"":1557799755740,""pId"":""dde5925b03f22124"",""partRunControlData"":""[00,80,00,00,00,00,00,00,00,00,00,00,00,00,00,00,00,00,00,00,00,00,00,00,00,00,00,00,00,00,00,00,00,00,00,00,00,00,19,05,14,10,14,07,00,00,00,00,00,00,00,00,00,00]"",""port"":7,""type"":4}",1557799755830
"{""bId"":""100bbd0ec44e"",""collectTime"":1557799776015,""pId"":""dde5925b03f22124"",""partRunControlData"":""[00,80,00,00,00,00,00,00,00,00,00,00,00,00,00,00,00,00,00,00,00,00,00,00,00,00,00,00,00,00,00,00,00,00,00,00,00,00,19,05,14,10,32,10,00,00,00,00,00,00,00,00,00,00]"",""port"":9,""type"":4}",1557799776102
"{""bId"":""100bbd0ec44e"",""collectTime"":1557799780741,""logIndex"":1025,""pId"":""dde5925b03f22124"",""partLog"":""[01,04,00,00,19,05,05,10,52,17,80,00,00,03,AF,FF,FF,FF,01,40,0B,03,DE,19,EA,76,6B,02,8E,00,02,02,8B,00,01,10,37,00,0D,10,2C,00,01,0B,B8,00,00,03,D4,00,09,25,16,25,76,00,00,15,A8,00,00,00,00,00,00,00,00,00,00,00,00,02,8D,02,8D,02,8C,02,63,02,8B,02,8E,10,2C,10,2E,10,33,10,34,10,34,10,30,10,33,10,2F,10,34,10,32,10,32,10,34,10,37,10,36,10,35,10,33,00,00,00,82,00,4A,03,7E,00,80,00,87,5A]"",""port"":9,""type"":5}",1557799780830
"{""bId"":""100bbd075cab"",""collectTime"":1557799765488,""pId"":""dde5925b03f22124"",""partRunControlData"":""[00,00,00,00,00,00,00,00,00,00,00,00,00,00,00,00,00,00,00,00,00,00,00,00,00,00,00,00,00,00,00,00,00,00,00,00,00,00,19,05,14,10,14,23,00,00,00,00,00,00,00,00,00,00]"",""port"":8,""type"":4}",1557799765582
"{""bId"":""100bbd0ec44e"",""collectTime"":1557799770557,""pId"":""dde5925b03f22124"",""partReadOnlyData"":""[00,00,03,F6,FF,FF,FF,FF,40,08,03,E8,19,D1,75,30,02,AA,00,02,02,A5,00,01,10,26,00,0D,10,1D,00,01,0B,B8,00,00,03,C0,00,0A,24,44,24,7E,00,00,15,2D,00,00,00,00,00,00,00,00,00,00,00,00,02,A7,02,A7,02,A7,02,7A,02,A5,02,AA,10,1D,10,1F,10,23,10,24,10,24,10,21,10,24,10,20,10,24,10,24,10,22,10,25,10,26,10,26,10,25,10,25,00,00,00,86,00,46,03,86,0C,D7,00,01,00,00,19,F0,10,25]"",""port"":9,""type"":3}",1557799770651
"{""bId"":""167000006001"",""collectTime"":1557738691056,""pId"":""f533935b08f8c924"",""partReadOnlyData"":""[00,00,00,2E,FF,FF,FF,FF,00,08,02,62,17,45,75,30,02,8C,00,03,02,6C,00,02,0E,8D,00,03,0E,87,00,10,0B,B8,03,48,03,E8,00,03,1E,EE,33,03,00,78,12,10,00,00,00,00,00,00,00,00,00,00,00,00,02,F3,02,F3,02,8C,02,CA,02,79,02,6C,0E,8C,0E,8C,0E,8D,0E,8D,0E,8C,0E,8A,0E,8C,0E,8D,0E,88,0E,8A,0E,8A,0E,8B,0E,8B,0E,8D,0E,8B,0E,87,00,00,00,00,00,00,00,00,0C,D6,00,01,00,00,19,A0,0E,88]"",""port"":1,""type"":3}",1557799981043
"{""bId"":""100bbce432af"",""collectTime"":1557800110986,""pId"":""dde5925b03f22124"",""partReadOnlyData"":""[00,00,03,33,FF,FF,FF,FF,40,08,03,DE,19,D1,75,30,02,A8,00,02,02,A6,00,01,10,26,00,0C,10,1F,00,01,0B,B8,00,00,03,AC,00,0A,24,02,24,60,00,00,15,07,00,00,00,00,00,00,00,00,00,00,00,00,02,AD,02,AD,02,A6,02,A0,02,A6,02,A8,10,1F,10,21,10,23,10,22,10,21,10,21,10,22,10,23,10,22,10,23,10,22,10,26,10,26,10,26,10,26,10,23,00,00,01,E4,FF,FD,FB,F9,0C,DA,00,01,00,00,19,F0,10,20]"",""port"":7,""type"":3}",1557800111070
"{""bId"":""100bbce432af"",""collectTime"":1557800115585,""pId"":""dde5925b03f22124"",""partRunControlData"":""[00,80,00,00,00,00,00,00,00,00,00,00,00,00,00,00,00,00,00,00,00,00,00,00,00,00,00,00,00,00,00,00,00,00,00,00,00,00,19,05,14,10,20,07,00,00,00,00,00,00,00,00,00,00]"",""port"":7,""type"":4}",1557800115670
"{""bId"":""100bbd075cab"",""collectTime"":1557800125551,""pId"":""dde5925b03f22124"",""partRunControlData"":""[00,00,00,00,00,00,00,00,00,00,00,00,00,00,00,00,00,00,00,00,00,00,00,00,00,00,00,00,00,00,00,00,00,00,00,00,00,00,19,05,14,10,20,23,00,00,00,00,00,00,00,00,00,00]"",""port"":8,""type"":4}",1557800125627
"{""bId"":""100bbd0ec44e"",""collectTime"":1557800131015,""pId"":""dde5925b03f22124"",""partReadOnlyData"":""[00,00,03,F6,FF,FF,FF,FF,40,08,03,E8,19,D1,75,30,02,AB,00,02,02,A5,00,01,10,26,00,0D,10,1D,00,01,0B,B8,00,00,03,C0,00,0A,24,44,24,7E,00,00,15,2D,00,00,00,00,00,00,00,00,00,00,00,00,02,A7,02,A7,02,A7,02,7A,02,A5,02,AB,10,1D,10,1F,10,23,10,24,10,24,10,21,10,23,10,20,10,23,10,23,10,22,10,25,10,26,10,26,10,25,10,25,00,00,00,7B,00,4A,03,78,0C,D5,00,01,00,00,19,F0,10,25]"",""port"":9,""type"":3}",1557800131101
"{""list"":[{""content"":""[75,07,45,07,00,00,00,00,00,84,07,00,00,00,00,00,00,00,00,96,07,00,00,00,00,00,00,00,00,00,00,00,00,00,00,00,00,00,00,7C,07,00,00,00,00,00,00,00,00,00,00,00,00,00,00,00,00,00,00,00,00,00,00,00,00,00,00,00,00,8E,07,00,00,00,00,00,00,00,00,A7,07,00,00,00,00,00,00,00,00,AE,07,00,00,00,00,00,00,00,00,87,07,00,00,00,00,00,00,00,00,00,00,00,00,00,00,00,00,00,00,00,00,00,00,00,00,00,00,00,00,00,00,00,00,00,00,00,00,00,00]"",""time"":1557800208948}],""pId"":""dde5925b03f22124"",""type"":6}",1557800209161
"{""bId"":""167000006001"",""collectTime"":1557739056059,""pId"":""f533935b08f8c924"",""partRunControlData"":""[00,80,00,00,00,00,00,00,00,00,00,00,00,00,00,00,00,00,00,00,00,00,00,00,00,00,00,00,00,00,00,00,00,00,00,00,00,00,19,05,14,10,19,07,00,00,00,00,00,00,00,00,00,00]"",""port"":1,""type"":4}",1557800346053
"{""bId"":""167000006001"",""collectTime"":1557739061114,""logIndex"":46,""pId"":""f533935b08f8c924"",""partLog"":""[2E,00,00,00,00,00,0D,23,28,36,80,00,00,05,D9,FF,FF,FF,02,00,04,00,32,15,BC,75,30,02,8C,00,03,02,65,00,02,0D,98,00,02,0D,93,00,06,04,23,02,58,03,E8,00,02,02,2D,31,9A,FF,FF,01,45,00,00,00,00,00,00,00,00,00,00,00,00,02,BE,02,BE,02,8C,02,B6,02,74,02,65,0D,96,0D,98,0D,98,0D,98,0D,96,0D,93,0D,97,0D,98,0D,95,0D,94,0D,93,0D,93,0D,95,0D,97,0D,94,0D,95,00,00,00,00,00,00,00,00,00,00,00,F1,3A]"",""port"":1,""type"":5}",1557800351123
"{""bId"":""100bbc07838a"",""collectTime"":1557800465757,""pId"":""dde5925b03f22124"",""partRunControlData"":""[00,00,00,00,00,00,00,00,00,00,00,00,00,00,00,00,00,00,00,00,00,00,00,00,00,00,00,00,00,00,00,00,00,00,00,00,00,00,19,05,14,10,32,18,00,00,00,00,00,00,00,00,00,00]"",""port"":0,""type"":4}",1557800465971
"{""bId"":""100bbd0ec44e"",""collectTime"":1557800491217,""pId"":""dde5925b03f22124"",""partReadOnlyData"":""[00,00,03,F6,FF,FF,FF,FF,40,08,03,E8,19,D1,75,30,02,AB,00,02,02,A5,00,01,10,26,00,0D,10,1D,00,01,0B,B8,00,00,03,C0,00,0A,24,44,24,7E,00,00,15,2D,00,00,00,00,00,00,00,00,00,00,00,00,02,A7,02,A7,02,A7,02,7A,02,A5,02,AB,10,1D,10,1F,10,23,10,24,10,24,10,21,10,23,10,20,10,23,10,23,10,22,10,25,10,26,10,26,10,25,10,25,00,00,00,7E,00,4C,03,86,0C,D6,00,01,00,00,19,F0,10,25]"",""port"":9,""type"":3}",1557800491301
"{""bId"":""100bbce432af"",""collectTime"":1557800470841,""pId"":""dde5925b03f22124"",""partReadOnlyData"":""[00,00,03,33,FF,FF,FF,FF,40,08,03,DE,19,D1,75,30,02,A8,00,02,02,A6,00,01,10,26,00,0C,10,1F,00,01,0B,B8,00,00,03,AC,00,0A,24,02,24,60,00,00,15,07,00,00,00,00,00,00,00,00,00,00,00,00,02,AC,02,AC,02,A6,02,A0,02,A6,02,A8,10,1F,10,21,10,23,10,22,10,20,10,22,10,22,10,23,10,22,10,23,10,22,10,26,10,26,10,26,10,26,10,22,00,00,01,DE,FF,EF,FB,F3,0C,D9,00,01,00,00,19,F0,10,20]"",""port"":7,""type"":3}",1557800470919
"{""bId"":""100bbce432af"",""collectTime"":1557800475753,""pId"":""dde5925b03f22124"",""partRunControlData"":""[00,80,00,00,00,00,00,00,00,00,00,00,00,00,00,00,00,00,00,00,00,00,00,00,00,00,00,00,00,00,00,00,00,00,00,00,00,00,19,05,14,10,26,07,00,00,00,00,00,00,00,00,00,00]"",""port"":7,""type"":4}",1557800475840
"{""bId"":""100bbd075cab"",""collectTime"":1557800485694,""pId"":""dde5925b03f22124"",""partRunControlData"":""[00,00,00,00,00,00,00,00,00,00,00,00,00,00,00,00,00,00,00,00,00,00,00,00,00,00,00,00,00,00,00,00,00,00,00,00,00,00,19,05,14,10,26,23,00,00,00,00,00,00,00,00,00,00]"",""port"":8,""type"":4}",1557800485780
"{""bId"":""100bbd0ec44e"",""collectTime"":1557800501123,""logIndex"":1027,""pId"":""dde5925b03f22124"",""partLog"":""[03,04,00,00,19,05,05,10,52,17,80,00,00,03,AF,FF,FF,FF,01,40,08,03,DE,19,DD,76,2B,02,8E,00,02,02,8B,00,01,10,37,00,0D,10,13,00,01,0B,B8,01,21,03,D4,00,09,25,16,25,76,00,00,15,A8,00,00,00,00,00,00,00,00,00,00,00,00,02,8D,02,8D,02,8C,02,63,02,8B,02,8E,10,13,10,14,10,33,10,34,10,1B,10,31,10,33,10,30,10,1A,10,33,10,32,10,34,10,37,10,36,10,35,10,19,00,00,00,7D,00,44,03,80,00,83,00,28,01]"",""port"":9,""type"":5}",1557800501201
"{""bId"":""100bbd0ec44e"",""collectTime"":1557800495905,""pId"":""dde5925b03f22124"",""partRunControlData"":""[00,80,00,00,00,00,00,00,00,00,00,00,00,00,00,00,00,00,00,00,00,00,00,00,00,00,00,00,00,00,00,00,00,00,00,00,00,00,19,05,14,10,44,10,00,00,00,00,00,00,00,00,00,00]"",""port"":9,""type"":4}",1557800495990
"{""bId"":""167000006001"",""collectTime"":1557739411159,""pId"":""f533935b08f8c924"",""partReadOnlyData"":""[00,00,00,2E,FF,FF,FF,FF,00,C8,02,62,17,69,75,30,02,79,00,01,00,09,00,03,0E,A4,00,03,0E,9E,00,09,00,00,00,00,03,E8,00,03,1D,FF,31,98,00,6F,11,84,00,00,00,00,03,00,00,00,80,C0,00,00,02,DC,02,DC,00,09,02,C0,02,79,02,6C,0E,A3,0E,A3,0E,A4,0E,A4,0E,A3,0E,A1,0E,A3,0E,A4,0E,9E,0E,A2,0E,A0,0E,A2,0E,A2,0E,A3,0E,A2,0E,A1,00,00,00,00,00,00,00,00,0C,D8,00,01,00,00,00,00,0E,9F]"",""port"":1,""type"":3}",1557800701161
"{""bId"":""167000006001"",""collectTime"":1557739415992,""pId"":""f533935b08f8c924"",""partRunControlData"":""[00,80,00,00,00,00,00,00,00,00,00,00,00,00,00,00,00,00,00,00,00,00,00,00,00,00,00,00,00,00,00,00,00,00,00,00,00,00,19,05,14,10,25,07,00,00,00,00,00,00,00,00,00,00]"",""port"":1,""type"":4}",1557800705976
"{""bId"":""167000006001"",""collectTime"":1557739421250,""logIndex"":47,""pId"":""f533935b08f8c924"",""partLog"":""[2F,00,00,00,00,00,0D,23,28,36,80,00,00,05,D9,FF,FF,FF,02,00,00,00,32,15,BC,75,30,02,8C,00,03,02,65,00,02,0D,98,00,02,0D,93,00,06,04,23,02,58,03,E8,00,02,02,2D,31,9A,FF,FF,01,45,00,00,00,00,00,00,00,00,00,00,00,00,02,BE,02,BE,02,8C,02,B6,02,74,02,65,0D,96,0D,98,0D,98,0D,98,0D,96,0D,93,0D,97,0D,98,0D,95,0D,94,0D,93,0D,93,0D,95,0D,97,0D,94,0D,95,00,00,00,00,00,00,00,00,00,00,00,68,EE]"",""port"":1,""type"":5}",1557800711247
"{""list"":[{""content"":""[A9,07,9E,07,00,00,00,00,00,00,00,00,00,00,00,00,00,00,00,8A,07,00,00,00,00,00,00,00,00,00,00,00,00,00,00,00,00,00,00,00,00,00,00,00,00,00,00,00,00,00,00,00,00,00,00,00,00,00,00,00,00,00,00,00,00,00,00,00,00,00,00,00,00,00,00,00,00,00,00,00,00,00,00,00,00,00,00,00,00,D6,0F,D5,0F,D7,0F,E0,0F,8A,07,00,00,00,00,00,00,00,00,00,00,00,00,00,00,00,00,00,00,00,00,00,00,00,00,00,00,00,00,00,00,00,00,00,00,00,00,00,00,00,00]"",""time"":1557738570510}],""pId"":""f533935b08f8c924"",""type"":6}",1557799860520
"{""bId"":""167000006001"",""collectTime"":1557738681013,""pId"":""f533935b08f8c924"",""partDeviceInfo"":""[00,0A,0D,44,01,05,01,01,00,1F,00,00,02,72,24,B7,A3,03,5A,84,98,3E,00,04,16,80,2E,E0,FF,FF,16,70,00,00,60,01,00,00,00,01,00,00,04,8A,00,01,10,9B,00,10,07,6A,00,10,05,1A,00,01,00,08,00,03,04,B2,14,7E]"",""port"":1,""type"":1}",1557799971013
"{""bId"":""167000006001"",""collectTime"":1557738686041,""pId"":""f533935b08f8c924"",""partProtectionParameter"":""[10,6A,10,04,0C,80,00,08,0D,AC,00,14,00,08,00,3C,0B,B6,0D,AC,02,A3,00,24,0F,A0,00,10,17,0F,1E,A1,03,84,00,0C,03,52,04,1A,00,14,03,E8,01,90,00,0C,01,A4,00,96,00,14,00,C8,04,B0,00,04,04,4C,04,B0,00,04,04,4C,10,68,00,08,10,36,0D,7A,00,08,0D,AC,00,A0,00,04,00,78,0B,B8,00,10,0B,54,03,20,00,08,03,0C,03,B6,00,08,03,AC,01,AE,00,08,01,C2,00,FA,00,08,01,04,04,6F,1E,B9]"",""port"":1,""type"":2}",1557799976034
"{""bId"":""167000006001"",""collectTime"":1557738695888,""pId"":""f533935b08f8c924"",""partRunControlData"":""[00,80,00,00,00,00,00,00,00,00,00,00,00,00,00,00,00,00,00,00,00,00,00,00,00,00,00,00,00,00,00,00,00,00,00,00,00,00,19,05,14,10,13,07,00,00,00,00,00,00,00,00,00,00]"",""port"":1,""type"":4}",1557799985883
"{""bId"":""100bbc07838a"",""collectTime"":1557800105924,""pId"":""dde5925b03f22124"",""partRunControlData"":""[00,00,00,00,00,00,00,00,00,00,00,00,00,00,00,00,00,00,00,00,00,00,00,00,00,00,00,00,00,00,00,00,00,00,00,00,00,00,19,05,14,10,26,18,00,00,00,00,00,00,00,00,00,00]"",""port"":0,""type"":4}",1557800106121
"{""bId"":""100bbd0ec44e"",""collectTime"":1557800135718,""pId"":""dde5925b03f22124"",""partRunControlData"":""[00,80,00,00,00,00,00,00,00,00,00,00,00,00,00,00,00,00,00,00,00,00,00,00,00,00,00,00,00,00,00,00,00,00,00,00,00,00,19,05,14,10,38,10,00,00,00,00,00,00,00,00,00,00]"",""port"":9,""type"":4}",1557800135810
"{""bId"":""100bbd0ec44e"",""collectTime"":1557800140824,""logIndex"":1026,""pId"":""dde5925b03f22124"",""partLog"":""[02,04,00,00,19,05,05,10,52,17,80,00,00,03,AF,FF,FF,FF,02,40,08,03,DE,19,EA,76,69,02,8E,00,02,02,8B,00,01,10,37,00,0D,10,2C,00,01,0B,B8,00,00,03,D4,00,09,25,16,25,76,00,00,15,A8,00,00,00,00,00,00,00,00,00,00,00,00,02,8D,02,8D,02,8C,02,63,02,8B,02,8E,10,2C,10,2E,10,33,10,34,10,34,10,31,10,33,10,2F,10,34,10,33,10,32,10,34,10,37,10,37,10,34,10,33,00,00,00,8C,00,48,03,7E,00,80,00,79,53]"",""port"":9,""type"":5}",1557800140911
"{""bId"":""167000006001"",""collectTime"":1557739051034,""pId"":""f533935b08f8c924"",""partReadOnlyData"":""[00,00,00,2E,FF,FF,FF,FF,00,C8,02,62,17,55,75,30,02,79,00,01,00,09,00,03,0E,98,00,04,0E,92,00,09,00,00,00,00,03,E8,00,03,1E,96,32,9B,00,73,11,DC,00,00,00,00,03,00,00,00,80,C0,00,00,02,E2,02,E2,00,09,02,C1,02,79,02,6C,0E,96,0E,96,0E,97,0E,98,0E,97,0E,95,0E,96,0E,97,0E,92,0E,95,0E,94,0E,95,0E,96,0E,97,0E,96,0E,92,00,00,00,00,00,00,00,00,0C,D6,00,01,00,00,00,00,0E,92]"",""port"":1,""type"":3}",1557800341030
"{""list"":[{""content"":""[94,07,9A,07,00,00,00,00,00,00,00,00,00,00,00,00,00,00,00,83,07,00,00,00,00,00,00,00,00,00,00,00,00,00,00,00,00,00,00,00,00,00,00,00,00,00,00,00,00,00,00,00,00,00,00,00,00,00,00,00,00,00,00,00,00,00,00,00,00,00,00,00,00,00,00,00,00,00,00,00,00,00,00,00,00,00,00,00,00,A2,0E,A3,0E,A3,0E,A2,0E,83,07,00,00,00,00,00,00,00,00,00,00,00,00,00,00,00,00,00,00,00,00,00,00,00,00,00,00,00,00,00,00,00,00,00,00,00,00,00,00,00,00]"",""time"":1557739319702}],""pId"":""f533935b08f8c924"",""type"":6}",1557800609696
"{""list"":[{""content"":""[72,07,44,07,00,00,00,00,00,86,07,00,00,00,00,00,00,00,00,96,07,00,00,00,00,00,00,00,00,00,00,00,00,00,00,00,00,00,00,7C,07,00,00,00,00,00,00,00,00,00,00,00,00,00,00,00,00,00,00,00,00,00,00,00,00,00,00,00,00,8E,07,00,00,00,00,00,00,00,00,A7,07,00,00,00,00,00,00,00,00,AF,07,00,00,00,00,00,00,00,00,87,07,00,00,00,00,00,00,00,00,00,00,00,00,00,00,00,00,00,00,00,00,00,00,00,00,00,00,00,00,00,00,00,00,00,00,00,00,00,00]"",""time"":1557800775565}],""pId"":""dde5925b03f22124"",""type"":6}",1557800775762
"{""bId"":""100bbc07838a"",""collectTime"":1557800826130,""pId"":""dde5925b03f22124"",""partRunControlData"":""[00,00,00,00,00,00,00,00,00,00,00,00,00,00,00,00,00,00,00,00,00,00,00,00,00,00,00,00,00,00,00,00,00,00,00,00,00,00,19,05,14,10,38,18,00,00,00,00,00,00,00,00,00,00]"",""port"":0,""type"":4}",1557800826220
"{""bId"":""100bbd0ec44e"",""collectTime"":1557800856082,""pId"":""dde5925b03f22124"",""partRunControlData"":""[00,80,00,00,00,00,00,00,00,00,00,00,00,00,00,00,00,00,00,00,00,00,00,00,00,00,00,00,00,00,00,00,00,00,00,00,00,00,19,05,14,10,50,10,00,00,00,00,00,00,00,00,00,00]"",""port"":9,""type"":4}",1557800856180
"{""bId"":""100bbce432af"",""collectTime"":1557800831221,""pId"":""dde5925b03f22124"",""partReadOnlyData"":""[00,00,03,33,FF,FF,FF,FF,40,08,03,DE,19,D1,75,30,02,A8,00,02,02,A6,00,01,10,26,00,0C,10,1F,00,01,0B,B8,00,00,03,AC,00,0A,24,02,24,60,00,00,15,07,00,00,00,00,00,00,00,00,00,00,00,00,02,AD,02,AD,02,A6,02,A0,02,A6,02,A8,10,1F,10,20,10,23,10,22,10,20,10,21,10,22,10,23,10,22,10,23,10,22,10,26,10,26,10,26,10,26,10,22,00,00,01,E4,FF,E7,FB,F7,0C,DA,00,01,00,00,19,F0,10,20]"",""port"":7,""type"":3}",1557800831320
"{""bId"":""100bbce432af"",""collectTime"":1557800835929,""pId"":""dde5925b03f22124"",""partRunControlData"":""[00,80,00,00,00,00,00,00,00,00,00,00,00,00,00,00,00,00,00,00,00,00,00,00,00,00,00,00,00,00,00,00,00,00,00,00,00,00,19,05,14,10,32,08,00,00,00,00,00,00,00,00,00,00]"",""port"":7,""type"":4}",1557800836013
"{""bId"":""100bbd0ec44e"",""collectTime"":1557800850984,""pId"":""dde5925b03f22124"",""partReadOnlyData"":""[00,00,03,F6,FF,FF,FF,FF,40,08,03,E8,19,D1,75,30,02,AB,00,02,02,A6,00,01,10,26,00,0D,10,1D,00,01,0B,B8,00,00,03,C0,00,0A,24,44,24,7E,00,00,15,2D,00,00,00,00,00,00,00,00,00,00,00,00,02,A7,02,A7,02,A7,02,79,02,A6,02,AB,10,1D,10,1F,10,23,10,24,10,24,10,20,10,23,10,20,10,23,10,23,10,22,10,25,10,26,10,26,10,25,10,25,00,00,00,86,00,4A,03,7A,0C,D6,00,01,00,00,19,F0,10,25]"",""port"":9,""type"":3}",1557800851071
"{""bId"":""100bbd0ec44e"",""collectTime"":1557800860999,""logIndex"":1028,""pId"":""dde5925b03f22124"",""partLog"":""[04,04,00,00,19,05,05,10,52,17,80,00,00,03,AF,FF,FF,FF,02,40,0C,03,DE,19,C2,75,30,02,8E,00,02,02,8B,00,01,10,36,00,0E,10,12,00,01,0B,B8,00,30,03,D4,00,09,25,16,25,76,00,00,15,A8,00,00,00,00,00,00,00,00,00,00,00,00,02,8D,02,8D,02,8C,02,63,02,8B,02,8E,10,12,10,13,10,18,10,19,10,19,10,16,10,18,10,15,10,18,10,19,10,18,10,1A,10,1C,10,36,10,1C,10,19,00,00,00,7D,00,44,03,80,00,83,00,D7,B0]"",""port"":9,""type"":5}",1557800861079
"{""bId"":""167000006001"",""collectTime"":1557739771223,""pId"":""f533935b08f8c924"",""partReadOnlyData"":""[00,00,00,2E,FF,FF,FF,FF,00,0B,02,76,17,F5,77,F1,02,8C,00,03,02,6C,00,02,0E,FD,00,09,0E,F2,00,10,0B,B8,03,48,03,E8,00,03,1E,EA,31,66,00,28,12,0D,00,00,00,00,00,00,00,00,00,00,00,00,02,E2,02,E2,02,8C,02,C1,02,79,02,6C,0E,F8,0E,F9,0E,FB,0E,FB,0E,FA,0E,F8,0E,FB,0E,F9,0E,FD,0E,FA,0E,F6,0E,F8,0E,F9,0E,FC,0E,F9,0E,F2,00,00,00,00,00,00,00,00,0C,D6,00,01,1C,0B,19,A0,0E,FE]"",""port"":1,""type"":3}",1557801061214
