007126255255255255,0,0,0,1,0,0,0,0,0,0,0,0,0,0,1,0,99.0,65.76,0.0,26.5,2,26.1,1,4115,13,4095,2,30.0,0.0,95.0,19,9084,9247,0,530.5,0,0,0,0,0,0,0,0,0,0,0,0,0,0,0,0,0,0,0,0,0,0,0,0,0,0,0,0,0,0,0,0,0,0,0,0,0,0,0,0,0,0,0,0,0,0,0,0,0,0,0,0,0,0,0,0,0,0,0,0,0,0,0,0,\N,0,0,0,0,0,0,0,0,0,0,0,0,0,0,0,0,26.8,26.8,26.3,25.9,26.1,26.5,\N,\N,\N,\N,\N,\N,\N,\N,\N,\N,\N,\N,\N,\N,\N,\N,0,0,0,0,0,0,0,0,0,0,0,0,0,0,0,0,371,21,1082,3289,1,0,66.4,4096,100bb4f52de4,dde5925b03f22124,7,3,\N
00351255255255255,0,0,0,1,0,0,0,0,0,0,0,0,0,0,1,0,99.0,66.02,0.0,27.1,2,27.0,1,4130,15,4122,1,30.0,0.0,94.0,10,9216,9310,0,538.2,0,0,0,0,0,0,0,0,0,0,0,0,0,0,0,0,0,0,0,0,0,0,0,0,0,0,0,0,0,0,0,0,0,0,0,0,0,0,0,0,0,0,0,0,0,0,0,0,0,0,0,0,0,0,0,0,0,0,0,0,0,0,0,0,\N,0,0,0,0,0,0,0,0,0,0,0,0,0,0,0,0,27.5,27.5,27.0,26.4,27.0,27.1,\N,\N,\N,\N,\N,\N,\N,\N,\N,\N,\N,\N,\N,\N,\N,\N,0,0,0,0,0,0,0,0,0,0,0,0,0,0,0,0,470,95,960,3291,1,0,66.4,4123,100bbce432af,dde5925b03f22124,1,3,\N
003214255255255255,0,0,0,1,0,0,0,0,0,0,0,0,0,0,1,0,100.0,66.12,0.0,26.8,2,26.3,1,4137,4,4129,12,30.0,0.0,96.0,14,9160,9160,0,534.9,0,0,0,0,0,0,0,0,0,0,0,0,0,0,0,0,0,0,0,0,0,0,0,0,0,0,0,0,0,0,0,0,0,0,0,0,0,0,0,0,0,0,0,0,0,0,0,0,0,0,0,0,0,0,0,0,0,0,0,0,0,0,0,0,\N,0,0,0,0,0,0,0,0,0,0,0,0,0,0,0,0,26.7,26.7,26.3,26.1,26.3,26.8,\N,\N,\N,\N,\N,\N,\N,\N,\N,\N,\N,\N,\N,\N,\N,\N,0,0,0,0,0,0,0,0,0,0,0,0,0,0,0,0,99,23,818,3298,2,0,66.4,4137,100bbd075cab,af61f35a05f22124,9,3,\N
00351255255255255,0,0,0,1,0,0,0,0,0,0,0,0,0,0,1,0,99.0,66.02,0.0,27.1,2,27.0,1,4130,15,4122,1,30.0,0.0,94.0,10,9216,9310,0,538.2,0,0,0,0,0,0,0,0,0,0,0,0,0,0,0,0,0,0,0,0,0,0,0,0,0,0,0,0,0,0,0,0,0,0,0,0,0,0,0,0,0,0,0,0,0,0,0,0,0,0,0,0,0,0,0,0,0,0,0,0,0,0,0,0,\N,0,0,0,0,0,0,0,0,0,0,0,0,0,0,0,0,27.5,27.5,27.0,26.4,27.0,27.1,\N,\N,\N,\N,\N,\N,\N,\N,\N,\N,\N,\N,\N,\N,\N,\N,0,0,0,0,0,0,0,0,0,0,0,0,0,0,0,0,472,95,953,3291,1,0,66.4,4123,100bbce432af,dde5925b03f22124,1,3,\N
007126255255255255,0,0,0,1,0,0,0,0,0,0,0,0,0,0,1,0,99.0,65.75,0.0,26.5,2,26.1,1,4115,13,4095,2,30.0,0.0,95.0,19,9084,9247,0,530.5,0,0,0,0,0,0,0,0,0,0,0,0,0,0,0,0,0,0,0,0,0,0,0,0,0,0,0,0,0,0,0,0,0,0,0,0,0,0,0,0,0,0,0,0,0,0,0,0,0,0,0,0,0,0,0,0,0,0,0,0,0,0,0,0,\N,0,0,0,0,0,0,0,0,0,0,0,0,0,0,0,0,26.9,26.9,26.3,25.9,26.1,26.5,\N,\N,\N,\N,\N,\N,\N,\N,\N,\N,\N,\N,\N,\N,\N,\N,0,0,0,0,0,0,0,0,0,0,0,0,0,0,0,0,369,35,1078,3289,1,0,66.4,4096,100bb4f52de4,dde5925b03f22124,7,3,\N
003214255255255255,0,0,0,1,0,0,0,0,0,0,0,0,0,0,1,0,100.0,66.12,0.0,26.9,2,26.4,1,4137,6,4129,12,30.0,0.0,96.0,14,9156,9156,0,534.7,0,0,0,0,0,0,0,0,0,0,0,0,0,0,0,0,0,0,0,0,0,0,0,0,0,0,0,0,0,0,0,0,0,0,0,0,0,0,0,0,0,0,0,0,0,0,0,0,0,0,0,0,0,0,0,0,0,0,0,0,0,0,0,0,\N,0,0,0,0,0,0,0,0,0,0,0,0,0,0,0,0,26.8,26.8,26.4,26.1,26.4,26.9,\N,\N,\N,\N,\N,\N,\N,\N,\N,\N,\N,\N,\N,\N,\N,\N,0,0,0,0,0,0,0,0,0,0,0,0,0,0,0,0,105,31,806,3299,2,0,66.4,4137,100bbd075cab,af61f35a05f22124,9,3,\N
003214255255255255,0,0,0,1,0,0,0,0,0,0,0,0,0,0,1,0,100.0,66.12,0.0,26.8,2,26.3,1,4137,4,4128,12,30.0,0.0,96.0,14,9160,9160,0,534.9,0,0,0,0,0,0,0,0,0,0,0,0,0,0,0,0,0,0,0,0,0,0,0,0,0,0,0,0,0,0,0,0,0,0,0,0,0,0,0,0,0,0,0,0,0,0,0,0,0,0,0,0,0,0,0,0,0,0,0,0,0,0,0,0,\N,0,0,0,0,0,0,0,0,0,0,0,0,0,0,0,0,26.7,26.7,26.3,26.0,26.3,26.8,\N,\N,\N,\N,\N,\N,\N,\N,\N,\N,\N,\N,\N,\N,\N,\N,0,0,0,0,0,0,0,0,0,0,0,0,0,0,0,0,101,21,810,3298,2,0,66.4,4137,100bbd075cab,af61f35a05f22124,9,3,\N
003214255255255255,0,0,0,1,0,0,0,0,0,0,0,0,0,0,1,0,100.0,66.12,0.0,26.8,2,26.3,1,4137,4,4129,12,30.0,0.0,96.0,14,9160,9160,0,534.9,0,0,0,0,0,0,0,0,0,0,0,0,0,0,0,0,0,0,0,0,0,0,0,0,0,0,0,0,0,0,0,0,0,0,0,0,0,0,0,0,0,0,0,0,0,0,0,0,0,0,0,0,0,0,0,0,0,0,0,0,0,0,0,0,\N,0,0,0,0,0,0,0,0,0,0,0,0,0,0,0,0,26.7,26.7,26.3,26.1,26.3,26.8,\N,\N,\N,\N,\N,\N,\N,\N,\N,\N,\N,\N,\N,\N,\N,\N,0,0,0,0,0,0,0,0,0,0,0,0,0,0,0,0,103,31,812,3298,2,0,66.4,4137,100bbd075cab,af61f35a05f22124,9,3,\N
00351255255255255,0,0,0,1,0,0,0,0,0,0,0,0,0,0,1,0,99.0,66.01,0.0,27.2,2,27.0,1,4130,16,4122,1,30.0,0.0,94.0,10,9216,9310,0,538.2,0,0,0,0,0,0,0,0,0,0,0,0,0,0,0,0,0,0,0,0,0,0,0,0,0,0,0,0,0,0,0,0,0,0,0,0,0,0,0,0,0,0,0,0,0,0,0,0,0,0,0,0,0,0,0,0,0,0,0,0,0,0,0,0,\N,0,0,0,0,0,0,0,0,0,0,0,0,0,0,0,0,27.6,27.6,27.0,26.4,27.0,27.2,\N,\N,\N,\N,\N,\N,\N,\N,\N,\N,\N,\N,\N,\N,\N,\N,0,0,0,0,0,0,0,0,0,0,0,0,0,0,0,0,476,91,953,3291,1,0,66.4,4123,100bbce432af,dde5925b03f22124,1,3,\N
003214255255255255,0,0,0,1,0,0,0,0,0,0,0,0,0,0,1,0,100.0,66.11,0.0,26.9,2,26.4,1,4137,6,4128,12,30.0,0.0,96.0,14,9155,9156,0,534.6,0,0,0,0,0,0,0,0,0,0,0,0,0,0,0,0,0,0,0,0,0,0,0,0,0,0,0,0,0,0,0,0,0,0,0,0,0,0,0,0,0,0,0,0,0,0,0,0,0,0,0,0,0,0,0,0,0,0,0,0,0,0,0,0,\N,0,0,0,0,0,0,0,0,0,0,0,0,0,0,0,0,26.8,26.8,26.4,26.2,26.4,26.9,\N,\N,\N,\N,\N,\N,\N,\N,\N,\N,\N,\N,\N,\N,\N,\N,0,0,0,0,0,0,0,0,0,0,0,0,0,0,0,0,103,27,818,3297,2,0,66.4,4136,100bbd075cab,af61f35a05f22124,9,3,\N
003214255255255255,0,0,0,1,0,0,0,0,0,0,0,0,0,0,1,0,100.0,66.11,0.0,26.9,2,26.4,1,4137,6,4128,12,30.0,0.0,96.0,14,9155,9156,0,534.6,0,0,0,0,0,0,0,0,0,0,0,0,0,0,0,0,0,0,0,0,0,0,0,0,0,0,0,0,0,0,0,0,0,0,0,0,0,0,0,0,0,0,0,0,0,0,0,0,0,0,0,0,0,0,0,0,0,0,0,0,0,0,0,0,\N,0,0,0,0,0,0,0,0,0,0,0,0,0,0,0,0,26.8,26.8,26.4,26.3,26.4,26.9,\N,\N,\N,\N,\N,\N,\N,\N,\N,\N,\N,\N,\N,\N,\N,\N,0,0,0,0,0,0,0,0,0,0,0,0,0,0,0,0,105,37,810,3299,2,0,66.4,4136,100bbd075cab,af61f35a05f22124,9,3,\N
003214255255255255,0,0,0,1,0,0,0,0,0,0,0,0,0,0,1,0,100.0,66.11,0.0,26.9,2,26.4,1,4137,6,4128,12,30.0,0.0,96.0,14,9155,9156,0,534.6,0,0,0,0,0,0,0,0,0,0,0,0,0,0,0,0,0,0,0,0,0,0,0,0,0,0,0,0,0,0,0,0,0,0,0,0,0,0,0,0,0,0,0,0,0,0,0,0,0,0,0,0,0,0,0,0,0,0,0,0,0,0,0,0,\N,0,0,0,0,0,0,0,0,0,0,0,0,0,0,0,0,26.7,26.7,26.4,26.1,26.4,26.9,\N,\N,\N,\N,\N,\N,\N,\N,\N,\N,\N,\N,\N,\N,\N,\N,0,0,0,0,0,0,0,0,0,0,0,0,0,0,0,0,109,31,812,3298,2,0,66.4,4137,100bbd075cab,af61f35a05f22124,9,3,\N
003214255255255255,0,0,0,1,0,0,0,0,0,0,0,0,0,0,1,0,100.0,66.11,0.0,26.9,2,26.4,1,4137,6,4128,12,30.0,0.0,96.0,14,9155,9156,0,534.6,0,0,0,0,0,0,0,0,0,0,0,0,0,0,0,0,0,0,0,0,0,0,0,0,0,0,0,0,0,0,0,0,0,0,0,0,0,0,0,0,0,0,0,0,0,0,0,0,0,0,0,0,0,0,0,0,0,0,0,0,0,0,0,0,\N,0,0,0,0,0,0,0,0,0,0,0,0,0,0,0,0,26.8,26.8,26.4,26.2,26.4,26.9,\N,\N,\N,\N,\N,\N,\N,\N,\N,\N,\N,\N,\N,\N,\N,\N,0,0,0,0,0,0,0,0,0,0,0,0,0,0,0,0,105,23,814,3298,2,0,66.4,4136,100bbd075cab,af61f35a05f22124,9,3,\N
003214255255255255,0,0,0,1,0,0,0,0,0,0,0,0,0,0,1,0,100.0,66.11,0.0,27.0,2,26.5,1,4137,6,4128,12,30.0,0.0,96.0,14,9155,9156,0,534.6,0,0,0,0,0,0,0,0,0,0,0,0,0,0,0,0,0,0,0,0,0,0,0,0,0,0,0,0,0,0,0,0,0,0,0,0,0,0,0,0,0,0,0,0,0,0,0,0,0,0,0,0,0,0,0,0,0,0,0,0,0,0,0,0,\N,0,0,0,0,0,0,0,0,0,0,0,0,0,0,0,0,26.9,26.9,26.5,26.3,26.5,27.0,\N,\N,\N,\N,\N,\N,\N,\N,\N,\N,\N,\N,\N,\N,\N,\N,0,0,0,0,0,0,0,0,0,0,0,0,0,0,0,0,105,31,816,3298,2,0,66.4,4136,100bbd075cab,af61f35a05f22124,9,3,\N
003214255255255255,0,0,0,1,0,0,0,0,0,0,0,0,0,0,1,0,100.0,66.1,0.0,27.0,2,26.5,1,4136,4,4128,12,30.0,0.0,96.0,14,9155,9158,0,534.6,0,0,0,0,0,0,0,0,0,0,0,0,0,0,0,0,0,0,0,0,0,0,0,0,0,0,0,0,0,0,0,0,0,0,0,0,0,0,0,0,0,0,0,0,0,0,0,0,0,0,0,0,0,0,0,0,0,0,0,0,0,0,0,0,\N,0,0,0,0,0,0,0,0,0,0,0,0,0,0,0,0,26.9,26.9,26.5,26.3,26.5,27.0,\N,\N,\N,\N,\N,\N,\N,\N,\N,\N,\N,\N,\N,\N,\N,\N,0,0,0,0,0,0,0,0,0,0,0,0,0,0,0,0,97,29,802,3298,2,0,66.4,4136,100bbd075cab,af61f35a05f22124,9,3,\N
003214255255255255,0,0,0,1,0,0,0,0,0,0,0,0,0,0,1,0,100.0,66.11,0.0,27.0,2,26.5,1,4137,6,4128,12,30.0,0.0,96.0,14,9155,9156,0,534.6,0,0,0,0,0,0,0,0,0,0,0,0,0,0,0,0,0,0,0,0,0,0,0,0,0,0,0,0,0,0,0,0,0,0,0,0,0,0,0,0,0,0,0,0,0,0,0,0,0,0,0,0,0,0,0,0,0,0,0,0,0,0,0,0,\N,0,0,0,0,0,0,0,0,0,0,0,0,0,0,0,0,26.9,26.9,26.5,26.3,26.5,27.0,\N,\N,\N,\N,\N,\N,\N,\N,\N,\N,\N,\N,\N,\N,\N,\N,0,0,0,0,0,0,0,0,0,0,0,0,0,0,0,0,105,27,820,3298,2,0,66.4,4136,100bbd075cab,af61f35a05f22124,9,3,\N
003214255255255255,0,0,0,1,0,0,0,0,0,0,0,0,0,0,1,0,100.0,66.1,0.0,27.1,2,26.6,1,4136,4,4128,12,30.0,0.0,96.0,14,9155,9162,0,534.6,0,0,0,0,0,0,0,0,0,0,0,0,0,0,0,0,0,0,0,0,0,0,0,0,0,0,0,0,0,0,0,0,0,0,0,0,0,0,0,0,0,0,0,0,0,0,0,0,0,0,0,0,0,0,0,0,0,0,0,0,0,0,0,0,\N,0,0,0,0,0,0,0,0,0,0,0,0,0,0,0,0,27.0,27.0,26.6,26.4,26.6,27.1,\N,\N,\N,\N,\N,\N,\N,\N,\N,\N,\N,\N,\N,\N,\N,\N,0,0,0,0,0,0,0,0,0,0,0,0,0,0,0,0,109,37,810,3298,2,0,66.4,4136,100bbd075cab,af61f35a05f22124,9,3,\N
