"{""bId"":""169000006001"",""collectTime"":1557859993251,""pId"":""f533935b08f8c924"",""partReadOnlyData"":""[00,00,00,49,FF,FF,FF,FF,00,0B,01,90,17,39,77,F2,02,8C,00,03,02,6C,00,02,0E,89,00,09,0E,7D,00,0B,09,0E,03,02,03,E8,00,02,12,F7,2F,BA,00,3E,0B,13,00,00,00,00,00,00,00,00,00,00,00,00,02,F6,02,F6,02,8C,02,CC,02,79,02,6C,0E,82,0E,84,0E,85,0E,86,0E,84,0E,81,0E,85,0E,84,0E,89,0E,83,0E,7D,0E,82,0E,83,0E,87,0E,83,0E,87,00,00,00,00,00,00,00,00,0C,D4,00,01,1C,14,19,F0,0E,8A]"",""port"":1,""type"":3}",1557921282520
"{""list"":[{""content"":""[9E,07,6F,07,00,00,00,00,00,00,00,00,00,00,00,00,00,00,00,00,00,00,00,00,00,00,00,00,00,00,00,00,00,00,00,00,00,00,00,97,07,00,00,00,00,00,00,00,00,00,00,00,00,00,00,00,00,00,00,DE,07,00,00,00,00,00,00,00,00,00,00,00,00,00,00,00,00,00,00,00,00,00,00,00,00,00,00,00,00,00,00,00,00,00,00,00,00,00,00,00,00,00,00,00,00,00,00,00,00,00,00,00,00,00,00,00,00,00,00,00,00,00,00,00,00,00,00,00,00,00,00,00,00,00,00,00,00,00,00]"",""time"":1557860060605}],""pId"":""af61f35a05f22124"",""type"":6}",1557921291519
"{""bId"":""169000006001"",""collectTime"":1557860003349,""logIndex"":75,""pId"":""f533935b08f8c924"",""partLog"":""[4B,00,00,00,00,00,0D,23,58,44,40,00,00,05,D9,FF,FF,FF,01,00,80,00,8C,15,96,75,30,02,8C,00,03,02,65,00,02,0D,81,00,07,0D,79,00,10,0B,B8,02,58,03,E8,00,02,06,96,31,9D,FF,FF,03,D8,00,00,00,00,00,00,00,00,00,02,00,00,02,BD,02,BD,02,8C,02,C9,02,75,02,65,0D,7D,0D,7F,0D,7E,0D,7E,0D,7E,0D,7C,0D,81,0D,7F,0D,80,0D,7E,0D,7B,0D,7C,0D,81,0D,7F,0D,7C,0D,79,00,00,00,00,00,00,00,00,00,00,00,03,FC]"",""port"":1,""type"":5}",1557921292599
"{""bId"":""169000006001"",""collectTime"":1557859998116,""pId"":""f533935b08f8c924"",""partRunControlData"":""[00,83,00,00,00,00,00,00,00,00,00,00,00,00,00,00,00,00,00,00,00,00,00,00,00,00,00,00,00,00,00,00,00,00,00,00,00,00,19,05,15,19,54,21,00,00,00,00,00,00,00,00,00,00]"",""port"":1,""type"":4}",1557921287365
"{""bId"":""100bbce95651"",""collectTime"":1557921383205,""pId"":""dde5925b03f22124"",""partReadOnlyData"":""[00,00,03,2B,FF,FF,FF,FF,00,08,02,EE,18,71,75,30,02,B2,00,01,02,AE,00,02,0F,49,00,04,0F,44,00,01,0B,B8,02,BC,03,A2,00,0C,1B,32,24,67,FF,FF,0F,E1,00,00,00,00,00,00,00,00,00,00,00,00,02,B1,02,B1,02,B2,02,AB,02,B2,02,AE,0F,44,0F,48,0F,48,0F,49,0F,49,0F,46,0F,46,0F,48,0F,46,0F,48,0F,47,0F,48,0F,47,0F,48,0F,48,0F,44,00,00,01,53,FF,D6,FB,C5,0C,CF,00,02,00,00,19,F0,0F,4B]"",""port"":1,""type"":3}",1557921383219
"{""bId"":""100bbce95651"",""collectTime"":1557921388053,""pId"":""dde5925b03f22124"",""partRunControlData"":""[00,80,00,00,00,00,00,00,00,00,00,00,00,00,00,00,00,00,00,00,00,00,00,00,00,00,00,00,00,00,00,00,00,00,00,00,00,00,19,05,15,19,10,43,00,00,00,00,00,00,00,00,00,00]"",""port"":1,""type"":4}",1557921388073
"{""bId"":""1011428da74b"",""collectTime"":1557921581927,""pId"":""6733935b06623c24"",""partRunControlData"":""[00,00,00,00,00,00,00,00,00,00,00,00,00,00,00,00,00,00,00,00,00,00,00,00,00,00,00,00,00,00,00,00,00,00,00,00,00,00,19,05,15,20,05,11,00,00,00,00,00,00,00,00,00,00]"",""port"":3,""type"":4}",1557921581789
"{""bId"":""169000006001"",""collectTime"":1557860353270,""pId"":""f533935b08f8c924"",""partReadOnlyData"":""[00,00,00,49,FF,FF,FF,FF,00,0B,01,CC,17,59,77,F3,02,8C,00,03,02,6C,00,02,0E,9C,00,09,0E,92,00,0B,09,49,03,02,03,E8,00,02,15,C1,2F,BA,00,38,0C,B4,00,00,00,00,00,00,00,00,00,00,00,00,02,FE,02,FE,02,8C,02,D1,02,79,02,6C,0E,96,0E,98,0E,99,0E,9A,0E,98,0E,95,0E,99,0E,98,0E,9C,0E,97,0E,92,0E,95,0E,96,0E,9B,0E,97,0E,9A,00,00,00,00,00,00,00,00,0C,D3,00,01,1C,14,19,F0,0E,9D]"",""port"":1,""type"":3}",1557921642512
"{""bId"":""169000006001"",""collectTime"":1557860358128,""pId"":""f533935b08f8c924"",""partRunControlData"":""[00,83,00,00,00,00,00,00,00,00,00,00,00,00,00,00,00,00,00,00,00,00,00,00,00,00,00,00,00,00,00,00,00,00,00,00,00,00,19,05,15,20,00,21,00,00,00,00,00,00,00,00,00,00]"",""port"":1,""type"":4}",1557921647367
"{""bId"":""169000006001"",""collectTime"":1557860363362,""logIndex"":76,""pId"":""f533935b08f8c924"",""partLog"":""[4C,00,00,00,00,00,10,00,00,43,40,00,00,05,D9,FF,FF,FF,01,00,80,00,8C,15,93,75,30,02,8C,00,03,02,66,00,02,0D,81,00,0D,0D,78,00,10,0B,B8,02,58,03,E8,00,02,06,96,31,9D,FF,FF,03,D8,00,00,00,00,00,00,00,00,00,02,00,00,02,BB,02,BB,02,8C,02,C4,02,75,02,66,0D,7C,0D,7E,0D,7C,0D,7D,0D,7C,0D,7B,0D,7F,0D,7F,0D,7E,0D,7C,0D,79,0D,7A,0D,81,0D,7D,0D,7B,0D,78,00,00,00,00,00,00,00,00,00,00,00,9B,2C]"",""port"":1,""type"":5}",1557921652614
"{""bId"":""100000004003"",""collectTime"":1557860657007,""pId"":""af61f35a05f22124"",""partReadOnlyData"":""[00,00,00,1A,FF,FF,FF,FF,40,08,03,DE,14,D7,75,30,02,A0,00,01,02,9E,00,02,10,0F,00,02,10,00,00,0F,0B,B8,00,00,03,E8,00,0A,38,19,39,32,00,00,20,C2,00,00,00,00,00,00,00,00,00,00,00,00,02,9E,02,9E,02,A4,02,9E,02,A0,02,9E,10,0A,10,0F,10,0C,10,0D,10,0A,10,04,10,0A,10,08,FF,FF,10,04,10,07,10,09,10,07,FF,FF,10,00,FF,FF,00,00,00,00,00,00,00,00,0C,DA,00,03,00,00,15,13,10,09]"",""port"":3,""type"":3}",1557921887718
"{""list"":[{""content"":""[E4,06,75,07,00,00,00,00,00,00,00,00,00,00,00,00,00,00,00,00,00,00,00,00,00,00,00,00,00,00,00,00,00,00,00,00,00,00,00,00,00,00,00,00,00,00,00,00,00,00,00,00,00,00,00,00,00,00,00,00,00,00,00,00,00,00,00,00,00,00,00,00,00,00,00,00,00,00,00,00,00,00,00,00,00,00,00,00,00,00,00,02,BD,02,BD,02,BD,02,AB,00,00,00,00,00,00,00,00,00,00,00,00,00,00,00,00,00,00,00,00,00,00,00,00,00,00,00,00,00,00,00,00,00,00,00,00,00,00,00,00]"",""time"":1557921966969}],""pId"":""6733935b06623c24"",""type"":6}",1557921966825
"{""list"":[{""content"":""[A0,07,6F,07,00,00,00,00,00,00,00,00,00,00,00,00,00,00,00,00,00,00,00,00,00,00,00,00,00,00,00,00,00,00,00,00,00,00,00,95,07,00,00,00,00,00,00,00,00,00,00,00,00,00,00,00,00,00,00,DE,07,00,00,00,00,00,00,00,00,00,00,00,00,00,00,00,00,00,00,00,00,00,00,00,00,00,00,00,00,00,00,00,00,00,00,00,00,00,00,00,00,00,00,00,00,00,00,00,00,00,00,00,00,00,00,00,00,00,00,00,00,00,00,00,00,00,00,00,00,00,00,00,00,00,00,00,00,00,00]"",""time"":1557860813995}],""pId"":""af61f35a05f22124"",""type"":6}",1557922044830
"{""list"":[{""content"":""[87,07,62,07,00,00,00,00,00,8C,07,00,00,00,00,00,00,00,00,84,07,00,00,04,00,00,00,00,00,00,00,00,00,00,00,00,00,00,00,00,00,00,00,00,00,00,00,00,00,00,00,00,00,00,00,00,00,00,00,00,00,00,00,00,00,00,00,00,00,00,00,00,00,00,00,00,00,00,00,00,00,00,00,00,00,00,00,00,00,00,00,00,00,00,00,00,00,00,00,00,00,00,00,00,00,00,00,00,00,00,00,00,00,00,00,00,00,00,00,00,00,00,00,00,00,00,00,00,00,00,00,00,00,00,00,00,00,00,00]"",""time"":1557922047617}],""pId"":""dde5925b03f22124"",""type"":6}",1557922047644
"{""list"":[{""content"":""[8D,06,83,07,00,00,00,00,00,00,00,00,00,00,00,00,00,00,00,50,07,C0,00,00,00,00,00,00,00,00,00,00,00,00,00,00,00,00,00,00,00,00,00,00,00,00,00,00,00,00,00,00,00,00,00,00,00,00,00,00,00,00,00,00,00,00,00,00,00,00,00,00,00,00,00,00,00,00,00,00,00,00,00,00,00,00,00,00,00,B2,0E,B6,0E,B3,0E,B6,0E,50,07,00,00,00,00,00,00,00,00,00,00,00,00,00,00,00,00,00,00,00,00,00,00,00,00,00,00,00,00,00,00,00,00,00,00,00,00,00,00,00,00]"",""time"":1557860781543}],""pId"":""f533935b08f8c924"",""type"":6}",1557922070774
"{""bId"":""100bbce95651"",""collectTime"":1557922103431,""pId"":""dde5925b03f22124"",""partReadOnlyData"":""[00,00,03,2B,FF,FF,FF,FF,00,08,02,EE,18,73,75,30,02,B2,00,03,02,AE,00,02,0F,4A,00,04,0F,45,00,01,0B,B8,02,BC,03,A2,00,0C,1B,36,24,6B,FF,FF,0F,E4,00,00,00,00,00,00,00,00,00,00,00,00,02,B1,02,B1,02,B2,02,AA,02,B1,02,AE,0F,45,0F,49,0F,49,0F,4A,0F,4A,0F,47,0F,47,0F,49,0F,47,0F,49,0F,48,0F,49,0F,48,0F,49,0F,49,0F,45,00,00,01,53,FF,E3,FB,C6,0C,CF,00,02,00,00,19,F0,0F,4C]"",""port"":1,""type"":3}",1557922103457
"{""bId"":""100bbce95651"",""collectTime"":1557922108274,""pId"":""dde5925b03f22124"",""partRunControlData"":""[00,80,00,00,00,00,00,00,00,00,00,00,00,00,00,00,00,00,00,00,00,00,00,00,00,00,00,00,00,00,00,00,00,00,00,00,00,00,19,05,15,19,22,43,00,00,00,00,00,00,00,00,00,00]"",""port"":1,""type"":4}",1557922108304
"{""bId"":""1011428da74b"",""collectTime"":1557922302345,""pId"":""6733935b06623c24"",""partRunControlData"":""[00,00,00,00,00,00,00,00,00,00,00,00,00,00,00,00,00,00,00,00,00,00,00,00,00,00,00,00,00,00,00,00,00,00,00,00,00,00,19,05,15,20,17,11,00,00,00,00,00,00,00,00,00,00]"",""port"":3,""type"":4}",1557922302200
"{""bId"":""169000006001"",""collectTime"":1557861073748,""pId"":""f533935b08f8c924"",""partReadOnlyData"":""[00,00,00,49,FF,FF,FF,FF,00,0B,02,44,17,AA,77,F3,02,8C,00,03,02,6C,00,02,0E,CF,00,09,0E,C6,00,0B,08,BC,03,02,03,E8,00,02,1B,58,2F,BC,00,2C,0F,F8,00,00,00,00,00,00,00,00,00,00,00,00,03,0E,03,0E,02,8C,02,DD,02,79,02,6C,0E,CA,0E,CB,0E,CC,0E,CD,0E,CC,0E,C9,0E,CC,0E,CB,0E,CF,0E,CB,0E,C6,0E,C9,0E,CA,0E,CD,0E,CA,0E,C9,00,00,00,00,00,00,00,00,0C,D1,00,01,1C,18,19,F0,0E,D1]"",""port"":1,""type"":3}",1557922363164
"{""bId"":""169000006001"",""collectTime"":1557861083646,""logIndex"":78,""pId"":""f533935b08f8c924"",""partLog"":""[4E,00,00,00,00,00,10,00,03,57,80,00,00,05,D9,FF,FF,FF,02,00,8C,00,8C,15,91,75,30,02,8C,00,03,02,65,00,02,0D,7F,00,08,0D,77,00,10,0B,B8,02,58,03,E8,00,02,06,96,31,9D,FF,FF,03,D8,00,00,00,00,00,00,00,00,00,02,00,00,02,B8,02,B8,02,8C,02,BE,02,73,02,65,0D,7B,0D,7C,0D,7C,0D,7C,0D,7B,0D,7A,0D,7D,0D,7F,0D,7C,0D,7B,0D,78,0D,79,0D,7E,0D,7C,0D,79,0D,77,00,00,00,00,00,00,00,00,00,00,00,8F,C5]"",""port"":1,""type"":5}",1557922372880
"{""bId"":""169000006001"",""collectTime"":1557861078381,""pId"":""f533935b08f8c924"",""partRunControlData"":""[00,83,00,00,00,00,00,00,00,00,00,00,00,00,00,00,00,00,00,00,00,00,00,00,00,00,00,00,00,00,00,00,00,00,00,00,00,00,19,05,15,20,12,21,00,00,00,00,00,00,00,00,00,00]"",""port"":1,""type"":4}",1557922367611
"{""bId"":""100bbce95651"",""collectTime"":1557922468266,""pId"":""dde5925b03f22124"",""partRunControlData"":""[00,80,00,00,00,00,00,00,00,00,00,00,00,00,00,00,00,00,00,00,00,00,00,00,00,00,00,00,00,00,00,00,00,00,00,00,00,00,19,05,15,19,28,43,00,00,00,00,00,00,00,00,00,00]"",""port"":1,""type"":4}",1557922468307
"{""bId"":""100bbd8e0213"",""collectTime"":1557922632134,""pId"":""6733935b06623c24"",""partProtectionParameter"":""[10,CE,10,04,0C,80,00,08,0D,AC,00,14,00,08,00,3C,0B,B4,0D,AC,04,B0,00,20,0F,A0,00,10,17,29,1E,C4,03,84,00,14,03,52,04,1A,00,14,03,E8,01,90,00,14,01,A4,00,96,00,14,00,C8,04,B0,00,04,04,4C,04,B0,00,04,04,4C,10,68,00,08,10,36,0D,7A,00,08,0D,AC,03,E8,00,10,03,B6,0B,B8,00,10,0B,54,03,20,00,08,03,0C,03,B6,00,08,03,AC,01,AE,00,08,01,C2,00,FA,00,08,01,04,04,6A,1E,B3]"",""port"":2,""type"":2}",1557922631982
"{""bId"":""100bc28991b5"",""collectTime"":1557922642282,""pId"":""6733935b06623c24"",""partRunControlData"":""[00,00,00,00,00,00,00,00,00,00,00,00,00,00,00,00,00,00,00,00,00,00,00,00,00,00,00,00,00,00,00,00,00,00,00,00,00,00,19,05,15,20,24,05,00,00,00,00,00,00,00,00,00,00]"",""port"":0,""type"":4}",1557922642127
"{""bId"":""100bbd5d2242"",""collectTime"":1557922652439,""pId"":""6733935b06623c24"",""partRunControlData"":""[00,83,00,00,00,00,00,00,00,00,00,00,00,00,00,00,00,00,00,00,00,00,00,00,00,00,00,00,00,00,00,00,00,00,00,00,00,00,19,05,15,20,32,52,00,00,00,00,00,00,00,00,00,00]"",""port"":1,""type"":4}",1557922652282
"{""bId"":""100bbd8e0213"",""collectTime"":1557922657504,""pId"":""6733935b06623c24"",""partReadOnlyData"":""[00,01,FF,29,FF,FF,FF,FF,00,08,03,D4,19,9E,75,30,02,A3,00,02,02,A0,00,01,10,06,00,0F,10,00,00,02,0B,B8,01,F4,03,D4,00,0C,25,A4,26,83,FF,FF,15,FB,00,00,00,00,00,00,00,00,00,00,00,00,02,9C,02,9C,02,A0,02,18,02,A0,02,A3,10,01,10,00,10,02,10,03,10,04,10,01,10,04,10,04,10,04,10,05,10,05,10,03,10,05,10,04,10,06,10,01,00,00,FF,51,00,2E,FC,1C,0C,DB,00,01,00,00,19,F0,10,07]"",""port"":2,""type"":3}",1557922657352
"{""bId"":""100bbd8e0213"",""collectTime"":1557922662181,""pId"":""6733935b06623c24"",""partRunControlData"":""[00,80,00,00,00,00,00,00,00,00,00,00,00,00,00,00,00,00,00,00,00,00,00,00,00,00,00,00,00,00,00,00,00,00,00,00,00,00,19,05,15,20,28,11,00,00,00,00,00,00,00,00,00,00]"",""port"":2,""type"":4}",1557922662030
"{""bId"":""169000006001"",""collectTime"":1557861433522,""pId"":""f533935b08f8c924"",""partReadOnlyData"":""[00,00,00,49,FF,FF,FF,FF,00,0B,02,80,17,E2,77,F3,02,8C,00,03,02,6C,00,02,0E,F1,00,09,0E,E9,00,0B,09,63,03,02,03,E8,00,02,1E,20,2F,BB,00,26,11,97,00,00,00,00,00,00,00,00,00,00,00,00,03,15,03,15,02,8C,02,E3,02,79,02,6C,0E,ED,0E,EE,0E,EF,0E,EF,0E,EE,0E,EB,0E,EF,0E,ED,0E,F1,0E,EE,0E,E9,0E,EC,0E,ED,0E,EF,0E,ED,0E,EE,00,00,00,00,00,00,00,00,0C,D1,00,01,1C,20,19,F0,0E,F3]"",""port"":1,""type"":3}",1557922722755
"{""bId"":""169000006001"",""collectTime"":1557861443813,""logIndex"":79,""pId"":""f533935b08f8c924"",""partLog"":""[4F,00,00,00,00,00,10,00,03,57,20,00,00,05,D9,FF,FF,FF,FF,00,8C,00,8C,15,91,75,30,02,8C,00,03,02,65,00,02,0D,7F,00,08,0D,77,00,10,0B,B8,02,58,03,E8,00,02,06,96,31,9D,FF,FF,03,D8,00,00,00,00,00,00,00,00,00,02,00,00,02,B8,02,B8,02,8C,02,BE,02,73,02,65,0D,7B,0D,7C,0D,7C,0D,7C,0D,7B,0D,7A,0D,7D,0D,7F,0D,7C,0D,7B,0D,78,0D,79,0D,7E,0D,7C,0D,79,0D,77,00,00,00,00,00,00,00,00,00,80,00,86,23]"",""port"":1,""type"":5}",1557922733046
"{""bId"":""100000004003"",""collectTime"":1557861772248,""pId"":""af61f35a05f22124"",""partReadOnlyData"":""[00,00,00,1A,FF,FF,FF,FF,40,08,03,DE,14,D7,75,30,02,A1,00,01,02,9F,00,02,10,0F,00,02,10,00,00,0F,0B,B8,00,00,03,E8,00,0A,38,19,39,32,00,00,20,C2,00,00,00,00,00,00,00,00,00,00,00,00,02,9F,02,9F,02,A4,02,9F,02,A1,02,9F,10,0A,10,0F,10,0C,10,0D,10,0A,10,03,10,09,10,08,FF,FF,10,04,10,07,10,09,10,07,FF,FF,10,00,FF,FF,00,00,00,00,00,00,00,00,0C,DB,00,02,00,00,15,13,10,08]"",""port"":3,""type"":3}",1557923002954
"{""bId"":""100bbd5d2242"",""collectTime"":1557923007373,""pId"":""6733935b06623c24"",""partReadOnlyData"":""[00,00,05,50,FF,FF,FF,FF,00,0B,02,8A,18,16,75,E8,02,C0,00,03,02,BA,00,01,0F,11,00,08,0F,08,00,10,0B,B8,02,BC,03,A2,00,10,17,B5,24,98,00,6B,0D,D8,00,00,00,00,00,00,00,00,00,00,00,00,02,C1,02,C1,02,C0,02,AE,02,BA,02,BF,0F,0B,0F,0D,0F,0E,0F,10,0F,0C,0F,0E,0F,10,0F,11,0F,10,0F,10,0F,0C,0F,0E,0F,0E,0F,10,0F,10,0F,08,00,00,01,B3,00,77,03,B9,0C,DC,00,01,07,3B,19,F0,0F,0A]"",""port"":1,""type"":3}",1557923007217
"{""bId"":""100bbd5d2242"",""collectTime"":1557923012253,""pId"":""6733935b06623c24"",""partRunControlData"":""[00,83,00,00,00,00,00,00,00,00,00,00,00,00,00,00,00,00,00,00,00,00,00,00,00,00,00,00,00,00,00,00,00,00,00,00,00,00,19,05,15,20,38,53,00,00,00,00,00,00,00,00,00,00]"",""port"":1,""type"":4}",1557923012085
"{""bId"":""100bbd8e0213"",""collectTime"":1557923017520,""pId"":""6733935b06623c24"",""partReadOnlyData"":""[00,01,FF,29,FF,FF,FF,FF,00,08,03,D4,19,9E,75,30,02,A4,00,02,02,A0,00,01,10,06,00,0F,0F,FF,00,10,0B,B8,01,F4,03,D4,00,0C,25,A4,26,83,FF,FF,15,FB,00,00,00,00,00,00,00,00,00,00,00,00,02,9F,02,9F,02,A0,02,19,02,A0,02,A4,10,01,10,00,10,02,10,03,10,03,10,01,10,04,10,04,10,04,10,05,10,04,10,03,10,05,10,04,10,06,0F,FF,00,00,FF,4D,00,32,FC,18,0C,D9,00,01,00,00,19,F0,10,07]"",""port"":2,""type"":3}",1557923017356
"{""bId"":""169000006001"",""collectTime"":1557861793601,""pId"":""f533935b08f8c924"",""partReadOnlyData"":""[00,00,00,49,FF,FF,FF,FF,00,0B,02,B2,18,25,77,F3,02,8C,00,03,02,6C,00,02,0F,1A,00,09,0F,13,00,0B,09,AA,03,02,03,E8,00,02,20,EB,2F,BA,00,20,13,39,00,00,00,00,00,00,00,00,00,00,00,00,03,1B,03,1B,02,8C,02,E7,02,79,02,6C,0F,17,0F,18,0F,18,0F,18,0F,17,0F,15,0F,18,0F,16,0F,1A,0F,18,0F,13,0F,16,0F,17,0F,19,0F,17,0F,19,00,00,00,00,00,00,00,00,0C,D2,00,01,1C,20,19,F0,0F,1D]"",""port"":1,""type"":3}",1557923082831
"{""bId"":""169000006001"",""collectTime"":1557861798636,""pId"":""f533935b08f8c924"",""partRunControlData"":""[00,83,00,00,00,00,00,00,00,00,00,00,00,00,00,00,00,00,00,00,00,00,00,00,00,00,00,00,00,00,00,00,00,00,00,00,00,00,19,05,15,20,24,21,00,00,00,00,00,00,00,00,00,00]"",""port"":1,""type"":4}",1557923087867
"{""bId"":""169000006001"",""collectTime"":1557861803668,""logIndex"":80,""pId"":""f533935b08f8c924"",""partLog"":""[50,00,00,00,00,00,10,00,03,57,80,00,00,05,D9,FF,FF,FF,01,00,8C,00,8C,15,91,75,30,02,8C,00,03,02,65,00,02,0D,7F,00,08,0D,77,00,10,0B,B8,02,58,03,E8,00,02,06,96,31,9D,FF,FF,03,D8,00,00,00,00,00,00,00,00,00,02,00,00,02,B8,02,B8,02,8C,02,BE,02,73,02,65,0D,7B,0D,7C,0D,7C,0D,7C,0D,7B,0D,7A,0D,7D,0D,7F,0D,7C,0D,7B,0D,78,0D,79,0D,7E,0D,7C,0D,79,0D,77,00,00,00,00,00,00,00,00,00,80,00,B3,34]"",""port"":1,""type"":5}",1557923092893
"{""list"":[{""content"":""[7F,07,5C,07,00,00,00,00,00,8C,07,00,00,00,00,00,00,00,00,85,07,00,00,04,00,00,00,00,00,00,00,00,00,00,00,00,00,00,00,00,00,00,00,00,00,00,00,00,00,00,00,00,00,00,00,00,00,00,00,00,00,00,00,00,00,00,00,00,00,00,00,00,00,00,00,00,00,00,00,00,00,00,00,00,00,00,00,00,00,00,00,00,00,00,00,00,00,00,00,00,00,00,00,00,00,00,00,00,00,00,00,00,00,00,00,00,00,00,00,00,00,00,00,00,00,00,00,00,00,00,00,00,00,00,00,00,00,00,00]"",""time"":1557921325729}],""pId"":""dde5925b03f22124"",""type"":6}",1557921325778
"{""list"":[{""content"":""[B5,06,86,07,00,00,00,00,00,00,00,00,00,00,00,00,00,00,00,5D,07,C0,00,00,00,00,00,00,00,00,00,00,00,00,00,00,00,00,00,00,00,00,00,00,00,00,00,00,00,00,00,00,00,00,00,00,00,00,00,00,00,00,00,00,00,00,00,00,00,00,00,00,00,00,00,00,00,00,00,00,00,00,00,00,00,00,00,00,00,85,0E,89,0E,85,0E,89,0E,5D,07,00,00,00,00,00,00,00,00,00,00,00,00,00,00,00,00,00,00,00,00,00,00,00,00,00,00,00,00,00,00,00,00,00,00,00,00,00,00,00,00]"",""time"":1557860033175}],""pId"":""f533935b08f8c924"",""type"":6}",1557921322425
"{""bId"":""100000004003"",""collectTime"":1557860285250,""pId"":""af61f35a05f22124"",""partReadOnlyData"":""[00,00,00,1A,FF,FF,FF,FF,40,08,03,DE,14,D7,75,30,02,A0,00,01,02,9E,00,02,10,0F,00,02,10,00,00,0F,0B,B8,00,00,03,E8,00,0A,38,19,39,32,00,00,20,C2,00,00,00,00,00,00,00,00,00,00,00,00,02,9E,02,9E,02,A4,02,9E,02,A0,02,9E,10,0A,10,0F,10,0C,10,0D,10,0A,10,04,10,0A,10,08,FF,FF,10,04,10,07,10,09,10,07,FF,FF,10,00,FF,FF,00,00,00,00,00,00,00,00,0C,DA,00,02,00,00,15,13,10,09]"",""port"":3,""type"":3}",1557921515983
"{""bId"":""100000004003"",""collectTime"":1557860290047,""pId"":""af61f35a05f22124"",""partRunControlData"":""[00,80,00,00,00,00,00,00,00,00,00,00,00,00,00,00,00,00,00,00,00,00,00,00,00,00,00,00,00,00,00,00,00,00,00,00,00,00,19,05,15,19,44,55,00,00,00,00,00,00,00,00,00,00]"",""port"":3,""type"":4}",1557921520687
"{""bId"":""100bc28991b5"",""collectTime"":1557921562051,""pId"":""6733935b06623c24"",""partRunControlData"":""[00,00,00,00,00,00,00,00,00,00,00,00,00,00,00,00,00,00,00,00,00,00,00,00,00,00,00,00,00,00,00,00,00,00,00,00,00,00,19,05,15,20,06,05,00,00,00,00,00,00,00,00,00,00]"",""port"":0,""type"":4}",1557921561926
"{""bId"":""100bbd5d2242"",""collectTime"":1557921566918,""pId"":""6733935b06623c24"",""partReadOnlyData"":""[00,00,05,50,FF,FF,FF,FF,00,0B,02,3A,17,8F,75,E7,02,BC,00,03,02,B7,00,01,0E,BC,00,07,0E,B6,00,01,0B,B8,02,BC,03,A2,00,10,14,D7,24,99,00,84,0C,2B,00,00,00,00,00,00,00,00,00,00,00,00,02,BC,02,BC,02,BC,02,AA,02,B7,02,BA,0E,B6,0E,B8,0E,B9,0E,BB,0E,B7,0E,BA,0E,BC,0E,BB,0E,BB,0E,BA,0E,B8,0E,B8,0E,BB,0E,BB,0E,BC,0E,B6,00,00,01,BB,00,7D,03,C0,0C,DB,00,01,07,3B,19,F0,0E,B5]"",""port"":1,""type"":3}",1557921566781
"{""bId"":""100bbd5d2242"",""collectTime"":1557921572019,""pId"":""6733935b06623c24"",""partRunControlData"":""[00,83,00,00,00,00,00,00,00,00,00,00,00,00,00,00,00,00,00,00,00,00,00,00,00,00,00,00,00,00,00,00,00,00,00,00,00,00,19,05,15,20,14,52,00,00,00,00,00,00,00,00,00,00]"",""port"":1,""type"":4}",1557921571880
"{""bId"":""100bbce95651"",""collectTime"":1557921743391,""pId"":""dde5925b03f22124"",""partReadOnlyData"":""[00,00,03,2B,FF,FF,FF,FF,00,08,02,EE,18,72,75,30,02,B2,00,03,02,AE,00,02,0F,4A,00,04,0F,43,00,10,0B,B8,02,BC,03,A2,00,0C,1B,34,24,69,FF,FF,0F,E2,00,00,00,00,00,00,00,00,00,00,00,00,02,B1,02,B1,02,B2,02,AB,02,B1,02,AE,0F,45,0F,49,0F,49,0F,4A,0F,49,0F,47,0F,46,0F,49,0F,47,0F,49,0F,47,0F,48,0F,48,0F,49,0F,48,0F,43,00,00,01,57,FF,D7,FB,C3,0C,CE,00,02,00,00,19,F0,0F,4C]"",""port"":1,""type"":3}",1557921743469
"{""bId"":""100bbce95651"",""collectTime"":1557921748028,""pId"":""dde5925b03f22124"",""partRunControlData"":""[00,80,00,00,00,00,00,00,00,00,00,00,00,00,00,00,00,00,00,00,00,00,00,00,00,00,00,00,00,00,00,00,00,00,00,00,00,00,19,05,15,19,16,43,00,00,00,00,00,00,00,00,00,00]"",""port"":1,""type"":4}",1557921748047
"{""bId"":""100000004003"",""collectTime"":1557860661757,""pId"":""af61f35a05f22124"",""partRunControlData"":""[00,80,00,00,00,00,00,00,00,00,00,00,00,00,00,00,00,00,00,00,00,00,00,00,00,00,00,00,00,00,00,00,00,00,00,00,00,00,19,05,15,19,51,07,00,00,00,00,00,00,00,00,00,00]"",""port"":3,""type"":4}",1557921892378
"{""bId"":""100bc28991b5"",""collectTime"":1557921921911,""pId"":""6733935b06623c24"",""partRunControlData"":""[00,00,00,00,00,00,00,00,00,00,00,00,00,00,00,00,00,00,00,00,00,00,00,00,00,00,00,00,00,00,00,00,00,00,00,00,00,00,19,05,15,20,12,05,00,00,00,00,00,00,00,00,00,00]"",""port"":0,""type"":4}",1557921921783
"{""bId"":""100bbd5d2242"",""collectTime"":1557921927180,""pId"":""6733935b06623c24"",""partReadOnlyData"":""[00,00,05,50,FF,FF,FF,FF,00,0B,02,4E,17,B3,75,E8,02,BD,00,03,02,B8,00,01,0E,D3,00,07,0E,CD,00,01,0B,B8,02,BC,03,A2,00,10,15,8F,24,99,00,7D,0C,97,00,00,00,00,00,00,00,00,00,00,00,00,02,BD,02,BD,02,BD,02,AB,02,B8,02,BC,0E,CD,0E,CF,0E,D0,0E,D2,0E,CE,0E,D0,0E,D3,0E,D2,0E,D2,0E,D1,0E,CF,0E,CF,0E,D1,0E,D2,0E,D3,0E,CF,00,00,01,A3,00,6F,03,C2,0C,DC,00,01,07,3B,19,F0,0E,CC]"",""port"":1,""type"":3}",1557921927035
"{""bId"":""100bbd5d2242"",""collectTime"":1557921932078,""pId"":""6733935b06623c24"",""partRunControlData"":""[00,83,00,00,00,00,00,00,00,00,00,00,00,00,00,00,00,00,00,00,00,00,00,00,00,00,00,00,00,00,00,00,00,00,00,00,00,00,19,05,15,20,20,52,00,00,00,00,00,00,00,00,00,00]"",""port"":1,""type"":4}",1557921931935
"{""bId"":""1011428da74b"",""collectTime"":1557921941990,""pId"":""6733935b06623c24"",""partRunControlData"":""[00,00,00,00,00,00,00,00,00,00,00,00,00,00,00,00,00,00,00,00,00,00,00,00,00,00,00,00,00,00,00,00,00,00,00,00,00,00,19,05,15,20,11,11,00,00,00,00,00,00,00,00,00,00]"",""port"":3,""type"":4}",1557921941845
"{""bId"":""169000006001"",""collectTime"":1557860713425,""pId"":""f533935b08f8c924"",""partReadOnlyData"":""[00,00,00,49,FF,FF,FF,FF,00,0B,02,08,17,7E,77,F3,02,8C,00,03,02,6C,00,02,0E,B3,00,09,0E,A9,00,0B,08,E8,03,02,03,E8,00,02,18,8D,2F,BB,00,32,0E,56,00,00,00,00,00,00,00,00,00,00,00,00,03,05,03,05,02,8C,02,D8,02,79,02,6C,0E,AD,0E,AF,0E,B0,0E,B1,0E,AF,0E,AC,0E,B0,0E,AF,0E,B3,0E,AF,0E,A9,0E,AD,0E,AD,0E,B2,0E,AE,0E,B1,00,00,00,00,00,00,00,00,0C,D3,00,01,1C,18,19,F0,0E,B5]"",""port"":1,""type"":3}",1557922002672
"{""bId"":""169000006001"",""collectTime"":1557860718460,""pId"":""f533935b08f8c924"",""partRunControlData"":""[00,83,00,00,00,00,00,00,00,00,00,00,00,00,00,00,00,00,00,00,00,00,00,00,00,00,00,00,00,00,00,00,00,00,00,00,00,00,19,05,15,20,06,21,00,00,00,00,00,00,00,00,00,00]"",""port"":1,""type"":4}",1557922007694
"{""bId"":""169000006001"",""collectTime"":1557860723320,""logIndex"":77,""pId"":""f533935b08f8c924"",""partLog"":""[4D,00,00,00,00,00,10,00,03,57,80,00,00,05,D9,FF,FF,FF,02,00,88,00,8C,15,91,75,30,02,8C,00,03,02,65,00,02,0D,7F,00,08,0D,78,00,0B,0B,B8,02,58,03,E8,00,02,06,96,31,9D,FF,FF,03,D8,00,00,00,00,00,00,00,00,00,02,00,00,02,B8,02,B8,02,8C,02,BE,02,73,02,65,0D,7B,0D,7C,0D,7C,0D,7C,0D,7B,0D,7A,0D,7D,0D,7F,0D,7C,0D,7B,0D,78,0D,79,0D,7E,0D,7C,0D,79,0D,78,00,00,00,00,00,00,00,00,00,00,00,87,EE]"",""port"":1,""type"":5}",1557922012554
"{""bId"":""100000004003"",""collectTime"":1557861028717,""pId"":""af61f35a05f22124"",""partReadOnlyData"":""[00,00,00,1A,FF,FF,FF,FF,40,08,03,DE,14,D7,75,30,02,A0,00,01,02,9F,00,02,10,0F,00,02,10,00,00,0F,0B,B8,00,00,03,E8,00,0A,38,19,39,32,00,00,20,C2,00,00,00,00,00,00,00,00,00,00,00,00,02,9E,02,9E,02,A4,02,9F,02,A0,02,9F,10,0A,10,0F,10,0D,10,0D,10,0A,10,04,10,0A,10,08,FF,FF,10,04,10,07,10,09,10,07,FF,FF,10,00,FF,FF,00,00,00,00,00,00,00,00,0C,DA,00,02,00,00,15,13,10,08]"",""port"":3,""type"":3}",1557922259450
"{""bId"":""100000004003"",""collectTime"":1557861033720,""pId"":""af61f35a05f22124"",""partRunControlData"":""[00,80,00,00,00,00,00,00,00,00,00,00,00,00,00,00,00,00,00,00,00,00,00,00,00,00,00,00,00,00,00,00,00,00,00,00,00,00,19,05,15,19,57,19,00,00,00,00,00,00,00,00,00,00]"",""port"":3,""type"":4}",1557922264339
"{""bId"":""100bbd5d2242"",""collectTime"":1557922287500,""pId"":""6733935b06623c24"",""partReadOnlyData"":""[00,00,05,50,FF,FF,FF,FF,00,0B,02,62,17,D7,75,E7,02,BF,00,03,02,B9,00,01,0E,E9,00,07,0E,E4,00,01,0B,B8,02,BC,03,A2,00,10,16,47,24,99,00,78,0D,02,00,00,00,00,00,00,00,00,00,00,00,00,02,BF,02,BF,02,BF,02,AC,02,B9,02,BD,0E,E4,0E,E5,0E,E6,0E,E8,0E,E4,0E,E7,0E,E9,0E,E9,0E,E9,0E,E8,0E,E5,0E,E6,0E,E7,0E,E8,0E,E9,0E,E4,00,00,01,B3,00,7E,03,BE,0C,DC,00,01,07,3B,19,F0,0E,E2]"",""port"":1,""type"":3}",1557922287359
"{""bId"":""100bbd5d2242"",""collectTime"":1557922292004,""pId"":""6733935b06623c24"",""partRunControlData"":""[00,83,00,00,00,00,00,00,00,00,00,00,00,00,00,00,00,00,00,00,00,00,00,00,00,00,00,00,00,00,00,00,00,00,00,00,00,00,19,05,15,20,26,52,00,00,00,00,00,00,00,00,00,00]"",""port"":1,""type"":4}",1557922291849
"{""bId"":""100bbce95651"",""collectTime"":1557922463444,""pId"":""dde5925b03f22124"",""partReadOnlyData"":""[00,00,03,2B,FF,FF,FF,FF,00,08,02,EE,18,73,75,30,02,B2,00,03,02,AD,00,02,0F,4B,00,04,0F,44,00,10,0B,B8,02,BC,03,A2,00,0C,1B,38,24,6B,FF,FF,0F,E5,00,00,00,00,00,00,00,00,00,00,00,00,02,B1,02,B1,02,B2,02,AA,02,B1,02,AD,0F,46,0F,49,0F,4A,0F,4B,0F,4B,0F,48,0F,47,0F,49,0F,47,0F,49,0F,48,0F,49,0F,48,0F,49,0F,49,0F,44,00,00,01,59,FF,DB,FB,C3,0C,CE,00,02,00,00,19,F0,0F,4C]"",""port"":1,""type"":3}",1557922463478
"{""bId"":""100bbd8e0213"",""collectTime"":1557922627066,""pId"":""6733935b06623c24"",""partDeviceInfo"":""[00,09,0D,12,01,05,FE,FE,00,1B,00,00,01,E7,24,4F,40,05,59,97,7F,D1,00,01,16,D0,27,10,FF,FF,10,0B,BD,8E,02,13,00,02,09,01,00,02,31,00,00,02,10,3B,00,10,0E,86,00,09,02,BF,00,02,02,6C,00,01,02,C9,09,1E]"",""port"":2,""type"":1}",1557922626914
"{""bId"":""100000004003"",""collectTime"":1557861400586,""pId"":""af61f35a05f22124"",""partReadOnlyData"":""[00,00,00,1A,FF,FF,FF,FF,40,08,03,DE,14,D7,75,30,02,A0,00,01,02,9F,00,02,10,0F,00,02,10,00,00,0F,0B,B8,00,00,03,E8,00,0A,38,19,39,32,00,00,20,C2,00,00,00,00,00,00,00,00,00,00,00,00,02,9F,02,9F,02,A4,02,9F,02,A0,02,9F,10,0A,10,0F,10,0C,10,0D,10,0A,10,03,10,09,10,08,FF,FF,10,04,10,07,10,09,10,07,FF,FF,10,00,FF,FF,00,00,00,00,00,00,00,00,0C,DB,00,02,00,00,15,13,10,09]"",""port"":3,""type"":3}",1557922631294
"{""bId"":""100000004003"",""collectTime"":1557861405348,""pId"":""af61f35a05f22124"",""partRunControlData"":""[00,80,00,00,00,00,00,00,00,00,00,00,00,00,00,00,00,00,00,00,00,00,00,00,00,00,00,00,00,00,00,00,00,00,00,00,00,00,19,05,15,20,03,31,00,00,00,00,00,00,00,00,00,00]"",""port"":3,""type"":4}",1557922635954
"{""bId"":""100bbd5d2242"",""collectTime"":1557922647348,""pId"":""6733935b06623c24"",""partReadOnlyData"":""[00,00,05,50,FF,FF,FF,FF,00,0B,02,76,17,F8,75,E7,02,BF,00,03,02,BA,00,01,0E,FE,00,08,0E,F8,00,01,0B,B8,02,BC,03,A2,00,10,16,FE,24,99,00,72,0D,6D,00,00,00,00,00,00,00,00,00,00,00,00,02,C0,02,C0,02,BF,02,AD,02,BA,02,BE,0E,F8,0E,FA,0E,FB,0E,FD,0E,F9,0E,FC,0E,FD,0E,FE,0E,FD,0E,FC,0E,F9,0E,FA,0E,FC,0E,FD,0E,FD,0E,FA,00,00,01,B7,00,77,03,BD,0C,DB,00,01,07,3B,19,F0,0E,F7]"",""port"":1,""type"":3}",1557922647198
"{""list"":[{""content"":""[E2,06,78,07,00,00,00,00,00,00,00,00,00,00,00,00,00,00,00,00,00,00,00,00,00,00,00,00,00,00,00,00,00,00,00,00,00,00,00,00,00,00,00,00,00,00,00,00,00,00,00,00,00,00,00,00,00,00,00,00,00,00,00,00,00,00,00,00,00,00,00,00,00,00,00,00,00,00,00,00,00,00,00,00,00,00,00,00,00,00,00,02,9C,02,9C,02,A0,02,18,00,00,00,00,00,00,00,00,00,00,00,00,00,00,00,00,00,00,00,00,00,00,00,00,00,00,00,00,00,00,00,00,00,00,00,00,00,00,00,00]"",""time"":1557922698083}],""pId"":""6733935b06623c24"",""type"":6}",1557922697921
"{""bId"":""169000006001"",""collectTime"":1557861438557,""pId"":""f533935b08f8c924"",""partRunControlData"":""[00,83,00,00,00,00,00,00,00,00,00,00,00,00,00,00,00,00,00,00,00,00,00,00,00,00,00,00,00,00,00,00,00,00,00,00,00,00,19,05,15,20,18,21,00,00,00,00,00,00,00,00,00,00]"",""port"":1,""type"":4}",1557922727787
"{""list"":[{""content"":""[87,07,5E,07,00,00,00,00,00,00,00,00,00,00,00,00,00,00,00,82,07,00,00,00,00,00,00,00,00,00,00,00,00,00,00,00,00,00,00,00,00,00,00,00,00,00,00,00,00,00,00,00,00,00,00,00,00,00,00,00,00,00,00,00,00,00,00,00,00,00,00,00,00,00,00,00,00,00,00,00,00,00,00,00,00,00,00,00,00,00,00,00,00,00,00,00,00,00,00,00,00,00,00,00,00,00,00,00,00,00,00,00,00,00,00,00,00,00,00,00,00,00,00,00,00,00,00,00,00,00,00,00,00,00,00,00,00,00,00]"",""time"":1557922770565}],""pId"":""dde5925b03f22124"",""type"":6}",1557922770581
"{""list"":[{""content"":""[9C,07,6D,07,00,00,00,00,00,00,00,00,00,00,00,00,00,00,00,00,00,00,00,00,00,00,00,00,00,00,00,00,00,00,00,00,00,00,00,94,07,00,00,00,00,00,00,00,00,00,00,00,00,00,00,00,00,00,00,DE,07,00,00,00,00,00,00,00,00,00,00,00,00,00,00,00,00,00,00,00,00,00,00,00,00,00,00,00,00,00,00,00,00,00,00,00,00,00,00,00,00,00,00,00,00,00,00,00,00,00,00,00,00,00,00,00,00,00,00,00,00,00,00,00,00,00,00,00,00,00,00,00,00,00,00,00,00,00,00]"",""time"":1557861567116}],""pId"":""af61f35a05f22124"",""type"":6}",1557922797973
"{""list"":[{""content"":""[6C,06,7D,07,00,00,00,00,00,00,00,00,00,00,00,00,00,00,00,42,07,C0,00,00,00,00,00,00,00,00,00,00,00,00,00,00,00,00,00,00,00,00,00,00,00,00,00,00,00,00,00,00,00,00,00,00,00,00,00,00,00,00,00,00,00,00,00,00,00,00,00,00,00,00,00,00,00,00,00,00,00,00,00,00,00,00,00,00,00,F7,0E,FA,0E,F8,0E,F8,0E,42,07,00,00,00,00,00,00,00,00,00,00,00,00,00,00,00,00,00,00,00,00,00,00,00,00,00,00,00,00,00,00,00,00,00,00,00,00,00,00,00,00]"",""time"":1557861529649}],""pId"":""f533935b08f8c924"",""type"":6}",1557922818897
"{""bId"":""100bbce95651"",""collectTime"":1557922823551,""pId"":""dde5925b03f22124"",""partReadOnlyData"":""[00,00,03,2B,FF,FF,FF,FF,00,08,02,EE,18,74,75,30,02,B1,00,01,02,AD,00,02,0F,4B,00,04,0F,45,00,10,0B,B8,02,BC,03,A2,00,0C,1B,38,24,6B,FF,FF,0F,E5,00,00,00,00,00,00,00,00,00,00,00,00,02,B1,02,B1,02,B1,02,AA,02,B1,02,AD,0F,46,0F,49,0F,49,0F,4B,0F,4A,0F,48,0F,47,0F,4A,0F,48,0F,49,0F,48,0F,49,0F,48,0F,4A,0F,49,0F,45,00,00,01,55,FF,E1,FB,C3,0C,CF,00,02,00,00,19,F0,0F,4C]"",""port"":1,""type"":3}",1557922823557
"{""bId"":""100bbce95651"",""collectTime"":1557922828372,""pId"":""dde5925b03f22124"",""partRunControlData"":""[00,80,00,00,00,00,00,00,00,00,00,00,00,00,00,00,00,00,00,00,00,00,00,00,00,00,00,00,00,00,00,00,00,00,00,00,00,00,19,05,15,19,34,43,00,00,00,00,00,00,00,00,00,00]"",""port"":1,""type"":4}",1557922828388
"{""bId"":""100000004003"",""collectTime"":1557849129329,""pId"":""af61f35a05f22124"",""partReadOnlyData"":""[00,00,00,1A,FF,FF,FF,FF,40,08,03,DE,14,D9,75,30,02,9D,00,01,02,9B,00,02,10,10,00,02,10,01,00,0F,0B,B8,00,00,03,E8,00,0A,38,28,39,32,00,00,20,CB,00,00,00,00,00,00,00,00,00,00,00,00,02,9B,02,9B,02,A1,02,9B,02,9D,02,9B,10,0B,10,10,10,0E,10,0F,10,0C,10,05,10,0B,10,0A,FF,FF,10,06,10,08,10,0A,10,08,FF,FF,10,01,FF,FF,00,00,00,00,00,00,00,00,0C,DD,00,02,00,00,15,13,10,0A]"",""port"":3,""type"":3}",1557910360190
"{""bId"":""100bc28991b5"",""collectTime"":1557910393914,""pId"":""6733935b06623c24"",""partReadOnlyData"":""[00,00,02,DD,FF,FF,FF,FF,00,0B,01,FE,17,3A,75,D7,02,CD,00,02,02,C8,00,01,0E,87,00,09,0E,80,00,0B,0B,B8,02,BC,03,AC,00,0A,12,3F,24,75,00,A7,0A,A7,00,00,00,00,00,00,00,00,00,00,00,00,02,CC,02,CC,02,CC,02,B7,02,C8,02,CD,0E,83,0E,86,0E,86,0E,85,0E,86,0E,84,0E,86,0E,85,0E,87,0E,86,0E,80,0E,84,0E,83,0E,84,0E,85,0E,84,00,00,00,3E,00,23,FC,1E,0C,DB,00,02,06,B3,19,F0,0E,8A]"",""port"":0,""type"":3}",1557910393964
"{""bId"":""100bc28991b5"",""collectTime"":1557910398575,""pId"":""6733935b06623c24"",""partRunControlData"":""[00,83,00,00,00,00,00,00,00,00,00,00,00,00,00,00,00,00,00,00,00,00,00,00,00,00,00,00,00,00,00,00,00,00,00,00,00,00,19,05,15,17,00,02,00,00,00,00,00,00,00,00,00,00]"",""port"":0,""type"":4}",1557910398624
"{""bId"":""100bbce432af"",""collectTime"":1557910408546,""pId"":""6733935b06623c24"",""partRunControlData"":""[00,80,00,00,00,00,00,00,00,00,00,00,00,00,00,00,00,00,00,00,00,00,00,00,00,00,00,00,00,00,00,00,00,00,00,00,00,00,19,05,15,16,58,20,00,00,00,00,00,00,00,00,00,00]"",""port"":2,""type"":4}",1557910408594
"{""bId"":""1011428da74b"",""collectTime"":1557910418510,""pId"":""6733935b06623c24"",""partRunControlData"":""[00,83,00,00,00,00,00,00,00,00,00,00,00,00,00,00,00,00,00,00,00,00,00,00,00,00,00,00,00,00,00,00,00,00,00,00,00,00,19,05,15,16,59,07,00,00,00,00,00,00,00,00,00,00]"",""port"":3,""type"":4}",1557910418555
"{""bId"":""100bbce95651"",""collectTime"":1557910598838,""pId"":""dde5925b03f22124"",""partReadOnlyData"":""[00,00,03,2B,FF,FF,FF,FF,40,08,03,DE,19,C9,75,30,02,A4,00,01,02,A0,00,02,10,21,00,04,10,1B,00,01,0B,B8,00,00,03,A2,00,0C,23,3F,23,A3,00,00,14,95,00,00,00,00,00,00,00,00,00,00,00,00,02,A4,02,A4,02,A3,02,9F,02,A4,02,A0,10,1B,10,1F,10,20,10,21,10,20,10,1D,10,1D,10,1F,10,1D,10,1F,10,1C,10,1E,10,1D,10,1E,10,1E,10,1B,00,00,01,5D,FF,D6,FB,C5,0C,D1,00,02,00,00,19,F0,10,23]"",""port"":1,""type"":3}",1557910598900
"{""bId"":""100000004003"",""collectTime"":1557849500997,""pId"":""af61f35a05f22124"",""partReadOnlyData"":""[00,00,00,1A,FF,FF,FF,FF,40,08,03,DE,14,D9,75,30,02,9D,00,01,02,9B,00,02,10,10,00,02,10,01,00,0F,0B,B8,00,00,03,E8,00,0A,38,26,39,32,00,00,20,CA,00,00,00,00,00,00,00,00,00,00,00,00,02,9B,02,9B,02,A1,02,9A,02,9D,02,9B,10,0B,10,10,10,0E,10,0F,10,0C,10,05,10,0B,10,0A,FF,FF,10,06,10,08,10,0A,10,08,FF,FF,10,01,FF,FF,00,00,00,00,00,00,00,00,0C,DC,00,02,00,00,15,13,10,0A]"",""port"":3,""type"":3}",1557910731840
"{""bId"":""100bbce432af"",""collectTime"":1557910739615,""pId"":""6733935b06623c24"",""partProtectionParameter"":""[10,9A,10,04,0C,80,00,08,0D,AC,00,14,00,08,00,3C,0B,B6,0D,AC,02,A3,00,24,0F,A0,00,10,17,73,1F,26,03,84,00,0C,03,52,04,1A,00,14,03,E8,01,90,00,0C,01,A4,00,96,00,14,00,C8,04,B0,00,04,04,4C,04,B0,00,04,04,4C,10,68,00,08,10,36,0D,7A,00,08,0D,AC,00,A0,00,04,00,78,0B,B8,00,10,0B,54,03,20,00,08,03,0C,03,B6,00,08,03,AC,01,AE,00,08,01,C2,00,FA,00,08,01,04,04,5C,1E,A3]"",""port"":2,""type"":2}",1557910739655
"{""list"":[{""content"":""[CB,07,86,07,00,00,00,00,00,00,00,00,00,00,00,00,00,00,00,00,00,00,00,00,00,00,00,00,00,00,00,00,00,00,00,00,00,00,00,A7,07,00,00,00,00,00,00,00,00,00,00,00,00,00,00,00,00,00,00,DE,07,00,00,00,00,00,00,00,00,00,00,00,00,00,00,00,00,00,00,00,00,00,00,00,00,00,00,00,00,00,00,00,00,00,00,00,00,00,00,00,00,00,00,00,00,00,00,00,00,00,00,00,00,00,00,00,00,00,00,00,00,00,00,00,00,00,00,00,00,00,00,00,00,00,00,00,00,00,00]"",""time"":1557849518030}],""pId"":""af61f35a05f22124"",""type"":6}",1557910748799
"{""bId"":""100bc28991b5"",""collectTime"":1557910754438,""pId"":""6733935b06623c24"",""partReadOnlyData"":""[00,00,02,DD,FF,FF,FF,FF,00,0B,02,08,17,53,75,D7,02,CE,00,02,02,C9,00,01,0E,97,00,09,0E,90,00,0B,0B,B8,02,BC,03,AC,00,0A,12,E9,24,75,00,A1,0B,0B,00,00,00,00,00,00,00,00,00,00,00,00,02,CD,02,CD,02,CD,02,B8,02,C9,02,CE,0E,93,0E,95,0E,95,0E,94,0E,95,0E,94,0E,96,0E,95,0E,97,0E,95,0E,90,0E,94,0E,92,0E,94,0E,95,0E,94,00,00,00,3C,00,1F,FC,1C,0C,DC,00,02,06,B3,19,F0,0E,9A]"",""port"":0,""type"":3}",1557910754497
"{""bId"":""100bc28991b5"",""collectTime"":1557910759521,""pId"":""6733935b06623c24"",""partRunControlData"":""[00,83,00,00,00,00,00,00,00,00,00,00,00,00,00,00,00,00,00,00,00,00,00,00,00,00,00,00,00,00,00,00,00,00,00,00,00,00,19,05,15,17,06,03,00,00,00,00,00,00,00,00,00,00]"",""port"":0,""type"":4}",1557910759561
"{""bId"":""100bbce432af"",""collectTime"":1557910734356,""pId"":""6733935b06623c24"",""partDeviceInfo"":""[00,0A,0D,12,01,05,01,02,00,1F,00,00,02,70,24,74,98,06,59,97,78,E4,00,01,16,D0,27,10,FF,FF,10,0B,BC,E4,32,AF,00,00,71,01,00,00,98,F1,00,02,10,39,00,10,0C,74,00,10,02,EE,00,02,02,86,00,02,00,EA,02,4B]"",""port"":2,""type"":1}",1557910734408
"{""bId"":""100000004003"",""collectTime"":1557849506281,""pId"":""af61f35a05f22124"",""partRunControlData"":""[00,80,00,00,00,00,00,00,00,00,00,00,00,00,00,00,00,00,00,00,00,00,00,00,00,00,00,00,00,00,00,00,00,00,00,00,00,00,19,05,15,16,45,12,00,00,00,00,00,00,00,00,00,00]"",""port"":3,""type"":4}",1557910737019
"{""bId"":""100bbce432af"",""collectTime"":1557910764593,""pId"":""6733935b06623c24"",""partReadOnlyData"":""[00,00,03,33,FF,FF,FF,FF,40,08,03,DE,19,C9,75,30,02,A5,00,02,02,A3,00,03,10,21,00,0C,10,1A,00,01,0B,B8,01,04,03,AC,00,0B,24,28,24,81,00,00,15,1D,00,00,00,00,00,00,00,00,00,00,00,00,02,A9,02,A9,02,A3,02,A0,02,A4,02,A5,10,1A,10,1C,10,1E,10,1D,10,1C,10,1D,10,1D,10,1F,10,1D,10,1F,10,1D,10,21,10,21,10,21,10,21,10,1F,00,00,01,E8,FF,E5,FB,F5,0C,DB,00,01,00,00,19,F0,10,1B]"",""port"":2,""type"":3}",1557910764642
"{""bId"":""100bbce432af"",""collectTime"":1557910769457,""pId"":""6733935b06623c24"",""partRunControlData"":""[00,80,00,00,00,00,00,00,00,00,00,00,00,00,00,00,00,00,00,00,00,00,00,00,00,00,00,00,00,00,00,00,00,00,00,00,00,00,19,05,15,17,04,21,00,00,00,00,00,00,00,00,00,00]"",""port"":2,""type"":4}",1557910769500
"{""bId"":""1011428da74b"",""collectTime"":1557910779437,""pId"":""6733935b06623c24"",""partRunControlData"":""[00,83,00,00,00,00,00,00,00,00,00,00,00,00,00,00,00,00,00,00,00,00,00,00,00,00,00,00,00,00,00,00,00,00,00,00,00,00,19,05,15,17,05,08,00,00,00,00,00,00,00,00,00,00]"",""port"":3,""type"":4}",1557910779470
"{""list"":[{""content"":""[CA,06,7A,07,00,00,00,00,00,00,00,00,00,00,00,00,00,00,00,00,00,00,00,00,00,00,00,00,00,00,00,00,00,00,00,00,00,00,00,00,00,00,00,00,00,00,00,00,00,00,00,00,00,00,00,00,00,00,00,00,00,00,00,00,00,00,00,00,00,00,00,00,00,00,00,00,00,00,00,00,00,00,00,00,00,00,00,00,00,00,00,02,9C,02,9C,02,BF,02,AB,00,00,00,00,00,00,00,00,00,00,00,00,00,00,00,00,00,00,00,00,00,00,00,00,00,00,00,00,00,00,00,00,00,00,00,00,00,00,00,00]"",""time"":1557910808296}],""pId"":""6733935b06623c24"",""type"":6}",1557910808363
"{""bId"":""100bbce95651"",""collectTime"":1557910958881,""pId"":""dde5925b03f22124"",""partReadOnlyData"":""[00,00,03,2B,FF,FF,FF,FF,40,08,03,DE,19,C9,75,30,02,A4,00,01,02,A0,00,02,10,21,00,04,10,1B,00,01,0B,B8,00,00,03,A2,00,0C,23,3F,23,A3,00,00,14,95,00,00,00,00,00,00,00,00,00,00,00,00,02,A4,02,A4,02,A3,02,9F,02,A4,02,A0,10,1B,10,1E,10,20,10,21,10,20,10,1D,10,1C,10,1F,10,1D,10,1F,10,1C,10,1E,10,1D,10,1E,10,1D,10,1B,00,00,01,55,FF,D7,FB,C5,0C,D0,00,02,00,00,19,F0,10,23]"",""port"":1,""type"":3}",1557910958933
"{""bId"":""100bbce95651"",""collectTime"":1557910963706,""pId"":""dde5925b03f22124"",""partRunControlData"":""[00,80,00,00,00,00,00,00,00,00,00,00,00,00,00,00,00,00,00,00,00,00,00,00,00,00,00,00,00,00,00,00,00,00,00,00,00,00,19,05,15,16,16,58,00,00,00,00,00,00,00,00,00,00]"",""port"":1,""type"":4}",1557910963728
"{""bId"":""100000004003"",""collectTime"":1557849873207,""pId"":""af61f35a05f22124"",""partReadOnlyData"":""[00,00,00,1A,FF,FF,FF,FF,40,08,03,DE,14,D9,75,30,02,9D,00,01,02,9B,00,02,10,10,00,02,10,01,00,0F,0B,B8,00,00,03,E8,00,0A,38,24,39,32,00,00,20,C9,00,00,00,00,00,00,00,00,00,00,00,00,02,9B,02,9B,02,A1,02,9A,02,9D,02,9B,10,0B,10,10,10,0E,10,0E,10,0B,10,05,10,0B,10,0A,FF,FF,10,05,10,08,10,0B,10,08,FF,FF,10,01,FF,FF,00,00,00,00,00,00,00,00,0C,DC,00,02,00,00,15,13,10,0A]"",""port"":3,""type"":3}",1557911104037
"{""bId"":""100bbce432af"",""collectTime"":1557911124673,""pId"":""6733935b06623c24"",""partReadOnlyData"":""[00,00,03,33,FF,FF,FF,FF,40,08,03,DE,19,C9,75,30,02,A5,00,01,02,A3,00,03,10,21,00,0C,10,1A,00,01,0B,B8,01,04,03,AC,00,0B,24,29,24,81,00,00,15,1E,00,00,00,00,00,00,00,00,00,00,00,00,02,A9,02,A9,02,A3,02,A0,02,A5,02,A5,10,1A,10,1C,10,1E,10,1D,10,1C,10,1D,10,1D,10,1F,10,1D,10,1F,10,1D,10,21,10,21,10,21,10,21,10,1E,00,00,01,EC,FF,EB,FB,F3,0C,DB,00,01,00,00,19,F0,10,1B]"",""port"":2,""type"":3}",1557911124707
"{""bId"":""1011428da74b"",""collectTime"":1557911134614,""pId"":""6733935b06623c24"",""partReadOnlyData"":""[00,00,05,E9,FF,FF,FF,FF,00,0B,02,A8,17,D9,75,E4,02,BF,00,02,02,BC,00,01,0E,EC,00,10,0E,E4,00,01,0B,B8,03,02,03,E8,00,0A,1E,13,2C,C0,00,7D,11,90,00,00,00,00,00,00,00,00,00,00,00,00,02,9C,02,9C,02,BF,02,AB,02,BC,02,BF,0E,E4,0E,E8,0E,EA,0E,E9,0E,E9,0E,E6,0E,EA,0E,E7,0E,E9,0E,E7,0E,EA,0E,E6,0E,E9,0E,E5,0E,E7,0E,EC,00,00,00,00,00,00,00,00,0C,DB,00,02,07,10,19,F0,0E,EA]"",""port"":3,""type"":3}",1557911134643
"{""bId"":""1011428da74b"",""collectTime"":1557911139689,""pId"":""6733935b06623c24"",""partRunControlData"":""[00,83,00,00,00,00,00,00,00,00,00,00,00,00,00,00,00,00,00,00,00,00,00,00,00,00,00,00,00,00,00,00,00,00,00,00,00,00,19,05,15,17,11,08,00,00,00,00,00,00,00,00,00,00]"",""port"":3,""type"":4}",1557911139747
"{""bId"":""1009139a2936"",""collectTime"":1557911290131,""pId"":""dde5925b03f22124"",""partDeviceInfo"":""[00,0A,0D,11,01,04,01,01,00,1F,00,00,02,70,24,48,CF,04,59,03,AC,2A,00,01,16,D0,27,10,FF,FF,10,09,13,9A,29,36,00,00,C8,E1,00,00,F0,DD,00,02,10,3C,00,02,0E,9F,00,07,02,D5,00,03,02,83,00,01,02,BF,06,21]"",""port"":0,""type"":1}",1557911290173
"{""bId"":""1009139a2936"",""collectTime"":1557911295401,""pId"":""dde5925b03f22124"",""partProtectionParameter"":""[10,99,10,04,0C,80,00,08,0D,AC,00,14,00,08,00,3C,0B,B2,0D,AC,02,A3,00,24,0F,A0,00,10,17,14,1E,A8,03,84,00,0C,03,52,04,1A,00,14,03,E8,01,90,00,0C,01,A4,00,96,00,14,00,C8,04,B0,00,04,04,4C,04,B0,00,04,04,4C,10,68,00,08,10,36,0D,7A,00,08,0D,AC,00,A0,00,04,00,78,0B,B8,00,10,0B,54,03,20,00,08,03,0C,03,B6,00,08,03,AC,01,AE,00,08,01,C2,00,FA,00,08,01,04,04,6E,1E,AA]"",""port"":0,""type"":2}",1557911295428
"{""bId"":""1009139a2936"",""collectTime"":1557911300244,""pId"":""dde5925b03f22124"",""partReadOnlyData"":""[00,00,00,12,FF,FF,FF,FF,00,0B,03,CA,19,B4,75,E7,02,9F,00,03,02,99,00,01,10,13,00,06,10,09,00,08,0B,B8,01,F4,03,CA,00,12,24,A7,25,F0,00,0A,15,67,00,00,00,00,00,00,00,00,00,00,00,00,02,A8,02,A8,02,9F,02,9D,02,99,02,9D,10,10,10,12,10,10,10,12,10,12,10,13,10,12,10,09,10,12,10,12,10,12,10,12,10,10,10,12,10,11,10,12,00,00,01,DA,FF,35,04,3F,0C,DF,00,01,07,4A,19,F0,10,09]"",""port"":0,""type"":3}",1557911300303
"{""bId"":""1009139a2936"",""collectTime"":1557911305102,""pId"":""dde5925b03f22124"",""partRunControlData"":""[00,83,00,00,00,00,00,00,00,00,00,00,00,00,00,00,00,00,00,00,00,00,00,00,00,00,00,00,00,00,00,00,00,00,00,00,00,00,19,05,15,17,19,36,00,00,00,00,00,00,00,00,00,00]"",""port"":0,""type"":4}",1557911305129
"{""bId"":""1009139a2936"",""collectTime"":1557911665398,""pId"":""dde5925b03f22124"",""partRunControlData"":""[00,83,00,00,00,00,00,00,00,00,00,00,00,00,00,00,00,00,00,00,00,00,00,00,00,00,00,00,00,00,00,00,00,00,00,00,00,00,19,05,15,17,25,37,00,00,00,00,00,00,00,00,00,00]"",""port"":0,""type"":4}",1557911665431
"{""bId"":""100bc28991b5"",""collectTime"":1557911834929,""pId"":""6733935b06623c24"",""partReadOnlyData"":""[00,00,02,DD,FF,FF,FF,FF,00,0B,02,44,17,9A,75,D7,02,D1,00,02,02,CB,00,01,0E,C4,00,09,0E,B9,00,10,0B,B8,02,BC,03,AC,00,0A,14,E8,24,75,00,8F,0C,35,00,00,00,00,00,00,00,00,00,00,00,00,02,CF,02,CF,02,CF,02,B9,02,CB,02,D1,0E,BF,0E,C1,0E,C1,0E,C0,0E,C2,0E,C2,0E,C3,0E,C2,0E,C4,0E,C2,0E,BC,0E,BF,0E,BF,0E,C2,0E,C3,0E,B9,00,00,00,3A,00,19,FC,28,0C,DA,00,02,06,B3,19,F0,0E,C5]"",""port"":0,""type"":3}",1557911835373
"{""bId"":""100bbce432af"",""collectTime"":1557911844886,""pId"":""6733935b06623c24"",""partReadOnlyData"":""[00,00,03,33,FF,FF,FF,FF,40,08,03,DE,19,C9,75,30,02,A6,00,02,02,A4,00,03,10,21,00,0C,10,1A,00,01,0B,B8,01,04,03,AC,00,0B,24,29,24,81,00,00,15,1E,00,00,00,00,00,00,00,00,00,00,00,00,02,AA,02,AA,02,A4,02,A0,02,A5,02,A6,10,1A,10,1C,10,1E,10,1D,10,1C,10,1C,10,1D,10,1E,10,1D,10,1F,10,1D,10,21,10,21,10,21,10,21,10,1F,00,00,01,E6,FF,E3,FB,EE,0C,DB,00,01,00,00,19,F0,10,1B]"",""port"":2,""type"":3}",1557911844925
"{""bId"":""100000004003"",""collectTime"":1557850616967,""pId"":""af61f35a05f22124"",""partReadOnlyData"":""[00,00,00,1A,FF,FF,FF,FF,40,08,03,DE,14,D9,75,30,02,9D,00,01,02,9C,00,02,10,10,00,02,10,01,00,0F,0B,B8,00,00,03,E8,00,0A,38,24,39,32,00,00,20,C9,00,00,00,00,00,00,00,00,00,00,00,00,02,9B,02,9B,02,A1,02,9B,02,9D,02,9C,10,0B,10,10,10,0E,10,0E,10,0B,10,05,10,0B,10,0A,FF,FF,10,05,10,08,10,0A,10,08,FF,FF,10,01,FF,FF,00,00,00,00,00,00,00,00,0C,DB,00,02,00,00,15,13,10,0A]"",""port"":3,""type"":3}",1557911847795
