"{""bId"":""10155538b967"",""collectTime"":1558972858953,""pId"":""c1ccf35a03cf4824"",""partRunControlData"":""[00,00,00,00,00,00,00,00,00,00,00,00,00,00,00,00,00,00,00,00,00,00,00,00,00,00,00,00,00,00,00,00,00,00,00,00,00,00,19,05,27,23,53,06,00,00,00,00,00,00,00,00,00,00]"",""port"":2,""type"":4}",1558972802127
"{""list"":[{""content"":""[D8,05,2C,07,00,00,00,00,00,00,00,00,00,00,00,00,00,00,00,00,00,00,00,00,00,00,00,00,00,00,00,00,00,00,00,00,00,00,00,00,00,00,00,00,00,00,00,00,00,00,00,00,00,00,00,00,00,00,00,00,00,00,00,00,00,00,00,00,00,00,00,00,00,00,00,00,00,00,00,00,00,00,00,00,00,00,00,00,00,00,00,00,00,00,00,00,00,00,00,00,00,00,00,00,00,00,00,00,00,00,00,00,00,00,00,00,00,00,00,00,00,00,00,00,00,00,00,00,00,00,00,00,00,00,00,00,00,00,00]"",""time"":1558972804317}],""pId"":""c33b935b06623c24"",""type"":6}",1558972802563
"{""bId"":""101ba3e9c642"",""collectTime"":1558972822983,""pId"":""4d878c5a03623c24"",""partReadOnlyData"":""[00,00,01,F4,FF,FF,FF,FF,00,00,02,80,17,54,75,30,02,B4,00,03,02,A5,00,02,0E,9E,00,10,0E,90,00,06,0B,B8,03,48,03,E8,00,5C,1E,52,2F,7D,FF,FF,11,B5,00,00,00,00,00,00,00,00,00,00,00,00,02,BA,02,BA,02,B4,02,B7,02,B1,02,A5,0E,94,0E,97,0E,96,0E,97,0E,95,0E,90,0E,92,0E,92,0E,94,0E,92,0E,94,0E,95,0E,94,0E,97,0E,94,0E,9E,00,00,00,00,00,00,00,00,0C,DB,00,01,00,00,19,A0,0E,95]"",""port"":7,""type"":3}",1558972804902
"{""bId"":""10171bedadc5"",""collectTime"":1558972808148,""pId"":""1234935b01a3b724"",""partRunControlData"":""[00,83,00,00,00,00,00,00,00,00,00,00,00,00,00,00,00,00,00,00,00,00,00,00,00,00,00,00,00,00,00,00,00,00,00,00,00,00,19,05,27,23,58,16,00,00,00,00,00,00,00,00,00,00]"",""port"":2,""type"":4}",1558972807285
"{""bId"":""10171c30ca38"",""collectTime"":1558972808216,""logIndex"":15648,""pId"":""60e6925b06623c24"",""partLog"":""[20,3D,00,00,19,04,03,07,50,01,40,00,00,11,91,FF,FF,FF,01,00,08,03,DE,14,D2,75,30,02,77,00,02,02,75,00,01,10,08,00,08,0F,FF,00,04,0B,B8,02,71,03,E8,00,0E,3A,98,3B,A0,FF,FF,22,38,00,00,00,00,00,00,00,00,00,00,00,00,02,7B,02,7B,02,79,02,74,02,75,02,77,10,06,10,05,10,06,0F,FF,10,06,10,06,0F,FF,10,08,FF,FF,10,00,10,08,10,01,10,06,FF,FF,10,05,FF,FF,00,00,00,00,00,00,00,00,00,00,00,9D,D6]"",""port"":6,""type"":5}",1558972807811
"{""list"":[{""content"":""[32,07,6C,07,00,00,00,00,00,00,00,00,00,00,00,00,00,00,00,00,00,00,00,00,00,00,00,00,00,00,00,00,00,00,00,00,00,00,00,00,00,00,00,00,00,00,00,00,00,00,00,00,00,00,00,00,00,00,00,00,00,00,00,00,00,00,00,00,00,00,00,00,00,00,00,00,00,00,00,00,00,00,00,00,00,00,00,00,00,00,00,00,00,00,00,00,00,00,00,00,00,00,00,00,00,00,00,00,00,00,00,00,00,00,00,00,00,00,00,00,00,00,00,00,00,00,00,00,00,00,00,00,00,00,00,00,00,00,00]"",""time"":1558972798620}],""pId"":""48dc1f5c02f22124"",""type"":6}",1558972809172
"{""bId"":""100bc40cca22"",""collectTime"":1558972811052,""pId"":""dde5925b03f22124"",""partRunControlData"":""[00,00,00,00,00,00,00,00,00,00,00,00,00,00,00,00,00,00,00,00,00,00,00,00,00,00,00,00,00,00,00,00,00,00,00,00,00,00,19,05,28,00,03,29,00,00,00,00,00,00,00,00,00,00]"",""port"":0,""type"":4}",1558972811213
"{""bId"":""10156293c747"",""collectTime"":1558973546112,""pId"":""aae7925b059ecd24"",""partRunControlData"":""[00,00,00,00,00,00,00,00,00,00,00,00,00,00,00,00,00,00,00,00,00,00,00,00,00,00,00,00,00,00,00,00,00,00,00,00,00,00,19,05,27,23,58,37,00,00,00,00,00,00,00,00,00,00]"",""port"":5,""type"":4}",1558972816789
"{""bId"":""10155aa1cb9f"",""collectTime"":1558972842616,""pId"":""3ecef35a06987424"",""partRunControlData"":""[00,00,00,00,00,00,00,00,00,00,00,00,00,00,00,00,00,00,00,00,00,00,00,00,00,00,00,00,00,00,00,00,00,00,00,00,00,00,19,05,27,23,34,19,00,00,00,00,00,00,00,00,00,00]"",""port"":9,""type"":4}",1558972818775
"{""bId"":""1016c833a658"",""collectTime"":1558972822627,""pId"":""c33b935b06623c24"",""partRunControlData"":""[00,00,00,00,00,00,00,00,00,00,00,00,00,00,00,00,00,00,00,00,00,00,00,00,00,00,00,00,00,00,00,00,00,00,00,00,00,00,19,05,27,23,54,29,00,00,00,00,00,00,00,00,00,00]"",""port"":2,""type"":4}",1558972820893
"{""bId"":""1016c0377778"",""collectTime"":1558972878717,""pId"":""c1ccf35a03cf4824"",""partRunControlData"":""[00,00,00,00,00,00,00,00,00,00,00,00,00,00,00,00,00,00,00,00,00,00,00,00,00,00,00,00,00,00,00,00,00,00,00,00,00,00,19,05,27,23,52,26,00,00,00,00,00,00,00,00,00,00]"",""port"":7,""type"":4}",1558972821894
"{""bId"":""1016dd3298fa"",""collectTime"":1558972888221,""pId"":""25e7925b08f8c924"",""partRunControlData"":""[00,00,00,00,00,00,00,00,00,00,00,00,00,00,00,00,00,00,00,00,00,00,00,00,00,00,00,00,00,00,00,00,00,00,00,00,00,00,19,05,27,23,55,06,00,00,00,00,00,00,00,00,00,00]"",""port"":2,""type"":4}",1558972827804
"{""bId"":""101c0c14aaef"",""collectTime"":1558972847297,""pId"":""4d878c5a03623c24"",""partRunControlData"":""[00,00,00,00,00,00,00,00,00,00,00,00,00,00,00,00,00,00,00,00,00,00,00,00,00,00,00,00,00,00,00,00,00,00,00,00,00,00,19,05,27,23,52,57,00,00,00,00,00,00,00,00,00,00]"",""port"":9,""type"":4}",1558972829219
"{""bId"":""1017201fe280"",""collectTime"":1558972832448,""pId"":""c33b935b06623c24"",""partRunControlData"":""[00,00,00,00,00,00,00,00,00,00,00,00,00,00,00,00,00,00,00,00,00,00,00,00,00,00,00,00,00,00,00,00,00,00,00,00,00,00,19,05,27,23,54,09,00,00,00,00,00,00,00,00,00,00]"",""port"":3,""type"":4}",1558972830713
"{""bId"":""1016c3ef935a"",""collectTime"":1558972822389,""pId"":""48dc1f5c02f22124"",""partRunControlData"":""[00,00,00,00,00,00,00,00,00,00,00,00,00,00,00,00,00,00,00,00,00,00,00,00,00,00,00,00,00,00,00,00,00,00,00,00,00,00,19,05,27,23,58,01,00,00,00,00,00,00,00,00,00,00]"",""port"":3,""type"":4}",1558972832846
"{""bId"":""10171a645c8c"",""collectTime"":1558973566262,""pId"":""aae7925b059ecd24"",""partRunControlData"":""[00,00,00,00,00,00,00,00,00,00,00,00,00,00,00,00,00,00,00,00,00,00,00,00,00,00,00,00,00,00,00,00,00,00,00,00,00,00,19,05,27,23,54,12,00,00,00,00,00,00,00,00,00,00]"",""port"":9,""type"":4}",1558972836913
"{""bId"":""101714f1b412"",""collectTime"":1558972897928,""pId"":""25e7925b08f8c924"",""partRunControlData"":""[00,00,00,00,00,00,00,00,00,00,00,00,00,00,00,00,00,00,00,00,00,00,00,00,00,00,00,00,00,00,00,00,00,00,00,00,00,00,19,05,27,23,55,22,00,00,00,00,00,00,00,00,00,00]"",""port"":3,""type"":4}",1558972837514
"{""bId"":""101554e27e4a"",""collectTime"":1558972862893,""pId"":""3ecef35a06987424"",""partRunControlData"":""[00,00,00,00,00,00,00,00,00,00,00,00,00,00,00,00,00,00,00,00,00,00,00,00,00,00,00,00,00,00,00,00,00,00,00,00,00,00,19,05,27,23,55,01,00,00,00,00,00,00,00,00,00,00]"",""port"":11,""type"":4}",1558972839076
"{""bId"":""101b91a7840f"",""collectTime"":1558972857339,""pId"":""4d878c5a03623c24"",""partRunControlData"":""[00,80,00,00,00,00,00,00,00,00,00,00,00,00,00,00,00,00,00,00,00,00,00,00,00,00,00,00,00,00,00,00,00,00,00,00,00,00,19,05,27,23,59,53,00,00,00,00,00,00,00,00,00,00]"",""port"":10,""type"":4}",1558972839263
"{""bId"":""10155dd8baa5"",""collectTime"":1558972842670,""pId"":""1234935b01a3b724"",""partReadOnlyData"":""[00,00,08,15,FF,FF,FF,FF,00,08,01,F4,12,95,75,30,02,B9,00,03,02,B7,00,01,0E,4E,00,0C,0E,46,00,07,0B,B8,04,1A,03,E8,00,81,1C,F4,3B,16,FF,FF,10,E8,00,00,00,00,00,00,00,00,00,00,00,00,02,A5,02,A5,02,B9,02,B4,02,B7,02,B8,0E,49,0E,4A,0E,4B,0E,4A,0E,4B,0E,4D,0E,46,0E,4D,FF,FF,0E,4C,0E,4D,0E,4E,0E,4C,FF,FF,0E,4D,FF,FF,00,00,00,00,00,00,00,00,0C,D4,00,02,00,00,14,D2,0E,48]"",""port"":6,""type"":3}",1558972841815
"{""bId"":""10172dc993b9"",""collectTime"":1558972832098,""pId"":""48dc1f5c02f22124"",""partRunControlData"":""[00,00,00,00,00,00,00,00,00,00,00,00,00,00,00,00,00,00,00,00,00,00,00,00,00,00,00,00,00,00,00,00,00,00,00,00,00,00,19,05,27,23,59,31,00,00,00,00,00,00,00,00,00,00]"",""port"":4,""type"":4}",1558972842545
"{""bId"":""101562083200"",""collectTime"":1558972814236,""pId"":""46e2925b06623c24"",""partRunControlData"":""[00,00,00,00,00,00,00,00,00,00,00,00,00,00,00,00,00,00,00,00,00,00,00,00,00,00,00,00,00,00,00,00,00,00,00,00,00,00,19,05,28,00,01,54,00,00,00,00,00,00,00,00,00,00]"",""port"":0,""type"":4}",1558972843051
"{""list"":[{""content"":""[FE,05,A9,07,00,00,00,00,00,00,00,00,00,00,00,00,00,00,00,00,00,00,00,00,00,00,00,00,00,00,00,00,00,00,00,00,00,00,00,00,00,00,00,00,00,00,00,00,00,00,00,00,00,00,00,00,00,00,00,00,00,00,00,00,00,00,00,00,00,00,00,00,00,00,00,00,00,00,00,00,00,00,00,00,00,00,00,00,00,00,00,00,00,00,00,00,00,00,00,00,00,00,00,00,00,00,00,00,00,00,00,00,00,00,00,00,00,00,00,00,00,00,00,00,00,00,00,00,00,00,00,00,00,00,00,00,00,00,00]"",""time"":1558972832736}],""pId"":""dfe1925b08f8c924"",""type"":6}",1558972846395
"{""bId"":""10155dd8baa5"",""collectTime"":1558972847790,""pId"":""1234935b01a3b724"",""partRunControlData"":""[00,80,00,00,00,00,00,00,00,00,00,00,00,00,00,00,00,00,00,00,00,00,00,00,00,00,00,00,00,00,00,00,00,00,00,00,00,00,19,05,28,00,01,58,00,00,00,00,00,00,00,00,00,00]"",""port"":6,""type"":4}",1558972846924
"{""bId"":""101b688c431e"",""collectTime"":1558972837175,""pId"":""4d878c5a03623c24"",""partRunControlData"":""[00,80,00,00,00,00,00,00,00,00,00,00,00,00,00,00,00,00,00,00,00,00,00,00,00,00,00,00,00,00,00,00,00,00,00,00,00,00,19,05,28,00,00,26,00,00,00,00,00,00,00,00,00,00]"",""port"":8,""type"":4}",1558972819090
"{""bId"":""100bbce95651"",""collectTime"":1558972821123,""pId"":""dde5925b03f22124"",""partRunControlData"":""[00,00,00,00,00,00,00,00,00,00,00,00,00,00,00,00,00,00,00,00,00,00,00,00,00,00,00,00,00,00,00,00,00,00,00,00,00,00,19,05,27,23,14,52,00,00,00,00,00,00,00,00,00,00]"",""port"":1,""type"":4}",1558972821164
"{""bId"":""101562e29ca8"",""collectTime"":1558972827650,""pId"":""1234935b01a3b724"",""partRunControlData"":""[00,00,00,00,00,00,00,00,00,00,00,00,00,00,00,00,00,00,00,00,00,00,00,00,00,00,00,00,00,00,00,00,00,00,00,00,00,00,19,05,27,23,57,01,00,00,00,00,00,00,00,00,00,00]"",""port"":4,""type"":4}",1558972826785
"{""bId"":""10172c411151"",""collectTime"":1558973556619,""pId"":""aae7925b059ecd24"",""partRunControlData"":""[00,00,00,00,00,00,00,00,00,00,00,00,00,00,00,00,00,00,00,00,00,00,00,00,00,00,00,00,00,00,00,00,00,00,00,00,00,00,19,05,27,23,56,50,00,00,00,00,00,00,00,00,00,00]"",""port"":8,""type"":4}",1558972827274
"{""bId"":""1016d8e1cf7a"",""collectTime"":1558972888924,""pId"":""c1ccf35a03cf4824"",""partRunControlData"":""[00,00,00,00,00,00,00,00,00,00,00,00,00,00,00,00,00,00,00,00,00,00,00,00,00,00,00,00,00,00,00,00,00,00,00,00,00,00,19,05,28,00,01,04,00,00,00,00,00,00,00,00,00,00]"",""port"":8,""type"":4}",1558972832090
"{""bId"":""102394ac1c2e"",""collectTime"":1558972926171,""pId"":""adcc875a03ee6c24"",""partDeviceInfo"":""[00,0A,0D,64,01,05,01,01,00,1F,00,00,02,6A,24,21,F2,07,5B,D0,9D,7B,00,06,16,80,2E,E0,FF,FF,10,23,94,AC,1C,2E,00,00,02,61,00,00,2A,41,00,00,10,19,00,10,0C,D7,00,05,03,5C,00,02,02,65,00,01,06,AB,0E,C5]"",""port"":10,""type"":1}",1558972833428
"{""bId"":""101b91a7840f"",""collectTime"":1558972852940,""pId"":""4d878c5a03623c24"",""partReadOnlyData"":""[00,00,00,09,FF,FF,FF,FF,00,18,00,AA,16,3C,75,30,02,DD,00,02,02,D3,00,01,0D,ED,00,10,0D,C9,00,0C,08,86,03,48,03,E8,00,C5,08,B4,33,75,00,EE,05,15,00,00,00,00,00,00,00,00,00,00,00,00,02,EB,02,EB,02,DB,02,D4,02,D3,02,DD,0D,E9,0D,E9,0D,E7,0D,E9,0D,E6,0D,E5,0D,EA,0D,E9,0D,E5,0D,E9,0D,E6,0D,C9,0D,E8,0D,E7,0D,E7,0D,ED,55,55,00,00,00,00,00,00,0C,DC,00,02,00,00,19,A0,0D,EE]"",""port"":10,""type"":3}",1558972834873
"{""bId"":""10178b717530"",""collectTime"":1558972842712,""pId"":""cce1925b02cf4824"",""partRunControlData"":""[00,00,00,00,00,00,00,00,00,00,00,00,00,00,00,00,00,00,00,00,00,00,00,00,00,00,00,00,00,00,00,00,00,00,00,00,00,00,19,05,27,23,55,52,00,00,00,00,00,00,00,00,00,00]"",""port"":0,""type"":4}",1558972839090
"{""bId"":""101555068d7e"",""collectTime"":1558972842471,""pId"":""c33b935b06623c24"",""partRunControlData"":""[00,80,00,00,00,00,00,00,00,00,00,00,00,00,00,00,00,00,00,00,00,00,00,00,00,00,00,00,00,00,00,00,00,00,00,00,00,00,19,05,28,00,01,17,00,00,00,00,00,00,00,00,00,00]"",""port"":4,""type"":4}",1558972840722
"{""bId"":""1016c896c76e"",""collectTime"":1558973571414,""pId"":""aae7925b059ecd24"",""partReadOnlyData"":""[00,00,38,B2,FF,FF,FF,FF,40,08,03,DE,14,B0,75,2F,02,B9,00,02,02,B1,00,01,0F,ED,00,04,0F,E4,00,0B,0B,B8,01,50,03,DE,00,29,38,68,38,68,00,00,20,F0,00,00,00,00,00,00,00,00,00,00,00,00,02,B2,02,B2,02,B2,02,B1,02,B1,02,B9,0F,E7,0F,EA,0F,EA,0F,ED,0F,ED,0F,EB,0F,EB,0F,ED,FF,FF,0F,EB,0F,E4,0F,EA,0F,E6,FF,FF,0F,EB,FF,FF,00,00,00,00,00,00,00,00,0C,E3,00,03,00,00,14,D2,0F,EF]"",""port"":12,""type"":3}",1558972842074
"{""bId"":""1016c896c76e"",""collectTime"":1558973576193,""pId"":""aae7925b059ecd24"",""partRunControlData"":""[00,80,00,00,00,00,00,00,00,00,00,00,00,00,00,00,00,00,00,00,00,00,00,00,00,00,00,00,00,00,00,00,00,00,00,00,00,00,19,05,27,23,54,00,00,00,00,00,00,00,00,00,00,00]"",""port"":12,""type"":4}",1558972846870
"{""bId"":""1016daeb2b2c"",""collectTime"":1558972907964,""pId"":""25e7925b08f8c924"",""partRunControlData"":""[00,00,00,00,00,00,00,00,00,00,00,00,00,00,00,00,00,00,00,00,00,00,00,00,00,00,00,00,00,00,00,00,00,00,00,00,00,00,19,05,27,23,46,07,00,00,00,00,00,00,00,00,00,00]"",""port"":7,""type"":4}",1558972847534
"{""bId"":""10175aba9a90"",""collectTime"":1558972872715,""logIndex"":1128,""pId"":""3ecef35a06987424"",""partLog"":""[68,04,00,00,19,05,01,04,09,24,40,00,00,00,2B,FF,FF,FF,01,00,08,03,B6,14,D8,75,30,02,AE,00,02,02,AA,00,01,10,0C,00,03,10,05,00,01,0B,B8,01,EF,03,E8,00,01,38,60,3B,EA,FF,FF,20,EC,00,00,00,00,00,00,00,00,00,00,00,00,02,A9,02,A9,02,AE,02,A9,02,AA,02,AC,10,05,10,0A,10,0C,10,08,10,07,10,0A,10,0A,10,09,FF,FF,10,07,10,0C,10,09,10,0B,FF,FF,10,06,FF,FF,00,00,00,00,00,00,00,00,00,00,00,BC,C0]"",""port"":2,""type"":5}",1558972848775
"{""bId"":""101b93811a13"",""collectTime"":1558972867889,""pId"":""4d878c5a03623c24"",""partRunControlData"":""[00,80,00,00,00,00,00,00,00,00,00,00,00,00,00,00,00,00,00,00,00,00,00,00,00,00,00,00,00,00,00,00,00,00,00,00,00,00,19,05,27,23,56,08,00,00,00,00,00,00,00,00,00,00]"",""port"":12,""type"":4}",1558972849832
"{""bId"":""10171ddee509"",""collectTime"":1558972852488,""pId"":""c33b935b06623c24"",""partRunControlData"":""[00,00,00,00,00,00,00,00,00,00,00,00,00,00,00,00,00,00,00,00,00,00,00,00,00,00,00,00,00,00,00,00,00,00,00,00,00,00,19,05,27,23,54,12,00,00,00,00,00,00,00,00,00,00]"",""port"":5,""type"":4}",1558972850752
"{""bId"":""1017245646ee"",""collectTime"":1558972846463,""pId"":""51dc1f5c05563e24"",""partRunControlData"":""[00,00,00,00,00,00,00,00,00,00,00,00,00,00,00,00,00,00,00,00,00,00,00,00,00,00,00,00,00,00,00,00,00,00,00,00,00,00,19,05,27,23,57,30,00,00,00,00,00,00,00,00,00,00]"",""port"":0,""type"":4}",1558972851526
"{""bId"":""1016dd351ce0"",""collectTime"":1558972918025,""pId"":""25e7925b08f8c924"",""partRunControlData"":""[00,00,00,00,00,00,00,00,00,00,00,00,00,00,00,00,00,00,00,00,00,00,00,00,00,00,00,00,00,00,00,00,00,00,00,00,00,00,19,05,27,23,54,20,00,00,00,00,00,00,00,00,00,00]"",""port"":9,""type"":4}",1558972857596
"{""bId"":""1016c0a6265e"",""collectTime"":1558972862907,""pId"":""cce1925b02cf4824"",""partRunControlData"":""[00,00,00,00,00,00,00,00,00,00,00,00,00,00,00,00,00,00,00,00,00,00,00,00,00,00,00,00,00,00,00,00,00,00,00,00,00,00,19,05,27,23,54,36,00,00,00,00,00,00,00,00,00,00]"",""port"":2,""type"":4}",1558972859180
"{""bId"":""10171c1ecc6d"",""collectTime"":1558972852501,""pId"":""48dc1f5c02f22124"",""partRunControlData"":""[00,00,00,00,00,00,00,00,00,00,00,00,00,00,00,00,00,00,00,00,00,00,00,00,00,00,00,00,00,00,00,00,00,00,00,00,00,00,19,05,27,23,58,29,00,00,00,00,00,00,00,00,00,00]"",""port"":6,""type"":4}",1558972862925
"{""bId"":""102325c5105d"",""collectTime"":1558972925642,""pId"":""2fe8925b08f8c924"",""partRunControlData"":""[00,00,00,00,00,00,00,00,00,00,00,00,00,00,00,00,00,00,00,00,00,00,00,00,00,00,00,00,00,00,00,00,00,00,00,00,00,00,19,05,27,23,59,26,00,00,00,00,00,00,00,00,00,00]"",""port"":1,""type"":4}",1558972864579
"{""bId"":""1017239c51a5"",""collectTime"":1558972867495,""logIndex"":267,""pId"":""c33b935b06623c24"",""partLog"":""[0B,01,00,00,19,05,26,06,36,06,40,00,00,00,54,FF,FF,FF,01,00,08,03,CA,14,82,75,30,02,B3,00,02,02,AD,00,01,0F,CA,00,04,0F,C3,00,06,0B,B8,02,EE,03,E8,00,01,36,24,38,58,FF,FF,1F,9E,00,00,00,00,00,00,00,00,00,00,00,00,02,B5,02,B5,02,B2,02,A9,02,AD,02,B3,0F,C8,0F,C4,0F,C8,0F,CA,0F,C9,0F,C3,0F,C4,0F,C7,FF,FF,0F,C3,0F,C6,0F,C6,0F,C7,FF,FF,0F,C9,FF,FF,00,00,00,00,00,00,00,00,00,00,00,CE,6C]"",""port"":0,""type"":5}",1558972865752
"{""bId"":""10171dd324da"",""collectTime"":1558972892549,""logIndex"":5730,""pId"":""3ecef35a06987424"",""partLog"":""[62,16,00,00,19,04,06,22,38,47,40,00,00,06,C2,FF,FF,FF,01,00,08,03,D4,14,CB,75,30,02,B9,00,02,02,B4,00,01,10,04,00,0D,0F,FB,00,02,0B,B8,02,A3,03,E8,00,0A,3A,8E,3C,34,FF,FF,22,32,00,00,00,00,00,00,00,00,00,00,00,00,02,B6,02,B6,02,B9,02,B1,02,B4,02,B9,0F,FF,0F,FB,0F,FF,10,01,0F,FB,0F,FE,0F,FC,0F,FE,FF,FF,0F,FD,0F,FF,0F,FF,10,04,FF,FF,10,04,FF,FF,00,00,00,00,00,00,00,00,00,00,00,08,B0]"",""port"":7,""type"":5}",1558972868900
"{""bId"":""1016dbde4709"",""collectTime"":1558972866241,""pId"":""51dc1f5c05563e24"",""partRunControlData"":""[00,00,00,00,00,00,00,00,00,00,00,00,00,00,00,00,00,00,00,00,00,00,00,00,00,00,00,00,00,00,00,00,00,00,00,00,00,00,19,05,27,23,29,16,00,00,00,00,00,00,00,00,00,00]"",""port"":2,""type"":4}",1558972871190
"{""bId"":""1015604437b9"",""collectTime"":1558972843604,""pId"":""46e2925b06623c24"",""partRunControlData"":""[00,00,00,00,00,00,00,00,00,00,00,00,00,00,00,00,00,00,00,00,00,00,00,00,00,00,00,00,00,00,00,00,00,00,00,00,00,00,19,05,27,23,54,34,00,00,00,00,00,00,00,00,00,00]"",""port"":4,""type"":4}",1558972872330
"{""bId"":""10172d27e7c8"",""collectTime"":1558972862411,""pId"":""48dc1f5c02f22124"",""partRunControlData"":""[00,00,00,00,00,00,00,00,00,00,00,00,00,00,00,00,00,00,00,00,00,00,00,00,00,00,00,00,00,00,00,00,00,00,00,00,00,00,19,05,27,23,58,39,00,00,00,00,00,00,00,00,00,00]"",""port"":7,""type"":4}",1558972872835
"{""bId"":""10171bedadc5"",""collectTime"":1558972877951,""logIndex"":9197,""pId"":""1234935b01a3b724"",""partLog"":""[ED,23,00,00,19,04,13,09,13,16,40,00,00,0A,9B,FF,FF,FF,01,00,08,03,B6,14,DB,75,30,02,82,00,02,02,7D,00,01,10,11,00,0B,10,05,00,01,0B,B8,02,00,03,E8,00,01,3A,6C,3D,F1,FF,FF,22,1E,00,00,00,00,00,00,00,00,00,00,00,00,02,7F,02,7F,02,7F,02,7B,02,7D,02,82,10,05,10,09,10,0E,10,0B,10,0C,10,09,10,0C,10,0C,FF,FF,10,0B,10,11,10,0E,10,0D,FF,FF,10,09,FF,FF,00,00,00,00,00,00,00,00,00,00,00,C5,6A]"",""port"":2,""type"":5}",1558972877104
"{""bId"":""101658286fa9"",""collectTime"":1558972970921,""pId"":""adcc875a03ee6c24"",""partRunControlData"":""[00,83,00,00,00,00,00,00,00,00,00,00,00,00,00,00,00,00,00,00,00,00,00,00,00,00,00,00,00,00,00,00,00,00,00,00,00,00,19,05,27,23,47,12,00,00,00,00,00,00,00,00,00,00]"",""port"":3,""type"":4}",1558972878190
"{""bId"":""1017229c3720"",""collectTime"":1558972881647,""pId"":""e148ae5b03623c24"",""partRunControlData"":""[00,00,00,00,00,00,00,00,00,00,00,00,00,00,00,00,00,00,00,00,00,00,00,00,00,00,00,00,00,00,00,00,00,00,00,00,00,00,19,05,27,23,59,36,00,00,00,00,00,00,00,00,00,00]"",""port"":4,""type"":4}",1558972878238
"{""bId"":""1017239c51a5"",""collectTime"":1558972802447,""pId"":""c33b935b06623c24"",""partRunControlData"":""[00,00,00,00,00,00,00,00,00,00,00,00,00,00,00,00,00,00,00,00,00,00,00,00,00,00,00,00,00,00,00,00,00,00,00,00,00,00,19,05,27,23,55,57,00,00,00,00,00,00,00,00,00,00]"",""port"":0,""type"":4}",1558972800753
"{""bId"":""10171bedadc5"",""collectTime"":1558972803014,""pId"":""1234935b01a3b724"",""partReadOnlyData"":""[00,00,23,EC,FF,FF,FF,FF,00,0B,01,FE,12,9E,76,64,02,DD,00,02,02,D0,00,01,0E,56,00,0C,0E,4D,00,01,0B,B8,04,1A,03,CA,00,16,1B,D2,37,7E,00,8A,10,3F,00,00,00,00,00,00,00,00,00,00,00,00,02,D5,02,D5,02,DA,02,C9,02,D0,02,DD,0E,4D,0E,52,0E,53,0E,52,0E,53,0E,51,0E,54,0E,53,FF,FF,0E,51,0E,54,0E,56,0E,55,FF,FF,0E,51,FF,FF,00,00,00,00,00,00,00,00,0C,E6,00,01,0C,2C,14,D2,0E,59]"",""port"":2,""type"":3}",1558972802156
"{""bId"":""1016dadddcf0"",""collectTime"":1558973536027,""pId"":""aae7925b059ecd24"",""partRunControlData"":""[00,00,00,00,00,00,00,00,00,00,00,00,00,00,00,00,00,00,00,00,00,00,00,00,00,00,00,00,00,00,00,00,00,00,00,00,00,00,19,05,27,23,55,55,00,00,00,00,00,00,00,00,00,00]"",""port"":3,""type"":4}",1558972806740
"{""bId"":""1016cd2d5a0d"",""collectTime"":1558972868058,""pId"":""25e7925b08f8c924"",""partRunControlData"":""[00,00,00,00,00,00,00,00,00,00,00,00,00,00,00,00,00,00,00,00,00,00,00,00,00,00,00,00,00,00,00,00,00,00,00,00,00,00,19,05,27,23,54,11,00,00,00,00,00,00,00,00,00,00]"",""port"":0,""type"":4}",1558972807755
"{""bId"":""1016dd994538"",""collectTime"":1558972832231,""pId"":""3ecef35a06987424"",""partRunControlData"":""[00,00,00,00,00,00,00,00,00,00,00,00,00,00,00,00,00,00,00,00,00,00,00,00,00,00,00,00,00,00,00,00,00,00,00,00,00,00,19,05,27,23,55,39,00,00,00,00,00,00,00,00,00,00]"",""port"":8,""type"":4}",1558972808297
"{""bId"":""101ba3e9c642"",""collectTime"":1558972827794,""pId"":""4d878c5a03623c24"",""partRunControlData"":""[00,00,00,00,00,00,00,00,00,00,00,00,00,00,00,00,00,00,00,00,00,00,00,00,00,00,00,00,00,00,00,00,00,00,00,00,00,00,19,05,27,23,57,00,00,00,00,00,00,00,00,00,00,00]"",""port"":7,""type"":4}",1558972809710
"{""bId"":""1016d955a139"",""collectTime"":1558972868743,""pId"":""c1ccf35a03cf4824"",""partRunControlData"":""[00,00,00,00,00,00,00,00,00,00,00,00,00,00,00,00,00,00,00,00,00,00,00,00,00,00,00,00,00,00,00,00,00,00,00,00,00,00,19,05,27,23,52,03,00,00,00,00,00,00,00,00,00,00]"",""port"":5,""type"":4}",1558972811907
"{""bId"":""1016e4066996"",""collectTime"":1558972813398,""logIndex"":11097,""pId"":""60e6925b06623c24"",""partLog"":""[59,2B,00,00,19,05,25,12,36,58,80,00,00,2B,34,FF,FF,FF,01,40,0B,03,DE,14,B9,75,71,02,E5,00,02,02,DB,00,01,0F,F5,00,02,0F,EC,00,0A,0B,B8,01,2E,03,CA,00,23,38,06,38,06,00,00,20,B7,00,00,00,00,00,00,00,00,00,00,00,00,02,E2,02,E2,02,E0,02,DF,02,DB,02,E5,0F,EF,0F,F5,0F,F4,0F,F2,0F,F4,0F,EE,0F,F0,0F,F2,FF,FF,0F,EC,0F,EF,0F,F0,0F,F2,FF,FF,0F,EF,FF,FF,00,00,00,00,00,00,00,00,00,80,00,78,06]"",""port"":8,""type"":5}",1558972812981
"{""bId"":""1016dab696e3"",""collectTime"":1558972817790,""pId"":""1234935b01a3b724"",""partRunControlData"":""[00,00,00,00,00,00,00,00,00,00,00,00,00,00,00,00,00,00,00,00,00,00,00,00,00,00,00,00,00,00,00,00,00,00,00,00,00,00,19,05,27,23,50,07,00,00,00,00,00,00,00,00,00,00]"",""port"":3,""type"":4}",1558972816905
"{""bId"":""1016e0743109"",""collectTime"":1558972877926,""pId"":""25e7925b08f8c924"",""partRunControlData"":""[00,00,00,00,00,00,00,00,00,00,00,00,00,00,00,00,00,00,00,00,00,00,00,00,00,00,00,00,00,00,00,00,00,00,00,00,00,00,19,05,27,23,59,11,00,00,00,00,00,00,00,00,00,00]"",""port"":1,""type"":4}",1558972817515
"{""bId"":""1015628fa4be"",""collectTime"":1558972852984,""pId"":""cce1925b02cf4824"",""partRunControlData"":""[00,00,00,00,00,00,00,00,00,00,00,00,00,00,00,00,00,00,00,00,00,00,00,00,00,00,00,00,00,00,00,00,00,00,00,00,00,00,19,05,27,23,52,32,00,00,00,00,00,00,00,00,00,00]"",""port"":1,""type"":4}",1558972849251
"{""list"":[{""content"":""[47,07,42,07,00,00,00,00,00,00,00,00,00,00,00,00,00,00,00,00,00,00,00,00,00,00,00,00,00,00,00,00,00,00,00,00,00,00,00,00,00,00,00,00,00,00,00,00,00,00,00,00,00,00,00,00,00,00,00,00,00,00,00,00,00,00,00,00,00,00,00,00,00,00,00,00,00,00,00,00,00,00,00,00,00,00,00,00,00,00,00,00,00,00,00,00,00,00,00,00,00,00,00,00,00,00,00,00,00,00,00,00,00,00,00,00,00,00,00,00,00,00,00,00,00,00,00,00,00,00,00,00,00,00,00,00,00,00,00]"",""time"":1558972853219}],""pId"":""cce1925b02cf4824"",""type"":6}",1558972849470
"{""bId"":""101792e05eac"",""collectTime"":1558972855877,""pId"":""0fdc1f5c05563e24"",""partReadOnlyData"":""[00,00,2D,92,FF,FF,FF,FF,00,08,03,C0,14,B2,75,30,02,AD,00,02,02,A8,00,01,0F,F3,00,0D,0F,E8,00,01,0B,B8,02,EE,03,E8,00,54,3A,88,3D,80,FF,FF,22,2E,00,00,00,00,00,00,00,00,00,00,00,00,02,AF,02,AF,02,A8,02,AB,02,A8,02,AD,0F,E8,0F,E8,0F,E8,0F,EE,0F,EB,0F,EB,0F,EC,0F,EE,FF,FF,0F,E9,0F,EB,0F,EF,0F,F3,FF,FF,0F,EA,FF,FF,00,00,00,00,00,00,00,00,0C,DE,00,02,00,00,15,13,0F,E8]"",""port"":0,""type"":3}",1558972852128
"{""bId"":""101728735c6d"",""collectTime"":1558972842004,""pId"":""48dc1f5c02f22124"",""partRunControlData"":""[00,00,00,00,00,00,00,00,00,00,00,00,00,00,00,00,00,00,00,00,00,00,00,00,00,00,00,00,00,00,00,00,00,00,00,00,00,00,19,05,27,23,59,20,00,00,00,00,00,00,00,00,00,00]"",""port"":5,""type"":4}",1558972852456
"{""bId"":""1016c18a05bc"",""collectTime"":1558972824201,""pId"":""46e2925b06623c24"",""partRunControlData"":""[00,00,00,00,00,00,00,00,00,00,00,00,00,00,00,00,00,00,00,00,00,00,00,00,00,00,00,00,00,00,00,00,00,00,00,00,00,00,19,05,27,23,54,32,00,00,00,00,00,00,00,00,00,00]"",""port"":2,""type"":4}",1558972852901
"{""bId"":""1017206b6528"",""collectTime"":1558972856626,""pId"":""e148ae5b03623c24"",""partReadOnlyData"":""[00,00,01,28,FF,FF,FF,FF,40,08,03,E8,14,B7,75,30,02,C6,00,02,02,BE,00,01,0F,F4,00,08,0F,EB,00,0F,0B,B8,00,00,03,E8,00,04,38,14,38,50,00,00,20,BF,00,00,00,00,00,00,00,00,00,00,00,00,02,CA,02,CA,02,C4,02,C0,02,BE,02,C6,0F,F0,0F,EE,0F,F1,0F,F0,0F,EE,0F,EE,0F,F2,0F,F4,FF,FF,0F,F0,0F,F0,0F,F1,0F,F1,FF,FF,0F,EB,FF,FF,00,00,00,00,00,00,00,00,0C,D7,00,02,00,00,14,D2,0F,EF]"",""port"":1,""type"":3}",1558972853278
"{""bId"":""1017206b6528"",""collectTime"":1558972861508,""pId"":""e148ae5b03623c24"",""partRunControlData"":""[00,80,00,00,00,00,00,00,00,00,00,00,00,00,00,00,00,00,00,00,00,00,00,00,00,00,00,00,00,00,00,00,00,00,00,00,00,00,19,05,27,23,59,43,00,00,00,00,00,00,00,00,00,00]"",""port"":1,""type"":4}",1558972858088
"{""bId"":""1016e222bb6b"",""collectTime"":1558972870716,""pId"":""0fdc1f5c05563e24"",""partRunControlData"":""[00,00,00,00,00,00,00,00,00,00,00,00,00,00,00,00,00,00,00,00,00,00,00,00,00,00,00,00,00,00,00,00,00,00,00,00,00,00,19,05,27,23,56,19,00,00,00,00,00,00,00,00,00,00]"",""port"":1,""type"":4}",1558972866878
"{""bId"":""1017239bbdbf"",""collectTime"":1558972928103,""pId"":""25e7925b08f8c924"",""partRunControlData"":""[00,00,00,00,00,00,00,00,00,00,00,00,00,00,00,00,00,00,00,00,00,00,00,00,00,00,00,00,00,00,00,00,00,00,00,00,00,00,19,05,28,00,01,15,00,00,00,00,00,00,00,00,00,00]"",""port"":10,""type"":4}",1558972867674
"{""bId"":""1f41a81f746d"",""collectTime"":1558972871481,""pId"":""e148ae5b03623c24"",""partRunControlData"":""[00,00,00,00,00,00,00,00,00,00,00,00,00,00,00,00,00,00,00,00,00,00,00,00,00,00,00,00,00,00,00,00,00,00,00,00,00,00,19,05,28,00,01,33,00,00,00,00,00,00,00,00,00,00]"",""port"":3,""type"":4}",1558972868068
"{""bId"":""1016bd198ccb"",""collectTime"":1558972873011,""pId"":""e434ae5b03623c24"",""partRunControlData"":""[00,00,00,00,00,00,00,00,00,00,00,00,00,00,00,00,00,00,00,00,00,00,00,00,00,00,00,00,00,00,00,00,00,00,00,00,00,00,19,05,27,23,52,29,00,00,00,00,00,00,00,00,00,00]"",""port"":1,""type"":4}",1558972870381
"{""bId"":""1016c896c76e"",""collectTime"":1558973601360,""logIndex"":14517,""pId"":""aae7925b059ecd24"",""partLog"":""[B5,38,00,00,19,05,27,13,19,55,80,00,00,38,63,FF,FF,FF,01,00,08,02,80,12,D6,75,30,02,BF,00,02,02,B3,00,01,0E,80,00,04,0E,79,00,0B,0B,B8,04,1A,03,DE,00,29,23,E8,38,A2,05,EC,14,F8,00,00,00,00,00,00,00,00,00,00,00,00,02,B6,02,B6,02,B5,02,B1,02,B3,02,BF,0E,7B,0E,7D,0E,7F,0E,80,0E,7D,0E,7D,0E,7F,0E,7F,FF,FF,0E,7F,0E,79,0E,7D,0E,7D,FF,FF,0E,7B,FF,FF,00,00,00,00,00,00,00,00,00,82,00,4B,7B]"",""port"":12,""type"":5}",1558972872013
"{""bId"":""1016d93163cd"",""collectTime"":1558972897501,""logIndex"":6453,""pId"":""3ecef35a06987424"",""partLog"":""[35,19,00,00,19,04,24,10,14,52,40,00,00,09,8B,FF,FF,FF,01,40,08,03,E8,14,F2,75,30,02,B0,00,02,02,AF,00,01,10,25,00,0F,10,13,00,01,0B,B8,00,00,03,E8,00,0E,3D,D3,3D,D3,FF,FF,24,1A,00,00,00,00,00,00,00,00,00,00,00,00,02,B6,02,B6,02,B2,02,B0,02,AF,02,B0,10,13,10,1A,10,1D,10,1E,10,19,10,1A,10,1D,10,1E,FF,FF,10,17,10,20,10,22,10,20,FF,FF,10,25,FF,FF,00,00,00,00,00,00,00,00,00,00,00,DB,12]"",""port"":4,""type"":5}",1558972873559
"{""bId"":""10214bb26c0b"",""collectTime"":1558972892550,""logIndex"":2025,""pId"":""4d878c5a03623c24"",""partLog"":""[E9,07,00,00,19,03,15,12,50,52,80,00,00,01,61,FF,FF,FF,02,00,0B,02,62,17,07,74,85,02,82,00,02,02,7C,00,01,0E,7B,00,10,0E,56,00,0B,0B,B8,03,48,03,E8,00,11,1A,20,2B,5F,FF,FF,0F,41,00,00,00,00,00,00,00,00,00,00,00,00,02,8D,02,8D,02,86,02,81,02,7C,02,82,0E,5A,0E,71,0E,77,0E,79,0E,76,0E,58,0E,58,0E,6C,0E,78,0E,59,0E,56,0E,57,0E,58,0E,58,0E,59,0E,7B,00,00,00,00,00,00,00,00,00,03,00,6C,F4]"",""port"":1,""type"":5}",1558972874464
"{""bId"":""1021b3b2872c"",""collectTime"":1558972936305,""pId"":""2fe8925b08f8c924"",""partRunControlData"":""[00,00,00,00,00,00,00,00,00,00,00,00,00,00,00,00,00,00,00,00,00,00,00,00,00,00,00,00,00,00,00,00,00,00,00,00,00,00,19,05,28,00,03,07,00,00,00,00,00,00,00,00,00,00]"",""port"":2,""type"":4}",1558972875174
"{""bId"":""10172bedccda"",""collectTime"":1558972878012,""pId"":""e434ae5b03623c24"",""partReadOnlyData"":""[00,00,2A,76,FF,FF,FF,FF,00,08,03,CA,14,92,75,30,02,B3,00,03,02,AF,00,01,0F,D7,00,03,0F,CE,00,0A,0B,B8,02,64,03,E8,00,2A,36,7C,38,3E,FF,FF,1F,D1,00,00,00,00,00,00,00,00,00,00,00,00,02,AF,02,AF,02,B3,02,A9,02,AF,02,AF,0F,D2,0F,D1,0F,D7,0F,D6,0F,D7,0F,CF,0F,D3,0F,D6,FF,FF,0F,CE,0F,D0,0F,D7,0F,D4,FF,FF,0F,D2,FF,FF,00,00,00,00,00,00,00,00,0C,D6,00,03,00,00,14,D2,0F,CE]"",""port"":2,""type"":3}",1558972875331
"{""bId"":""101715631a03"",""collectTime"":1558972880046,""pId"":""0fdc1f5c05563e24"",""partRunControlData"":""[00,00,00,00,00,00,00,00,00,00,00,00,00,00,00,00,00,00,00,00,00,00,00,00,00,00,00,00,00,00,00,00,00,00,00,00,00,00,19,05,27,23,58,40,00,00,00,00,00,00,00,00,00,00]"",""port"":2,""type"":4}",1558972876228
"{""bId"":""101554e27e4a"",""collectTime"":1558972902382,""logIndex"":102659,""pId"":""3ecef35a06987424"",""partLog"":""[03,91,01,00,19,05,15,13,08,37,40,00,00,00,D0,FF,FF,FF,01,00,18,03,DE,14,CC,75,30,03,09,00,02,02,FE,00,01,10,04,00,06,0F,ED,00,01,0B,B8,02,A3,03,8E,00,F6,33,55,34,58,00,08,1D,FA,00,00,00,00,00,00,00,00,00,00,00,00,03,16,03,16,03,1B,03,0A,02,FE,03,09,0F,ED,0F,FE,0F,FF,0F,FE,10,00,10,04,10,03,10,04,FF,FF,10,04,10,02,10,02,10,02,FF,FF,10,03,FF,FF,04,A0,00,00,00,00,00,00,00,80,00,CD,FB]"",""port"":11,""type"":5}",1558972878616
"{""bId"":""1016c27a0271"",""collectTime"":1558972882551,""pId"":""cce1925b02cf4824"",""partRunControlData"":""[00,00,00,00,00,00,00,00,00,00,00,00,00,00,00,00,00,00,00,00,00,00,00,00,00,00,00,00,00,00,00,00,00,00,00,00,00,00,19,05,28,00,00,56,00,00,00,00,00,00,00,00,00,00]"",""port"":4,""type"":4}",1558972878810
"{""bId"":""10172bedccda"",""collectTime"":1558972882629,""pId"":""e434ae5b03623c24"",""partRunControlData"":""[00,00,00,00,00,00,00,00,00,00,00,00,00,00,00,00,00,00,00,00,00,00,00,00,00,00,00,00,00,00,00,00,00,00,00,00,00,00,19,05,27,23,51,27,00,00,00,00,00,00,00,00,00,00]"",""port"":2,""type"":4}",1558972879956
"{""bId"":""1016d98284b7"",""collectTime"":1558972876227,""pId"":""51dc1f5c05563e24"",""partRunControlData"":""[00,00,00,00,00,00,00,00,00,00,00,00,00,00,00,00,00,00,00,00,00,00,00,00,00,00,00,00,00,00,00,00,00,00,00,00,00,00,19,05,27,23,59,31,00,00,00,00,00,00,00,00,00,00]"",""port"":3,""type"":4}",1558972881170
"{""bId"":""10172c411151"",""collectTime"":1558973611497,""logIndex"":18788,""pId"":""aae7925b059ecd24"",""partLog"":""[64,49,00,00,19,05,02,20,25,35,40,00,00,3C,0A,FF,FF,FF,01,40,08,03,E8,14,C3,75,30,02,B2,00,02,02,B0,00,01,0F,FF,00,0D,0F,F2,00,05,0B,B8,00,00,03,E8,00,25,3A,F7,3A,F7,FF,FF,22,6F,00,00,00,00,00,00,00,00,00,00,00,00,02,AA,02,AA,02,B0,02,A5,02,B0,02,B2,0F,F6,0F,FA,0F,FE,0F,FC,0F,F2,0F,FA,0F,F9,0F,F7,FF,FF,0F,F6,0F,F9,0F,FA,0F,FF,FF,FF,0F,F7,FF,FF,00,00,00,00,00,00,00,00,00,00,00,B4,CF]"",""port"":8,""type"":5}",1558972882149
"{""bId"":""1021ab88988c"",""collectTime"":1558972945935,""pId"":""2fe8925b08f8c924"",""partRunControlData"":""[00,00,00,00,00,00,00,00,00,00,00,00,00,00,00,00,00,00,00,00,00,00,00,00,00,00,00,00,00,00,00,00,00,00,00,00,00,00,19,05,28,00,01,40,00,00,00,00,00,00,00,00,00,00]"",""port"":3,""type"":4}",1558972884819
"{""bId"":""101722c1d065"",""collectTime"":1558972889984,""pId"":""0fdc1f5c05563e24"",""partRunControlData"":""[00,00,00,00,00,00,00,00,00,00,00,00,00,00,00,00,00,00,00,00,00,00,00,00,00,00,00,00,00,00,00,00,00,00,00,00,00,00,19,05,27,23,59,13,00,00,00,00,00,00,00,00,00,00]"",""port"":3,""type"":4}",1558972886158
"{""bId"":""1016e416a9b2"",""collectTime"":1558972858982,""pId"":""46e2925b06623c24"",""partReadOnlyData"":""[00,00,0B,15,FF,FF,FF,FF,40,08,03,DE,14,A4,75,30,02,B6,00,02,02,B2,00,01,0F,E4,00,06,0F,DB,00,01,0B,B8,01,C2,03,E8,00,82,37,00,37,FE,00,00,20,1E,00,00,00,00,00,00,00,00,00,00,00,00,02,C0,02,C0,02,B4,02,B3,02,B2,02,B6,0F,DB,0F,E1,0F,DD,0F,E3,0F,DF,0F,E4,0F,E4,0F,DE,FF,FF,0F,E3,0F,E1,0F,E4,0F,E3,FF,FF,0F,E1,FF,FF,00,00,00,00,00,00,00,00,0C,E0,00,02,00,00,14,D2,0F,DC]"",""port"":6,""type"":3}",1558972887711
"{""bId"":""101871473d67"",""collectTime"":1558972891639,""pId"":""e148ae5b03623c24"",""partRunControlData"":""[00,80,00,00,00,00,00,00,00,00,00,00,00,00,00,00,00,00,00,00,00,00,00,00,00,00,00,00,00,00,00,00,00,00,00,00,00,00,19,05,28,00,07,24,00,00,00,00,00,00,00,00,00,00]"",""port"":5,""type"":4}",1558972888218
"{""bId"":""10172c3787df"",""collectTime"":1558972895281,""pId"":""f833ae5b069ecd24"",""partRunControlData"":""[00,00,00,00,00,00,00,00,00,00,00,00,00,00,00,00,00,00,00,00,00,00,00,00,00,00,00,00,00,00,00,00,00,00,00,00,00,00,19,05,28,00,00,34,00,00,00,00,00,00,00,00,00,00]"",""port"":2,""type"":4}",1558972889696
"{""bId"":""1016cc0a1262"",""collectTime"":1558972881998,""pId"":""48dc1f5c02f22124"",""partRunControlData"":""[00,00,00,00,00,00,00,00,00,00,00,00,00,00,00,00,00,00,00,00,00,00,00,00,00,00,00,00,00,00,00,00,00,00,00,00,00,00,19,05,28,00,02,11,00,00,00,00,00,00,00,00,00,00]"",""port"":9,""type"":4}",1558972892446
"{""bId"":""101762715c93"",""collectTime"":1558972900119,""pId"":""0fdc1f5c05563e24"",""partRunControlData"":""[00,00,00,00,00,00,00,00,00,00,00,00,00,00,00,00,00,00,00,00,00,00,00,00,00,00,00,00,00,00,00,00,00,00,00,00,00,00,19,05,28,00,02,25,00,00,00,00,00,00,00,00,00,00]"",""port"":4,""type"":4}",1558972896298
"{""bId"":""1017239bbdbf"",""collectTime"":1558972958195,""logIndex"":15288,""pId"":""25e7925b08f8c924"",""partLog"":""[B8,3B,00,00,19,05,26,10,02,21,80,00,00,3A,B7,FF,FF,FF,02,40,00,03,DE,14,97,75,30,02,B8,00,01,02,B7,00,02,0F,DB,00,04,0F,D5,00,01,0B,B8,02,32,03,D4,00,27,36,F6,37,F4,00,00,20,18,00,00,00,00,00,00,00,00,00,00,00,00,02,C2,02,C2,02,B7,02,BB,02,B8,02,B7,0F,D5,0F,D6,0F,D5,0F,DB,0F,D9,0F,D7,0F,D8,0F,D7,FF,FF,0F,D6,0F,D5,0F,D8,0F,D8,FF,FF,0F,D7,FF,FF,00,00,00,00,00,00,00,00,00,00,00,A9,5D]"",""port"":10,""type"":5}",1558972897774
"{""bId"":""1015627aca3d"",""collectTime"":1558972902580,""pId"":""cce1925b02cf4824"",""partRunControlData"":""[00,00,00,00,00,00,00,00,00,00,00,00,00,00,00,00,00,00,00,00,00,00,00,00,00,00,00,00,00,00,00,00,00,00,00,00,00,00,19,05,27,23,55,51,00,00,00,00,00,00,00,00,00,00]"",""port"":8,""type"":4}",1558972898850
"{""bId"":""10172daf0a30"",""collectTime"":1558972902334,""pId"":""e434ae5b03623c24"",""partRunControlData"":""[00,00,00,00,00,00,00,00,00,00,00,00,00,00,00,00,00,00,00,00,00,00,00,00,00,00,00,00,00,00,00,00,00,00,00,00,00,00,19,05,27,23,57,47,00,00,00,00,00,00,00,00,00,00]"",""port"":4,""type"":4}",1558972899650
"{""bId"":""101715628945"",""collectTime"":1558972892543,""pId"":""48dc1f5c02f22124"",""partRunControlData"":""[00,00,00,00,00,00,00,00,00,00,00,00,00,00,00,00,00,00,00,00,00,00,00,00,00,00,00,00,00,00,00,00,00,00,00,00,00,00,19,05,27,23,59,22,00,00,00,00,00,00,00,00,00,00]"",""port"":10,""type"":4}",1558972902985
"{""bId"":""1017206b6528"",""collectTime"":1558972906687,""logIndex"":301,""pId"":""e148ae5b03623c24"",""partLog"":""[2D,01,00,00,19,05,25,23,34,26,80,00,00,00,12,FF,FF,FF,02,00,0A,01,C2,12,7A,75,30,02,CE,00,02,02,C2,00,01,0E,3A,00,0C,0E,33,00,0F,0B,B8,03,E7,03,E8,00,03,1B,F1,3F,74,1A,A2,10,51,00,00,00,00,00,00,00,00,00,00,00,00,02,CF,02,CF,02,CC,02,CE,02,C2,02,CE,0E,36,0E,37,0E,38,0E,38,0E,36,0E,36,0E,38,0E,39,FF,FF,0E,35,0E,34,0E,3A,0E,37,FF,FF,0E,33,FF,FF,00,00,00,00,00,00,00,00,00,82,00,7B,90]"",""port"":1,""type"":5}",1558972903358
"{""bId"":""101c3a220ea7"",""collectTime"":1558972934930,""pId"":""52cef35a06987424"",""partReadOnlyData"":""[00,00,05,03,FF,FF,FF,FF,00,8B,03,84,18,68,75,2E,03,20,00,02,03,11,00,01,0F,44,00,08,0F,3C,00,09,0B,B8,01,8C,03,A2,00,61,26,96,2B,31,FF,FF,16,88,00,00,00,00,00,00,00,00,00,10,00,00,03,12,03,12,03,1F,03,02,03,11,03,20,0F,42,0F,42,0F,42,0F,41,0F,41,0F,41,0F,42,0F,44,0F,3C,0F,41,0F,41,0F,41,0F,41,0F,41,0F,41,0F,40,00,00,00,00,00,00,00,00,0C,D8,00,03,FF,F2,19,A0,0F,43]"",""port"":1,""type"":3}",1558972903395
"{""bId"":""1016dba5b6d9"",""collectTime"":1558972910436,""pId"":""f833ae5b069ecd24"",""partReadOnlyData"":""[00,00,01,B0,FF,FF,FF,FF,00,08,03,CA,14,7F,75,30,02,B2,00,02,02,AD,00,01,0F,C8,00,08,0F,C0,00,0B,0B,B8,02,EE,03,D4,00,03,36,42,38,5C,FF,FF,1F,AF,00,00,00,00,00,00,00,00,00,00,00,00,02,B4,02,B4,02,B0,02,B1,02,AD,02,B2,0F,C3,0F,C3,0F,C6,0F,C7,0F,C4,0F,C7,0F,C3,0F,C8,FF,FF,0F,C3,0F,C0,0F,C7,0F,C6,FF,FF,0F,C6,FF,FF,00,00,00,00,00,00,00,00,0C,DA,00,02,00,00,14,D2,0F,C9]"",""port"":4,""type"":3}",1558972904861
"{""bId"":""10181d18cb2f"",""collectTime"":1558972966085,""pId"":""2fe8925b08f8c924"",""partRunControlData"":""[00,00,00,00,00,00,00,00,00,00,00,00,00,00,00,00,00,00,00,00,00,00,00,00,00,00,00,00,00,00,00,00,00,00,00,00,00,00,19,05,28,00,00,25,00,00,00,00,00,00,00,00,00,00]"",""port"":6,""type"":4}",1558972904965
"{""bId"":""1016d4b46e3f"",""collectTime"":1558972910320,""pId"":""0fdc1f5c05563e24"",""partRunControlData"":""[00,00,00,00,00,00,00,00,00,00,00,00,00,00,00,00,00,00,00,00,00,00,00,00,00,00,00,00,00,00,00,00,00,00,00,00,00,00,19,05,28,00,02,51,00,00,00,00,00,00,00,00,00,00]"",""port"":5,""type"":4}",1558972906478
