00031255255255255,0,1,0,1,0,0,0,0,0,0,0,0,0,0,0,0,36.0,57.98,0.0,31.2,2,31.0,1,3628,4,3619,1,30.0,7.0,84.0,405,3022,8400,379,176.4,0,0,0,0,0,0,0,0,0,0,0,0,0,0,0,0,0,0,0,0,0,0,0,0,0,0,0,0,0,0,0,0,0,0,0,0,0,0,0,0,0,0,0,0,0,0,0,0,0,0,0,0,0,0,0,0,0,0,0,0,0,0,0,0,0,0,0,0,0,0,0,0,0,0,0,0,0,0,0,0,0,32.7,32.7,31.3,32.0,31.0,31.2,3619,3627,3624,3628,3626,3622,3624,3623,3623,3622,3625,3625,3625,3624,3624,3626,0,0,0,0,0,0,0,0,0,0,0,0,0,0,0,0,121,65456,64470,3276,2,65531,66.4,3623,2019-05-06 00:07:45 481,bb48ae5b04563e24,100923886652
00031255255255255,1,1,0,1,0,0,0,0,0,0,0,0,0,0,0,0,50.0,60.87,7.03,33.5,2,33.4,1,3809,4,3795,1,30.0,7.0,84.0,405,4188,8399,35,244.5,0,0,0,0,0,0,0,0,0,0,0,0,0,0,0,0,0,0,0,0,0,0,0,0,0,0,0,0,0,0,0,0,0,0,0,0,0,0,0,0,0,0,0,0,0,0,0,0,0,0,0,0,0,0,0,0,0,0,0,0,0,0,0,0,0,0,0,0,0,0,0,0,0,0,0,0,0,0,0,0,0,35.2,35.2,33.5,32.8,33.4,33.5,3795,3807,3806,3809,3807,3803,3805,3802,3807,3804,3807,3807,3808,3808,3807,3796,0,0,0,0,0,0,0,0,0,0,0,0,0,0,0,0,113,65453,64470,3273,2,7057,66.4,3808,2019-05-06 00:19:45 539,bb48ae5b04563e24,100923886652
00031255255255255,1,1,0,1,0,0,0,0,0,0,0,0,0,0,0,0,67.0,63.02,7.04,36.7,2,36.5,1,3942,14,3928,16,30.0,7.0,84.0,405,5589,8399,23,326.3,0,0,0,0,0,0,0,0,0,0,0,0,0,0,0,0,0,0,0,0,0,0,0,0,0,0,0,0,0,0,0,0,0,0,0,0,0,0,0,0,0,0,0,0,0,0,0,0,0,0,0,0,0,0,0,0,0,0,0,0,0,0,0,0,0,0,0,0,0,0,0,0,0,0,0,0,0,0,0,0,0,37.9,37.9,36.6,34.2,36.5,36.7,3930,3941,3939,3941,3940,3937,3940,3939,3941,3939,3941,3940,3941,3942,3941,3928,0,0,0,0,0,0,0,0,0,0,0,0,0,0,0,0,121,65449,64468,3274,2,7057,66.4,3942,2019-05-06 00:31:45 739,bb48ae5b04563e24,100923886652
00031255255255255,1,1,0,1,0,0,0,0,0,0,0,0,0,0,0,0,75.0,64.04,7.03,37.8,2,37.6,1,4006,9,3989,16,30.0,7.0,84.0,405,6287,8399,18,367.1,0,0,0,0,0,0,0,0,0,0,0,0,0,0,0,0,0,0,0,0,0,0,0,0,0,0,0,0,0,0,0,0,0,0,0,0,0,0,0,0,0,0,0,0,0,0,0,0,0,0,0,0,0,0,0,0,0,0,0,0,0,0,0,0,0,0,0,0,0,0,0,0,0,0,0,0,0,0,0,0,0,39.3,39.3,37.7,34.9,37.6,37.8,3994,4005,4003,4005,4004,4001,4005,4004,4006,4003,4005,4005,4005,4006,4005,3989,0,0,0,0,0,0,0,0,0,0,0,0,0,0,0,0,128,65462,64464,3272,2,7057,66.4,4006,2019-05-06 00:37:45 779,bb48ae5b04563e24,100923886652
00031255255255255,1,1,0,1,0,0,0,0,0,0,0,0,0,0,0,0,90.0,65.52,5.0,38.8,2,38.6,1,4098,8,4082,16,30.0,5.0,84.0,405,7533,8399,10,439.9,0,0,0,0,0,0,0,0,0,0,0,0,0,0,0,0,0,0,0,0,0,0,0,0,0,0,0,0,0,0,0,0,0,0,0,0,0,0,0,0,0,0,0,0,0,0,0,0,0,0,0,0,0,0,0,0,0,0,0,0,0,0,0,0,0,0,0,0,0,0,0,0,0,0,0,0,0,0,0,0,0,40.0,40.0,38.6,35.1,38.6,38.8,4088,4097,4095,4097,4096,4093,4097,4098,4098,4097,4097,4098,4097,4098,4098,4082,0,0,0,0,0,0,0,0,0,0,0,0,0,0,0,0,125,65462,64464,3272,2,5022,66.4,4097,2019-05-06 00:49:45 970,bb48ae5b04563e24,100923886652
00031255255255255,1,1,0,1,0,0,0,0,0,0,0,0,0,0,0,0,96.0,66.12,4.26,38.8,2,38.6,1,4136,8,4121,16,30.0,5.0,84.0,405,8020,8398,5,468.3,0,0,0,0,0,0,0,0,0,0,0,0,0,0,0,0,0,0,0,0,0,0,0,0,0,0,0,0,0,0,0,0,0,0,0,0,0,0,0,0,0,0,0,0,0,0,0,0,0,0,0,0,0,0,0,0,0,0,0,0,0,0,0,0,0,0,0,0,0,0,0,0,0,0,0,0,0,0,0,0,0,39.8,39.8,38.6,34.9,38.6,38.8,4126,4135,4132,4135,4133,4131,4135,4136,4135,4135,4135,4135,4135,4135,4135,4121,0,0,0,0,0,0,0,0,0,0,0,0,0,0,0,0,126,65468,64464,3273,2,4269,66.4,4134,2019-05-06 00:55:46 050,bb48ae5b04563e24,100923886652
00031255255255255,1,1,0,1,0,0,0,0,0,0,0,0,0,0,0,0,99.0,66.26,2.63,38.5,2,38.3,1,4145,8,4130,16,30.0,3.63,84.0,405,8314,8398,1,485.5,0,0,0,0,0,0,0,0,0,0,0,0,0,0,0,0,0,0,0,0,0,0,0,0,0,0,0,0,0,0,0,0,0,0,0,0,0,0,0,0,0,0,0,0,0,0,0,0,0,0,0,0,0,0,0,0,0,0,0,0,0,0,0,0,0,0,0,0,0,0,0,0,0,0,0,0,0,0,0,0,0,39.2,39.2,38.4,34.4,38.3,38.5,4134,4143,4141,4143,4142,4139,4143,4145,4142,4143,4144,4144,4143,4144,4143,4130,0,0,0,0,0,0,0,0,0,0,0,0,0,0,0,0,130,65458,64470,3272,2,2636,66.4,4141,2019-05-06 01:01:46 179,bb48ae5b04563e24,100923886652
00031255255255255,1,1,0,1,0,0,0,0,0,0,0,0,0,0,0,0,99.0,66.34,1.63,38.1,2,37.9,1,4150,8,4134,16,30.0,2.13,84.0,405,8333,8418,3,486.6,0,0,0,0,0,0,0,0,0,0,0,0,0,0,0,0,0,0,0,0,0,0,0,0,0,0,0,0,0,0,0,0,0,0,0,0,0,0,0,0,0,0,0,0,0,0,0,0,0,0,0,0,0,0,0,0,0,0,0,0,0,0,0,0,0,0,0,0,0,0,0,0,0,0,0,0,0,0,0,0,0,38.6,38.6,38.0,33.9,37.9,38.1,4139,4148,4146,4148,4147,4144,4148,4150,4146,4148,4149,4149,4148,4149,4148,4134,0,0,0,0,0,0,0,0,0,0,0,0,0,0,0,0,123,65464,64462,3272,2,1632,66.4,4145,2019-05-06 01:07:46 290,bb48ae5b04563e24,100923886652
00031255255255255,1,1,0,1,0,0,0,0,0,0,0,0,0,0,0,0,99.0,66.33,0.85,37.6,2,37.4,1,4150,8,4134,16,30.0,0.92,84.0,405,8333,8418,6,486.6,0,0,0,0,0,0,0,0,0,0,0,0,0,0,0,0,0,0,0,0,0,0,0,0,0,0,0,0,0,0,0,0,0,0,0,0,0,0,0,0,0,0,0,0,0,0,0,0,0,0,0,0,0,0,0,0,0,0,0,0,0,0,0,0,0,0,0,0,0,0,0,0,0,0,0,0,0,0,0,0,0,38.0,38.0,37.5,33.5,37.4,37.6,4139,4147,4146,4148,4146,4144,4147,4150,4145,4147,4149,4149,4148,4149,4147,4134,0,0,0,0,0,0,0,0,0,0,0,0,0,0,0,0,130,65470,64464,3273,2,912,66.4,4144,2019-05-06 01:13:46 369,bb48ae5b04563e24,100923886652
00031255255255255,1,1,0,1,0,0,0,0,0,0,0,0,0,0,0,0,99.0,66.33,0.55,37.1,2,36.9,1,4150,8,4134,16,30.0,0.65,84.0,405,8333,8418,9,486.6,0,0,0,0,0,0,0,0,0,0,0,0,0,0,0,0,0,0,0,0,0,0,0,0,0,0,0,0,0,0,0,0,0,0,0,0,0,0,0,0,0,0,0,0,0,0,0,0,0,0,0,0,0,0,0,0,0,0,0,0,0,0,0,0,0,0,0,0,0,0,0,0,0,0,0,0,0,0,0,0,0,37.5,37.5,37.0,33.1,36.9,37.1,4139,4148,4146,4148,4147,4144,4147,4150,4144,4147,4149,4149,4148,4149,4148,4134,0,0,0,0,0,0,0,0,0,0,0,0,0,0,0,0,125,65474,64460,3271,3,552,66.4,4144,2019-05-06 01:19:46 449,bb48ae5b04563e24,100923886652
00031255255255255,0,0,0,1,0,0,0,0,0,0,0,0,0,0,1,0,100.0,66.21,0.0,36.6,2,36.4,1,4142,8,4128,16,30.0,0.0,84.0,405,8417,8417,0,491.5,0,0,0,0,0,0,0,0,0,0,0,0,0,0,0,0,0,0,0,0,0,0,0,0,0,0,0,0,0,0,0,0,0,0,0,0,0,0,0,0,0,0,0,0,0,0,0,0,0,0,0,0,0,0,0,0,0,0,0,0,0,0,0,0,0,0,0,0,0,0,0,0,0,0,0,0,0,0,0,0,0,37.0,37.0,36.6,32.7,36.4,36.6,4132,4140,4138,4141,4139,4136,4139,4142,4135,4139,4141,4142,4141,4141,4140,4128,0,0,0,0,0,0,0,0,0,0,0,0,0,0,0,0,128,65470,64466,3273,3,0,66.4,4136,2019-05-06 01:25:46 501,bb48ae5b04563e24,100923886652
00031255255255255,0,0,0,1,0,0,0,0,0,0,0,0,0,0,1,0,100.0,66.17,0.0,36.1,2,35.9,1,4139,4,4125,16,30.0,0.0,84.0,405,8417,8417,0,491.5,0,0,0,0,0,0,0,0,0,0,0,0,0,0,0,0,0,0,0,0,0,0,0,0,0,0,0,0,0,0,0,0,0,0,0,0,0,0,0,0,0,0,0,0,0,0,0,0,0,0,0,0,0,0,0,0,0,0,0,0,0,0,0,0,0,0,0,0,0,0,0,0,0,0,0,0,0,0,0,0,0,36.5,36.5,36.1,32.4,35.9,36.1,4130,4138,4136,4139,4137,4133,4137,4139,4133,4137,4139,4139,4138,4139,4137,4125,0,0,0,0,0,0,0,0,0,0,0,0,0,0,0,0,125,65453,64464,3273,3,0,66.4,4133,2019-05-06 01:31:46 560,bb48ae5b04563e24,100923886652
00031255255255255,0,0,0,1,0,0,0,0,0,0,0,0,0,0,1,0,100.0,66.16,0.0,35.7,2,35.5,1,4139,12,4125,16,30.0,0.0,84.0,405,8417,8417,0,491.5,0,0,0,0,0,0,0,0,0,0,0,0,0,0,0,0,0,0,0,0,0,0,0,0,0,0,0,0,0,0,0,0,0,0,0,0,0,0,0,0,0,0,0,0,0,0,0,0,0,0,0,0,0,0,0,0,0,0,0,0,0,0,0,0,0,0,0,0,0,0,0,0,0,0,0,0,0,0,0,0,0,36.1,36.1,35.7,32.2,35.5,35.7,4128,4137,4135,4138,4136,4133,4136,4138,4132,4136,4138,4139,4138,4138,4136,4125,0,0,0,0,0,0,0,0,0,0,0,0,0,0,0,0,128,65464,64464,3273,3,0,66.4,4132,2019-05-06 01:37:46 629,bb48ae5b04563e24,100923886652
00031255255255255,0,0,0,1,0,0,0,0,0,0,0,0,0,0,1,0,100.0,66.15,0.0,35.3,2,35.2,1,4138,8,4124,16,30.0,0.0,84.0,405,8417,8417,0,491.5,0,0,0,0,0,0,0,0,0,0,0,0,0,0,0,0,0,0,0,0,0,0,0,0,0,0,0,0,0,0,0,0,0,0,0,0,0,0,0,0,0,0,0,0,0,0,0,0,0,0,0,0,0,0,0,0,0,0,0,0,0,0,0,0,0,0,0,0,0,0,0,0,0,0,0,0,0,0,0,0,0,36.0,36.0,35.4,32.0,35.2,35.3,4128,4136,4134,4136,4135,4132,4135,4138,4131,4135,4138,4138,4137,4137,4136,4124,0,0,0,0,0,0,0,0,0,0,0,0,0,0,0,0,123,65466,64468,3273,3,0,66.4,4131,2019-05-06 01:43:46 740,bb48ae5b04563e24,100923886652
00031255255255255,0,0,0,1,0,0,0,0,0,0,0,0,0,0,1,0,100.0,66.14,0.0,35.0,2,34.9,1,4137,8,4124,16,30.0,0.0,84.0,405,8409,8409,0,491.0,0,0,0,0,0,0,0,0,0,0,0,0,0,0,0,0,0,0,0,0,0,0,0,0,0,0,0,0,0,0,0,0,0,0,0,0,0,0,0,0,0,0,0,0,0,0,0,0,0,0,0,0,0,0,0,0,0,0,0,0,0,0,0,0,0,0,0,0,0,0,0,0,0,0,0,0,0,0,0,0,0,35.8,35.8,35.2,31.9,34.9,35.0,4127,4136,4133,4136,4135,4132,4135,4137,4130,4135,4137,4137,4136,4137,4135,4124,0,0,0,0,0,0,0,0,0,0,0,0,0,0,0,0,117,65462,64472,3274,3,0,66.4,4131,2019-05-06 01:49:46 839,bb48ae5b04563e24,100923886652
00031255255255255,0,0,0,1,0,0,0,0,0,0,0,0,0,0,1,0,100.0,66.13,0.0,34.8,2,34.7,1,4137,12,4123,16,30.0,0.0,84.0,405,8409,8409,0,491.0,0,0,0,0,0,0,0,0,0,0,0,0,0,0,0,0,0,0,0,0,0,0,0,0,0,0,0,0,0,0,0,0,0,0,0,0,0,0,0,0,0,0,0,0,0,0,0,0,0,0,0,0,0,0,0,0,0,0,0,0,0,0,0,0,0,0,0,0,0,0,0,0,0,0,0,0,0,0,0,0,0,35.6,35.6,34.9,31.7,34.7,34.8,4127,4135,4133,4136,4134,4131,4134,4136,4130,4134,4136,4137,4136,4136,4135,4123,0,0,0,0,0,0,0,0,0,0,0,0,0,0,0,0,130,65466,64462,3273,3,0,66.4,4131,2019-05-06 01:55:46 918,bb48ae5b04563e24,100923886652
00031255255255255,0,0,0,1,0,0,0,0,0,0,0,0,0,0,1,0,100.0,66.12,0.0,34.5,2,34.4,1,4136,8,4124,16,30.0,0.0,84.0,405,8409,8409,0,491.0,0,0,0,0,0,0,0,0,0,0,0,0,0,0,0,0,0,0,0,0,0,0,0,0,0,0,0,0,0,0,0,0,0,0,0,0,0,0,0,0,0,0,0,0,0,0,0,0,0,0,0,0,0,0,0,0,0,0,0,0,0,0,0,0,0,0,0,0,0,0,0,0,0,0,0,0,0,0,0,0,0,35.4,35.4,34.6,31.5,34.4,34.5,4126,4135,4133,4135,4134,4130,4134,4136,4130,4134,4136,4136,4135,4136,4134,4124,0,0,0,0,0,0,0,0,0,0,0,0,0,0,0,0,123,65470,64464,3273,2,0,66.4,4130,2019-05-06 02:01:47 016,bb48ae5b04563e24,100923886652
00031255255255255,0,0,0,1,0,0,0,0,0,0,0,0,0,0,1,0,100.0,66.12,0.0,34.2,1,34.2,1,4136,8,4124,16,30.0,0.0,84.0,405,8409,8409,0,491.0,0,0,0,0,0,0,0,0,0,0,0,0,0,0,0,0,0,0,0,0,0,0,0,0,0,0,0,0,0,0,0,0,0,0,0,0,0,0,0,0,0,0,0,0,0,0,0,0,0,0,0,0,0,0,0,0,0,0,0,0,0,0,0,0,0,0,0,0,0,0,0,0,0,0,0,0,0,0,0,0,0,35.2,35.2,34.4,31.4,34.2,34.2,4126,4135,4132,4135,4134,4130,4133,4136,4129,4133,4136,4136,4135,4136,4134,4124,0,0,0,0,0,0,0,0,0,0,0,0,0,0,0,0,121,65462,64468,3274,3,0,66.4,4130,2019-05-06 02:07:47 059,bb48ae5b04563e24,100923886652
00031255255255255,0,0,0,1,0,0,0,0,0,0,0,0,0,0,1,0,100.0,66.12,0.0,34.0,2,33.9,1,4136,8,4125,16,30.0,0.0,84.0,405,8409,8409,0,491.0,0,0,0,0,0,0,0,0,0,0,0,0,0,0,0,0,0,0,0,0,0,0,0,0,0,0,0,0,0,0,0,0,0,0,0,0,0,0,0,0,0,0,0,0,0,0,0,0,0,0,0,0,0,0,0,0,0,0,0,0,0,0,0,0,0,0,0,0,0,0,0,0,0,0,0,0,0,0,0,0,0,34.9,34.9,34.1,31.2,33.9,34.0,4126,4134,4132,4135,4133,4130,4133,4136,4129,4133,4136,4136,4135,4136,4134,4125,0,0,0,0,0,0,0,0,0,0,0,0,0,0,0,0,128,65456,64470,3274,2,0,66.4,4130,2019-05-06 02:13:47 220,bb48ae5b04563e24,100923886652
00031255255255255,0,0,0,1,0,0,0,0,0,0,0,0,0,0,1,0,100.0,66.11,0.0,33.7,2,33.6,1,4136,11,4124,16,30.0,0.0,84.0,405,8409,8409,0,491.0,0,0,0,0,0,0,0,0,0,0,0,0,0,0,0,0,0,0,0,0,0,0,0,0,0,0,0,0,0,0,0,0,0,0,0,0,0,0,0,0,0,0,0,0,0,0,0,0,0,0,0,0,0,0,0,0,0,0,0,0,0,0,0,0,0,0,0,0,0,0,0,0,0,0,0,0,0,0,0,0,0,34.6,34.6,33.9,31.0,33.6,33.7,4125,4134,4132,4135,4133,4130,4133,4135,4129,4133,4136,4136,4135,4135,4134,4124,0,0,0,0,0,0,0,0,0,0,0,0,0,0,0,0,121,65460,64460,3274,2,0,66.4,4129,2019-05-06 02:19:47 118,bb48ae5b04563e24,100923886652
00031255255255255,0,0,0,1,0,0,0,0,0,0,0,0,0,0,1,0,100.0,66.11,0.0,33.5,2,33.4,1,4136,12,4124,16,30.0,0.0,84.0,405,8409,8409,0,491.0,0,0,0,0,0,0,0,0,0,0,0,0,0,0,0,0,0,0,0,0,0,0,0,0,0,0,0,0,0,0,0,0,0,0,0,0,0,0,0,0,0,0,0,0,0,0,0,0,0,0,0,0,0,0,0,0,0,0,0,0,0,0,0,0,0,0,0,0,0,0,0,0,0,0,0,0,0,0,0,0,0,34.4,34.4,33.6,30.9,33.4,33.5,4125,4134,4132,4135,4133,4129,4133,4135,4129,4132,4135,4136,4135,4135,4133,4124,0,0,0,0,0,0,0,0,0,0,0,0,0,0,0,0,130,65458,64460,3273,2,0,66.4,4129,2019-05-06 02:25:47 323,bb48ae5b04563e24,100923886652
00031255255255255,0,0,0,1,0,0,0,0,0,0,0,0,0,0,1,0,100.0,66.11,0.0,33.3,2,33.2,1,4135,4,4124,16,30.0,0.0,84.0,405,8409,8409,0,491.0,0,0,0,0,0,0,0,0,0,0,0,0,0,0,0,0,0,0,0,0,0,0,0,0,0,0,0,0,0,0,0,0,0,0,0,0,0,0,0,0,0,0,0,0,0,0,0,0,0,0,0,0,0,0,0,0,0,0,0,0,0,0,0,0,0,0,0,0,0,0,0,0,0,0,0,0,0,0,0,0,0,34.2,34.2,33.4,30.8,33.2,33.3,4125,4134,4132,4135,4133,4129,4132,4135,4128,4132,4135,4135,4135,4135,4133,4124,0,0,0,0,0,0,0,0,0,0,0,0,0,0,0,0,121,65462,64460,3273,2,0,66.4,4129,2019-05-06 02:31:47 360,bb48ae5b04563e24,100923886652
00031255255255255,0,0,0,1,0,0,0,0,0,0,0,0,0,0,1,0,100.0,66.1,0.0,33.0,1,33.0,1,4135,8,4125,1,30.0,0.0,84.0,405,8409,8409,0,491.0,0,0,0,0,0,0,0,0,0,0,0,0,0,0,0,0,0,0,0,0,0,0,0,0,0,0,0,0,0,0,0,0,0,0,0,0,0,0,0,0,0,0,0,0,0,0,0,0,0,0,0,0,0,0,0,0,0,0,0,0,0,0,0,0,0,0,0,0,0,0,0,0,0,0,0,0,0,0,0,0,0,34.0,34.0,33.2,30.6,33.0,33.0,4125,4133,4131,4134,4133,4129,4132,4135,4128,4132,4135,4135,4134,4135,4133,4125,0,0,0,0,0,0,0,0,0,0,0,0,0,0,0,0,117,65468,64470,3275,2,0,66.4,4129,2019-05-06 02:37:47 454,bb48ae5b04563e24,100923886652
00031255255255255,0,0,0,1,0,0,0,0,0,0,0,0,0,0,1,0,100.0,66.1,0.0,32.8,2,32.7,1,4135,4,4123,16,30.0,0.0,84.0,405,8409,8409,0,491.0,0,0,0,0,0,0,0,0,0,0,0,0,0,0,0,0,0,0,0,0,0,0,0,0,0,0,0,0,0,0,0,0,0,0,0,0,0,0,0,0,0,0,0,0,0,0,0,0,0,0,0,0,0,0,0,0,0,0,0,0,0,0,0,0,0,0,0,0,0,0,0,0,0,0,0,0,0,0,0,0,0,33.8,33.8,33.0,30.5,32.7,32.8,4125,4133,4131,4135,4133,4129,4132,4134,4128,4132,4135,4135,4134,4135,4133,4123,0,0,0,0,0,0,0,0,0,0,0,0,0,0,0,0,121,65464,64460,3274,2,0,66.4,4128,2019-05-06 02:43:47 509,bb48ae5b04563e24,100923886652
00031255255255255,0,0,0,1,0,0,0,0,0,0,0,0,0,0,1,0,100.0,66.09,0.0,32.3,2,32.2,1,4135,12,4124,1,30.0,0.0,84.0,405,8391,8391,0,490.0,0,0,0,0,0,0,0,0,0,0,0,0,0,0,0,0,0,0,0,0,0,0,0,0,0,0,0,0,0,0,0,0,0,0,0,0,0,0,0,0,0,0,0,0,0,0,0,0,0,0,0,0,0,0,0,0,0,0,0,0,0,0,0,0,0,0,0,0,0,0,0,0,0,0,0,0,0,0,0,0,0,33.1,33.1,32.5,29.7,32.2,32.3,4124,4133,4131,4134,4132,4128,4131,4133,4127,4131,4134,4135,4134,4134,4132,4124,0,0,0,0,0,0,0,0,0,0,0,0,0,0,0,0,111,65492,64460,3274,2,0,66.4,4128,2019-05-06 02:58:04 638,63e5925b059ecd24,100923886652
00031255255255255,0,0,0,1,0,0,0,0,0,0,0,0,0,0,1,0,100.0,66.09,0.0,32.1,2,32.0,1,4135,12,4122,16,30.0,0.0,84.0,405,8391,8391,0,490.0,0,0,0,0,0,0,0,0,0,0,0,0,0,0,0,0,0,0,0,0,0,0,0,0,0,0,0,0,0,0,0,0,0,0,0,0,0,0,0,0,0,0,0,0,0,0,0,0,0,0,0,0,0,0,0,0,0,0,0,0,0,0,0,0,0,0,0,0,0,0,0,0,0,0,0,0,0,0,0,0,0,32.9,32.9,32.3,29.7,32.0,32.1,4124,4133,4130,4134,4132,4128,4131,4133,4127,4131,4134,4135,4134,4134,4132,4122,0,0,0,0,0,0,0,0,0,0,0,0,0,0,0,0,105,65486,64466,3273,2,0,66.4,4128,2019-05-06 03:04:04 735,63e5925b059ecd24,100923886652
00031255255255255,0,0,0,1,0,0,0,0,0,0,0,0,0,0,1,0,100.0,66.09,0.0,31.9,2,31.8,1,4135,12,4122,16,30.0,0.0,84.0,405,8391,8391,0,490.0,0,0,0,0,0,0,0,0,0,0,0,0,0,0,0,0,0,0,0,0,0,0,0,0,0,0,0,0,0,0,0,0,0,0,0,0,0,0,0,0,0,0,0,0,0,0,0,0,0,0,0,0,0,0,0,0,0,0,0,0,0,0,0,0,0,0,0,0,0,0,0,0,0,0,0,0,0,0,0,0,0,32.8,32.8,32.1,29.7,31.8,31.9,4124,4133,4130,4134,4132,4128,4131,4133,4127,4130,4134,4135,4133,4134,4132,4122,0,0,0,0,0,0,0,0,0,0,0,0,0,0,0,0,107,65488,64466,3274,2,0,66.4,4128,2019-05-06 03:10:04 993,63e5925b059ecd24,100923886652
00031255255255255,0,0,0,1,0,0,0,0,0,0,0,0,0,0,1,0,100.0,66.08,0.0,31.7,1,31.7,1,4134,4,4121,16,30.0,0.0,84.0,405,8391,8391,0,490.0,0,0,0,0,0,0,0,0,0,0,0,0,0,0,0,0,0,0,0,0,0,0,0,0,0,0,0,0,0,0,0,0,0,0,0,0,0,0,0,0,0,0,0,0,0,0,0,0,0,0,0,0,0,0,0,0,0,0,0,0,0,0,0,0,0,0,0,0,0,0,0,0,0,0,0,0,0,0,0,0,0,32.7,32.7,32.0,29.6,31.7,31.7,4123,4132,4130,4134,4132,4127,4131,4133,4127,4130,4133,4134,4133,4134,4132,4121,0,0,0,0,0,0,0,0,0,0,0,0,0,0,0,0,105,65490,64466,3273,2,0,66.4,4128,2019-05-06 03:16:04 899,63e5925b059ecd24,100923886652
00031255255255255,1,1,0,1,0,0,0,0,0,0,0,0,0,0,0,0,41.0,60.21,7.15,28.7,1,28.6,2,3769,4,3755,1,30.0,7.0,84.0,405,3449,8535,42,201.4,0,0,0,0,0,0,0,0,0,0,0,0,0,0,0,0,0,0,0,0,0,0,0,0,0,0,0,0,0,0,0,0,0,0,0,0,0,0,0,0,0,0,0,0,0,0,0,0,0,0,0,0,0,0,0,0,0,0,0,0,0,0,0,0,0,0,0,0,0,0,0,0,0,0,0,0,0,0,0,0,0,30.3,30.3,29.1,29.4,28.7,28.6,3755,3767,3764,3769,3766,3760,3763,3757,3765,3760,3764,3764,3766,3766,3765,3763,0,0,0,0,0,0,0,0,0,0,0,0,0,0,0,0,76,25,904,3275,1,7170,66.4,3768,2019-05-06 15:08:01 406,7e4bae5b07a3b724,100923886652
00031255255255255,1,1,0,1,0,0,0,0,0,0,0,0,0,0,0,0,49.0,61.1,7.15,30.6,1,30.5,2,3823,4,3810,1,30.0,7.0,84.0,405,4161,8534,36,243.0,0,0,0,0,0,0,0,0,0,0,0,0,0,0,0,0,0,0,0,0,0,0,0,0,0,0,0,0,0,0,0,0,0,0,0,0,0,0,0,0,0,0,0,0,0,0,0,0,0,0,0,0,0,0,0,0,0,0,0,0,0,0,0,0,0,0,0,0,0,0,0,0,0,0,0,0,0,0,0,0,0,32.0,32.0,30.9,31.5,30.6,30.5,3810,3822,3820,3823,3821,3817,3819,3815,3819,3817,3821,3820,3822,3822,3821,3814,0,0,0,0,0,0,0,0,0,0,0,0,0,0,0,0,80,15,908,3275,2,7174,66.4,3823,2019-05-06 15:14:01 476,7e4bae5b07a3b724,100923886652
00031255255255255,1,1,0,1,0,0,0,0,0,0,0,0,0,0,0,0,58.0,62.26,7.15,32.6,1,32.5,2,3896,14,3880,16,30.0,7.0,84.0,405,4871,8533,30,284.4,0,0,0,0,0,0,0,0,0,0,0,0,0,0,0,0,0,0,0,0,0,0,0,0,0,0,0,0,0,0,0,0,0,0,0,0,0,0,0,0,0,0,0,0,0,0,0,0,0,0,0,0,0,0,0,0,0,0,0,0,0,0,0,0,0,0,0,0,0,0,0,0,0,0,0,0,0,0,0,0,0,33.7,33.7,32.7,33.0,32.6,32.5,3882,3894,3893,3895,3893,3890,3893,3890,3893,3891,3894,3893,3894,3896,3894,3880,0,0,0,0,0,0,0,0,0,0,0,0,0,0,0,0,76,17,908,3273,2,7178,66.4,3895,2019-05-06 15:20:01 569,7e4bae5b07a3b724,100923886652
00031255255255255,1,1,0,1,0,0,0,0,0,0,0,0,0,0,0,0,66.0,63.32,7.15,34.2,1,34.1,2,3962,14,3945,16,30.0,7.0,84.0,405,5584,8533,24,326.1,0,0,0,0,0,0,0,0,0,0,0,0,0,0,0,0,0,0,0,0,0,0,0,0,0,0,0,0,0,0,0,0,0,0,0,0,0,0,0,0,0,0,0,0,0,0,0,0,0,0,0,0,0,0,0,0,0,0,0,0,0,0,0,0,0,0,0,0,0,0,0,0,0,0,0,0,0,0,0,0,0,35.4,35.4,34.3,34.4,34.2,34.1,3949,3960,3959,3961,3960,3956,3959,3957,3959,3957,3960,3960,3960,3962,3960,3945,0,0,0,0,0,0,0,0,0,0,0,0,0,0,0,0,83,15,912,3271,2,7183,66.4,3961,2019-05-06 15:26:01 657,7e4bae5b07a3b724,100923886652
00031255255255255,1,1,0,1,0,0,0,0,0,0,0,0,0,0,0,0,74.0,64.36,7.16,35.5,1,35.4,2,4026,2,4007,16,30.0,7.0,84.0,405,6297,8532,18,367.7,0,0,0,0,0,0,0,0,0,0,0,0,0,0,0,0,0,0,0,0,0,0,0,0,0,0,0,0,0,0,0,0,0,0,0,0,0,0,0,0,0,0,0,0,0,0,0,0,0,0,0,0,0,0,0,0,0,0,0,0,0,0,0,0,0,0,0,0,0,0,0,0,0,0,0,0,0,0,0,0,0,37.0,37.0,35.5,35.6,35.5,35.4,4014,4026,4023,4026,4024,4021,4024,4023,4025,4023,4024,4025,4025,4026,4025,4007,0,0,0,0,0,0,0,0,0,0,0,0,0,0,0,0,87,25,898,3271,2,7191,66.4,4026,2019-05-06 15:32:01 757,7e4bae5b07a3b724,100923886652
00031255255255255,1,1,0,1,0,0,0,0,0,0,0,0,0,0,0,0,83.0,65.44,7.17,36.6,1,36.5,2,4093,2,4074,16,30.0,7.0,84.0,405,7009,8531,12,409.3,0,0,0,0,0,0,0,0,0,0,0,0,0,0,0,0,0,0,0,0,0,0,0,0,0,0,0,0,0,0,0,0,0,0,0,0,0,0,0,0,0,0,0,0,0,0,0,0,0,0,0,0,0,0,0,0,0,0,0,0,0,0,0,0,0,0,0,0,0,0,0,0,0,0,0,0,0,0,0,0,0,38.5,38.5,36.5,36.7,36.6,36.5,4081,4093,4090,4093,4092,4088,4092,4091,4093,4091,4092,4092,4093,4093,4093,4074,0,0,0,0,0,0,0,0,0,0,0,0,0,0,0,0,89,31,910,3270,2,7187,66.4,4093,2019-05-06 15:38:01 824,7e4bae5b07a3b724,100923886652
00031255255255255,1,1,0,1,0,0,0,0,0,0,0,0,0,0,0,0,89.0,65.79,4.69,37.2,1,37.1,2,4116,4,4097,16,30.0,5.0,84.0,405,7574,8531,12,442.3,0,0,0,0,0,0,0,0,0,0,0,0,0,0,0,0,0,0,0,0,0,0,0,0,0,0,0,0,0,0,0,0,0,0,0,0,0,0,0,0,0,0,0,0,0,0,0,0,0,0,0,0,0,0,0,0,0,0,0,0,0,0,0,0,0,0,0,0,0,0,0,0,0,0,0,0,0,0,0,0,0,38.8,38.8,37.1,36.7,37.2,37.1,4105,4115,4113,4116,4114,4110,4114,4114,4114,4113,4114,4115,4115,4115,4115,4097,0,0,0,0,0,0,0,0,0,0,0,0,0,0,0,0,91,11,902,3269,2,4704,66.4,4114,2019-05-06 15:44:01 927,7e4bae5b07a3b724,100923886652
000123255255255255,1,1,0,1,0,0,0,0,0,0,0,0,0,0,0,0,32.0,59.49,7.04,27.6,1,27.6,1,3723,16,3713,1,30.0,7.0,88.0,418,2767,8760,51,161.5,0,0,0,0,0,0,0,0,0,0,0,0,0,0,0,0,0,0,0,0,0,0,0,0,0,0,0,0,0,0,0,0,0,0,0,0,0,0,0,0,0,0,0,0,0,0,0,0,0,0,0,0,0,0,0,0,0,0,0,0,0,0,0,0,0,0,0,0,0,0,0,0,0,0,0,0,0,0,0,0,0,28.5,28.5,27.8,27.8,27.6,27.6,3713,3716,3720,3719,3717,3717,3717,3718,3721,3717,3720,3720,3719,3720,3721,3723,0,0,0,0,0,0,0,0,0,0,0,0,0,0,0,0,65482,65533,1007,3274,2,7122,66.4,3722,2019-05-06 15:40:56 571,c68d8c5a06f8c924,100923dc6d90
000123255255255255,1,1,0,1,0,0,0,0,0,0,0,0,0,0,0,0,48.0,60.77,7.05,30.6,2,30.5,1,3801,9,3792,1,22.54,7.0,88.0,418,4180,8760,38,244.1,0,0,0,0,0,0,0,0,0,0,0,0,0,0,0,0,0,0,0,0,0,0,0,0,0,0,0,0,0,0,0,0,0,0,0,0,0,0,0,0,0,0,0,0,0,0,0,0,0,0,0,0,0,0,0,0,0,0,0,0,0,0,0,0,0,0,0,0,0,0,0,0,0,0,0,0,0,0,0,0,0,31.2,31.2,30.7,29.3,30.5,30.6,3792,3795,3799,3798,3797,3798,3796,3798,3801,3798,3799,3799,3800,3799,3801,3800,0,0,0,0,0,0,0,0,0,0,0,0,0,0,0,0,65478,65519,1001,3274,2,7130,66.4,3800,2019-05-06 15:52:56 562,c68d8c5a06f8c924,100923dc6d90
000123255255255255,1,1,0,1,0,0,0,0,0,0,0,0,0,0,0,0,56.0,61.62,7.06,32.4,2,32.3,1,3855,9,3845,1,11.48,7.0,88.0,418,4888,8760,32,285.4,0,0,0,0,0,0,0,0,0,0,0,0,0,0,0,0,0,0,0,0,0,0,0,0,0,0,0,0,0,0,0,0,0,0,0,0,0,0,0,0,0,0,0,0,0,0,0,0,0,0,0,0,0,0,0,0,0,0,0,0,0,0,0,0,0,0,0,0,0,0,0,0,0,0,0,0,0,0,0,0,0,32.6,32.6,32.4,30.3,32.3,32.4,3845,3848,3852,3851,3850,3851,3851,3853,3855,3852,3854,3854,3854,3853,3854,3852,0,0,0,0,0,0,0,0,0,0,0,0,0,0,0,0,65478,65515,1011,3274,2,7134,66.4,3853,2019-05-06 15:58:56 571,c68d8c5a06f8c924,100923dc6d90
000123255255255255,1,1,0,1,0,0,0,0,0,0,0,0,0,0,0,0,64.0,62.59,7.06,34.1,2,34.0,1,3916,9,3905,1,19.41,7.0,88.0,418,5594,8760,26,326.6,0,0,0,0,0,0,0,0,0,0,0,0,0,0,0,0,0,0,0,0,0,0,0,0,0,0,0,0,0,0,0,0,0,0,0,0,0,0,0,0,0,0,0,0,0,0,0,0,0,0,0,0,0,0,0,0,0,0,0,0,0,0,0,0,0,0,0,0,0,0,0,0,0,0,0,0,0,0,0,0,0,34.1,34.1,34.0,31.2,34.0,34.1,3905,3909,3912,3911,3911,3912,3911,3914,3916,3913,3914,3914,3914,3914,3915,3910,0,0,0,0,0,0,0,0,0,0,0,0,0,0,0,0,65484,65509,1015,3272,2,7130,66.4,3914,2019-05-06 16:04:56 935,c68d8c5a06f8c924,100923dc6d90
000123255255255255,1,1,0,1,0,0,0,0,0,0,0,0,0,0,0,0,72.0,63.58,7.06,35.5,1,35.5,1,3978,9,3968,1,30.0,7.0,88.0,418,6300,8761,20,367.9,0,0,0,0,0,0,0,0,0,0,0,0,0,0,0,0,0,0,0,0,0,0,0,0,0,0,0,0,0,0,0,0,0,0,0,0,0,0,0,0,0,0,0,0,0,0,0,0,0,0,0,0,0,0,0,0,0,0,0,0,0,0,0,0,0,0,0,0,0,0,0,0,0,0,0,0,0,0,0,0,0,35.6,35.6,35.3,32.0,35.5,35.5,3968,3971,3974,3974,3972,3974,3974,3976,3978,3975,3975,3975,3977,3976,3977,3970,0,0,0,0,0,0,0,0,0,0,0,0,0,0,0,0,65476,65519,1015,3272,3,7126,66.4,3977,2019-05-06 16:10:57 086,c68d8c5a06f8c924,100923dc6d90
000123255255255255,1,1,0,1,0,0,0,0,0,0,0,0,0,0,0,0,80.0,64.58,7.06,36.7,1,36.7,1,4041,9,4030,1,30.0,7.0,88.0,418,7006,8760,14,409.1,0,0,0,0,0,0,0,0,0,0,0,0,0,0,0,0,0,0,0,0,0,0,0,0,0,0,0,0,0,0,0,0,0,0,0,0,0,0,0,0,0,0,0,0,0,0,0,0,0,0,0,0,0,0,0,0,0,0,0,0,0,0,0,0,0,0,0,0,0,0,0,0,0,0,0,0,0,0,0,0,0,36.9,36.9,36.4,32.9,36.7,36.7,4030,4034,4036,4036,4034,4036,4037,4039,4041,4038,4037,4038,4038,4038,4039,4031,0,0,0,0,0,0,0,0,0,0,0,0,0,0,0,0,65478,65517,1013,3272,3,7130,66.4,4039,2019-05-06 16:16:57 052,c68d8c5a06f8c924,100923dc6d90
000123255255255255,1,1,0,1,0,0,0,0,0,0,0,0,0,0,0,0,93.0,65.73,4.23,37.7,1,37.7,1,4112,13,4104,1,30.0,5.0,88.0,418,8128,8758,8,474.6,0,0,0,0,0,0,0,0,0,0,0,0,0,0,0,0,0,0,0,0,0,0,0,0,0,0,0,0,0,0,0,0,0,0,0,0,0,0,0,0,0,0,0,0,0,0,0,0,0,0,0,0,0,0,0,0,0,0,0,0,0,0,0,0,0,0,0,0,0,0,0,0,0,0,0,0,0,0,0,0,0,37.8,37.8,37.4,33.7,37.7,37.7,4104,4105,4106,4107,4106,4108,4109,4110,4111,4110,4107,4109,4112,4110,4110,4106,0,0,0,0,0,0,0,0,0,0,0,0,0,0,0,0,65484,65523,1011,3270,5,4723,66.4,4111,2019-05-06 16:28:56 812,c68d8c5a06f8c924,100923dc6d90
000123255255255255,1,1,0,1,0,0,0,0,0,0,0,0,0,0,0,0,98.0,65.95,3.24,37.8,1,37.7,2,4127,9,4117,1,30.0,5.0,88.0,418,8507,8757,4,496.8,0,0,0,0,0,0,0,0,0,0,0,0,0,0,0,0,0,0,0,0,0,0,0,0,0,0,0,0,0,0,0,0,0,0,0,0,0,0,0,0,0,0,0,0,0,0,0,0,0,0,0,0,0,0,0,0,0,0,0,0,0,0,0,0,0,0,0,0,0,0,0,0,0,0,0,0,0,0,0,0,0,37.7,37.7,37.4,33.7,37.8,37.7,4117,4119,4119,4121,4120,4122,4123,4123,4127,4125,4121,4124,4127,4124,4125,4118,0,0,0,0,0,0,0,0,0,0,0,0,0,0,0,0,65486,65517,1019,3270,6,3023,66.4,4120,2019-05-06 16:34:57 015,c68d8c5a06f8c924,100923dc6d90
000123255255255255,1,1,0,1,0,0,0,0,0,0,0,0,0,0,0,0,99.0,66.06,2.17,37.6,1,37.5,2,4133,13,4122,16,30.0,4.37,88.0,418,8669,8757,2,506.2,0,0,0,0,0,0,0,0,0,0,0,0,0,0,0,0,0,0,0,0,0,0,0,0,0,0,0,0,0,0,0,0,0,0,0,0,0,0,0,0,0,0,0,0,0,0,0,0,0,0,0,0,0,0,0,0,0,0,0,0,0,0,0,0,0,0,0,0,0,0,0,0,0,0,0,0,0,0,0,0,0,37.6,37.6,37.3,33.6,37.6,37.5,4124,4127,4129,4130,4127,4127,4130,4132,4131,4131,4129,4130,4133,4132,4132,4122,0,0,0,0,0,0,0,0,0,0,0,0,0,0,0,0,65486,65517,1007,3270,7,1964,66.4,4125,2019-05-06 16:40:57 032,c68d8c5a06f8c924,100923dc6d90
000123255255255255,1,1,0,1,0,0,0,0,0,0,0,0,0,0,0,0,99.0,66.08,0.93,37.3,1,37.3,1,4135,13,4126,1,30.0,2.93,88.0,418,8670,8758,5,506.3,0,0,0,0,0,0,0,0,0,0,0,0,0,0,0,0,0,0,0,0,0,0,0,0,0,0,0,0,0,0,0,0,0,0,0,0,0,0,0,0,0,0,0,0,0,0,0,0,0,0,0,0,0,0,0,0,0,0,0,0,0,0,0,0,0,0,0,0,0,0,0,0,0,0,0,0,0,0,0,0,0,37.4,37.4,37.0,33.5,37.3,37.3,4126,4129,4131,4133,4127,4129,4132,4131,4129,4131,4129,4131,4135,4132,4131,4129,0,0,0,0,0,0,0,0,0,0,0,0,0,0,0,0,65482,65519,1007,3270,8,1156,66.4,4127,2019-05-06 16:46:57 177,c68d8c5a06f8c924,100923dc6d90
000123255255255255,1,1,0,1,0,0,0,0,0,0,0,0,0,0,0,0,99.0,66.13,0.63,36.9,1,36.9,1,4139,15,4129,1,30.0,2.23,88.0,418,8670,8758,8,506.3,0,0,0,0,0,0,0,0,0,0,0,0,0,0,0,0,0,0,0,0,0,0,0,0,0,0,0,0,0,0,0,0,0,0,0,0,0,0,0,0,0,0,0,0,0,0,0,0,0,0,0,0,0,0,0,0,0,0,0,0,0,0,0,0,0,0,0,0,0,0,0,0,0,0,0,0,0,0,0,0,0,37.1,37.1,36.7,33.4,36.9,36.9,4129,4130,4130,4133,4132,4132,4133,4133,4132,4136,4136,4135,4137,4135,4139,4130,0,0,0,0,0,0,0,0,0,0,0,0,0,0,0,0,65480,65519,1007,3270,10,909,66.4,4128,2019-05-06 16:52:57 088,c68d8c5a06f8c924,100923dc6d90
000123255255255255,1,0,0,1,0,0,0,0,0,0,0,0,0,0,0,0,45.0,58.33,0.47,33.9,1,33.8,2,3649,16,3643,1,30.0,7.0,88.0,418,3878,8759,623,226.4,0,0,0,0,0,0,0,0,0,0,0,0,0,0,0,0,0,0,0,0,0,0,0,0,0,0,0,0,0,0,0,0,0,0,0,0,0,0,0,0,0,0,0,0,0,0,0,0,0,0,0,0,0,0,0,0,0,0,0,0,0,0,0,0,0,0,0,0,0,0,0,0,0,0,0,0,0,0,0,0,0,34.8,34.8,34.0,31.9,33.9,33.8,3643,3644,3647,3646,3644,3644,3646,3645,3644,3645,3647,3647,3647,3646,3646,3649,0,0,0,0,0,0,0,0,0,0,0,0,0,0,0,0,65468,65511,1003,3271,9,482,66.4,3642,2019-05-06 19:23:40 701,59e5925b03f22124,100923dc6d90
000123255255255255,1,1,0,1,0,0,0,0,0,0,0,0,0,0,0,0,52.0,60.47,7.06,34.9,1,34.9,1,3782,9,3774,1,15.82,7.0,88.0,418,4545,8759,35,265.4,0,0,0,0,0,0,0,0,0,0,0,0,0,0,0,0,0,0,0,0,0,0,0,0,0,0,0,0,0,0,0,0,0,0,0,0,0,0,0,0,0,0,0,0,0,0,0,0,0,0,0,0,0,0,0,0,0,0,0,0,0,0,0,0,0,0,0,0,0,0,0,0,0,0,0,0,0,0,0,0,0,35.9,35.9,35.0,32.1,34.9,34.9,3774,3777,3780,3780,3778,3779,3779,3779,3782,3779,3781,3781,3781,3781,3782,3778,0,0,0,0,0,0,0,0,0,0,0,0,0,0,0,0,65466,65511,1003,3273,3,7134,66.4,3782,2019-05-06 19:29:40 780,59e5925b03f22124,100923dc6d90
000123255255255255,1,1,0,1,0,0,0,0,0,0,0,0,0,0,0,0,60.0,61.5,7.06,36.5,2,36.4,1,3848,9,3838,1,14.97,7.0,88.0,418,5252,8759,29,306.7,0,0,0,0,0,0,0,0,0,0,0,0,0,0,0,0,0,0,0,0,0,0,0,0,0,0,0,0,0,0,0,0,0,0,0,0,0,0,0,0,0,0,0,0,0,0,0,0,0,0,0,0,0,0,0,0,0,0,0,0,0,0,0,0,0,0,0,0,0,0,0,0,0,0,0,0,0,0,0,0,0,36.9,36.9,36.4,32.7,36.4,36.5,3838,3842,3844,3844,3842,3844,3844,3845,3848,3845,3846,3846,3847,3846,3847,3840,0,0,0,0,0,0,0,0,0,0,0,0,0,0,0,0,65468,65511,1015,3271,3,7139,66.4,3846,2019-05-06 19:35:40 811,59e5925b03f22124,100923dc6d90
000123255255255255,1,1,0,1,0,0,0,0,0,0,0,0,0,0,0,0,69.0,62.67,7.06,37.9,1,37.9,1,3920,9,3911,1,30.0,7.0,88.0,418,5960,8759,23,348.0,0,0,0,0,0,0,0,0,0,0,0,0,0,0,0,0,0,0,0,0,0,0,0,0,0,0,0,0,0,0,0,0,0,0,0,0,0,0,0,0,0,0,0,0,0,0,0,0,0,0,0,0,0,0,0,0,0,0,0,0,0,0,0,0,0,0,0,0,0,0,0,0,0,0,0,0,0,0,0,0,0,38.2,38.2,37.8,33.3,37.9,37.9,3911,3914,3916,3916,3915,3917,3917,3919,3920,3918,3919,3918,3919,3919,3920,3912,0,0,0,0,0,0,0,0,0,0,0,0,0,0,0,0,65466,65505,1011,3271,3,7139,66.4,3919,2019-05-06 19:41:40 940,59e5925b03f22124,100923dc6d90
000123255255255255,1,1,0,1,0,0,0,0,0,0,0,0,0,0,0,0,77.0,63.7,7.06,38.9,1,38.9,1,3986,9,3975,16,30.0,7.0,88.0,418,6669,8759,17,389.4,0,0,0,0,0,0,0,0,0,0,0,0,0,0,0,0,0,0,0,0,0,0,0,0,0,0,0,0,0,0,0,0,0,0,0,0,0,0,0,0,0,0,0,0,0,0,0,0,0,0,0,0,0,0,0,0,0,0,0,0,0,0,0,0,0,0,0,0,0,0,0,0,0,0,0,0,0,0,0,0,0,39.1,39.1,38.7,33.5,38.9,38.9,3976,3979,3980,3981,3979,3981,3982,3984,3986,3983,3982,3982,3983,3983,3985,3975,0,0,0,0,0,0,0,0,0,0,0,0,0,0,0,0,65474,65507,1011,3269,3,7143,66.4,3984,2019-05-06 19:47:40 990,59e5925b03f22124,100923dc6d90
000123255255255255,1,1,0,1,0,0,0,0,0,0,0,0,0,0,0,0,85.0,64.72,7.07,39.4,1,39.4,1,4051,9,4039,16,30.0,7.0,88.0,418,7378,8758,11,430.8,0,0,0,0,0,0,0,0,0,0,0,0,0,0,0,0,0,0,0,0,0,0,0,0,0,0,0,0,0,0,0,0,0,0,0,0,0,0,0,0,0,0,0,0,0,0,0,0,0,0,0,0,0,0,0,0,0,0,0,0,0,0,0,0,0,0,0,0,0,0,0,0,0,0,0,0,0,0,0,0,0,39.6,39.6,39.2,33.5,39.4,39.4,4040,4043,4044,4044,4043,4045,4046,4049,4051,4047,4046,4045,4048,4047,4049,4039,0,0,0,0,0,0,0,0,0,0,0,0,0,0,0,0,65476,65511,1015,3269,3,7143,66.4,4048,2019-05-06 19:53:41 050,59e5925b03f22124,100923dc6d90
000123255255255255,1,1,0,1,0,0,0,0,0,0,0,0,0,0,0,0,91.0,65.14,5.04,39.4,1,39.4,1,4076,9,4066,1,30.0,5.0,88.0,418,7905,8758,10,461.6,0,0,0,0,0,0,0,0,0,0,0,0,0,0,0,0,0,0,0,0,0,0,0,0,0,0,0,0,0,0,0,0,0,0,0,0,0,0,0,0,0,0,0,0,0,0,0,0,0,0,0,0,0,0,0,0,0,0,0,0,0,0,0,0,0,0,0,0,0,0,0,0,0,0,0,0,0,0,0,0,0,39.0,39.0,39.2,33.2,39.4,39.4,4066,4069,4070,4070,4069,4070,4072,4074,4076,4073,4072,4072,4074,4073,4074,4069,0,0,0,0,0,0,0,0,0,0,0,0,0,0,0,0,65474,65511,1015,3271,5,5091,66.4,4072,2019-05-06 19:59:41 130,59e5925b03f22124,100923dc6d90
000123255255255255,1,1,0,1,0,0,0,0,0,0,0,0,0,0,0,0,96.0,65.89,5.04,39.3,2,39.2,1,4123,9,4114,1,30.0,5.0,88.0,418,8395,8758,4,490.2,0,0,0,0,0,0,0,0,0,0,0,0,0,0,0,0,0,0,0,0,0,0,0,0,0,0,0,0,0,0,0,0,0,0,0,0,0,0,0,0,0,0,0,0,0,0,0,0,0,0,0,0,0,0,0,0,0,0,0,0,0,0,0,0,0,0,0,0,0,0,0,0,0,0,0,0,0,0,0,0,0,38.8,38.8,39.1,32.9,39.2,39.3,4114,4116,4117,4117,4116,4117,4119,4121,4123,4120,4118,4119,4121,4119,4121,4116,0,0,0,0,0,0,0,0,0,0,0,0,0,0,0,0,65476,65509,1019,3273,4,5091,66.4,4119,2019-05-06 20:05:41 181,59e5925b03f22124,100923dc6d90
000123255255255255,1,1,0,1,0,0,0,0,0,0,0,0,0,0,0,0,99.0,66.22,3.39,39.1,2,39.0,1,4142,8,4134,16,30.0,4.69,88.0,418,8676,8764,1,506.6,0,0,0,0,0,0,0,0,0,0,0,0,0,0,0,0,0,0,0,0,0,0,0,0,0,0,0,0,0,0,0,0,0,0,0,0,0,0,0,0,0,0,0,0,0,0,0,0,0,0,0,0,0,0,0,0,0,0,0,0,0,0,0,0,0,0,0,0,0,0,0,0,0,0,0,0,0,0,0,0,0,38.3,38.3,38.9,32.6,39.0,39.1,4135,4136,4137,4138,4136,4138,4139,4142,4142,4141,4139,4139,4142,4140,4142,4134,0,0,0,0,0,0,0,0,0,0,0,0,0,0,0,0,65474,65495,1019,3270,6,3438,66.4,4138,2019-05-06 20:11:41 271,59e5925b03f22124,100923dc6d90
000123255255255255,1,1,0,1,0,0,0,0,0,0,0,0,0,0,0,0,99.0,66.31,2.07,38.6,2,38.5,1,4148,8,4140,16,30.0,2.77,88.0,418,8676,8764,2,506.6,0,0,0,0,0,0,0,0,0,0,0,0,0,0,0,0,0,0,0,0,0,0,0,0,0,0,0,0,0,0,0,0,0,0,0,0,0,0,0,0,0,0,0,0,0,0,0,0,0,0,0,0,0,0,0,0,0,0,0,0,0,0,0,0,0,0,0,0,0,0,0,0,0,0,0,0,0,0,0,0,0,37.5,37.5,38.4,32.2,38.5,38.6,4141,4142,4143,4144,4142,4144,4146,4148,4147,4147,4145,4146,4148,4147,4148,4140,0,0,0,0,0,0,0,0,0,0,0,0,0,0,0,0,65466,65509,1011,3269,7,2082,66.4,4143,2019-05-06 20:17:41 230,59e5925b03f22124,100923dc6d90
000123255255255255,1,1,0,1,0,0,0,0,0,0,0,0,0,0,0,0,99.0,66.35,1.24,38.0,2,37.9,1,4150,13,4143,1,30.0,1.57,88.0,418,8676,8764,4,506.6,0,0,0,0,0,0,0,0,0,0,0,0,0,0,0,0,0,0,0,0,0,0,0,0,0,0,0,0,0,0,0,0,0,0,0,0,0,0,0,0,0,0,0,0,0,0,0,0,0,0,0,0,0,0,0,0,0,0,0,0,0,0,0,0,0,0,0,0,0,0,0,0,0,0,0,0,0,0,0,0,0,36.8,36.8,37.8,31.8,37.9,38.0,4143,4145,4145,4147,4144,4146,4148,4149,4148,4149,4147,4147,4150,4149,4150,4144,0,0,0,0,0,0,0,0,0,0,0,0,0,0,0,0,65470,65517,1011,3272,7,1115,66.4,4142,2019-05-06 20:23:41 421,59e5925b03f22124,100923dc6d90
000123255255255255,1,1,0,1,0,0,0,0,0,0,0,0,0,0,0,0,99.0,66.34,0.68,37.4,2,37.3,1,4150,13,4143,1,30.0,0.73,88.0,418,8676,8764,7,506.6,0,0,0,0,0,0,0,0,0,0,0,0,0,0,0,0,0,0,0,0,0,0,0,0,0,0,0,0,0,0,0,0,0,0,0,0,0,0,0,0,0,0,0,0,0,0,0,0,0,0,0,0,0,0,0,0,0,0,0,0,0,0,0,0,0,0,0,0,0,0,0,0,0,0,0,0,0,0,0,0,0,36.2,36.2,37.2,31.4,37.3,37.4,4143,4144,4145,4147,4144,4146,4148,4148,4147,4148,4147,4147,4150,4149,4149,4144,0,0,0,0,0,0,0,0,0,0,0,0,0,0,0,0,65480,65509,1017,3272,9,692,66.4,4143,2019-05-06 20:29:41 531,59e5925b03f22124,100923dc6d90
000123255255255255,0,0,0,1,0,0,0,0,0,0,0,0,0,0,1,0,100.0,66.19,0.0,36.8,2,36.7,1,4141,13,4133,1,30.0,0.0,88.0,418,8805,8805,0,514.2,0,0,0,0,0,0,0,0,0,0,0,0,0,0,0,0,0,0,0,0,0,0,0,0,0,0,0,0,0,0,0,0,0,0,0,0,0,0,0,0,0,0,0,0,0,0,0,0,0,0,0,0,0,0,0,0,0,0,0,0,0,0,0,0,0,0,0,0,0,0,0,0,0,0,0,0,0,0,0,0,0,35.7,35.7,36.7,30.9,36.7,36.8,4133,4135,4136,4138,4135,4136,4138,4138,4136,4138,4138,4138,4141,4139,4140,4135,0,0,0,0,0,0,0,0,0,0,0,0,0,0,0,0,65466,65507,1003,3272,11,0,66.4,4132,2019-05-06 20:35:41 581,59e5925b03f22124,100923dc6d90
000123255255255255,0,0,0,1,0,0,0,0,0,0,0,0,0,0,1,0,100.0,66.15,0.0,36.2,1,36.2,1,4138,13,4131,1,30.0,0.0,88.0,418,8805,8805,0,514.2,0,0,0,0,0,0,0,0,0,0,0,0,0,0,0,0,0,0,0,0,0,0,0,0,0,0,0,0,0,0,0,0,0,0,0,0,0,0,0,0,0,0,0,0,0,0,0,0,0,0,0,0,0,0,0,0,0,0,0,0,0,0,0,0,0,0,0,0,0,0,0,0,0,0,0,0,0,0,0,0,0,35.2,35.2,36.1,30.6,36.2,36.2,4131,4133,4133,4136,4133,4133,4135,4135,4133,4136,4135,4136,4138,4137,4137,4133,0,0,0,0,0,0,0,0,0,0,0,0,0,0,0,0,65470,65515,1003,3272,11,0,66.4,4130,2019-05-06 20:41:41 661,59e5925b03f22124,100923dc6d90
000123255255255255,0,0,0,1,0,0,0,0,0,0,0,0,0,0,1,0,100.0,66.13,0.0,35.7,1,35.7,1,4137,13,4129,1,30.0,0.0,88.0,418,8805,8805,0,514.2,0,0,0,0,0,0,0,0,0,0,0,0,0,0,0,0,0,0,0,0,0,0,0,0,0,0,0,0,0,0,0,0,0,0,0,0,0,0,0,0,0,0,0,0,0,0,0,0,0,0,0,0,0,0,0,0,0,0,0,0,0,0,0,0,0,0,0,0,0,0,0,0,0,0,0,0,0,0,0,0,0,34.7,34.7,35.6,30.4,35.7,35.7,4129,4132,4132,4135,4131,4133,4135,4134,4132,4135,4134,4135,4137,4136,4136,4133,0,0,0,0,0,0,0,0,0,0,0,0,0,0,0,0,65476,65507,1013,3271,11,0,66.4,4128,2019-05-06 20:47:41 714,59e5925b03f22124,100923dc6d90
000123255255255255,0,0,0,1,0,0,0,0,0,0,0,0,0,0,1,0,100.0,66.12,0.0,35.3,1,35.3,1,4136,13,4129,1,30.0,0.0,88.0,418,8805,8805,0,514.2,0,0,0,0,0,0,0,0,0,0,0,0,0,0,0,0,0,0,0,0,0,0,0,0,0,0,0,0,0,0,0,0,0,0,0,0,0,0,0,0,0,0,0,0,0,0,0,0,0,0,0,0,0,0,0,0,0,0,0,0,0,0,0,0,0,0,0,0,0,0,0,0,0,0,0,0,0,0,0,0,0,34.6,34.6,35.3,30.5,35.3,35.3,4129,4131,4132,4134,4130,4132,4134,4133,4131,4134,4133,4134,4136,4135,4135,4131,0,0,0,0,0,0,0,0,0,0,0,0,0,0,0,0,65472,65507,1007,3272,11,0,66.4,4128,2019-05-06 20:53:41 820,59e5925b03f22124,100923dc6d90
000123255255255255,0,0,0,1,0,0,0,0,0,0,0,0,0,0,1,0,100.0,66.11,0.0,34.6,1,34.6,1,4136,13,4128,1,30.0,0.0,88.0,418,8804,8804,0,514.1,0,0,0,0,0,0,0,0,0,0,0,0,0,0,0,0,0,0,0,0,0,0,0,0,0,0,0,0,0,0,0,0,0,0,0,0,0,0,0,0,0,0,0,0,0,0,0,0,0,0,0,0,0,0,0,0,0,0,0,0,0,0,0,0,0,0,0,0,0,0,0,0,0,0,0,0,0,0,0,0,0,34.2,34.2,34.5,30.5,34.6,34.6,4128,4130,4130,4133,4130,4131,4133,4132,4130,4133,4133,4133,4136,4134,4135,4130,0,0,0,0,0,0,0,0,0,0,0,0,0,0,0,0,65480,65511,1007,3272,12,0,66.4,4127,2019-05-06 21:05:41 980,59e5925b03f22124,100923dc6d90
000123255255255255,0,0,0,1,0,0,0,0,0,0,0,0,0,0,1,0,100.0,66.1,0.0,34.3,2,34.2,1,4135,13,4127,1,30.0,0.0,88.0,418,8804,8804,0,514.1,0,0,0,0,0,0,0,0,0,0,0,0,0,0,0,0,0,0,0,0,0,0,0,0,0,0,0,0,0,0,0,0,0,0,0,0,0,0,0,0,0,0,0,0,0,0,0,0,0,0,0,0,0,0,0,0,0,0,0,0,0,0,0,0,0,0,0,0,0,0,0,0,0,0,0,0,0,0,0,0,0,34.0,34.0,34.2,30.4,34.2,34.3,4127,4129,4130,4133,4129,4131,4132,4132,4130,4132,4132,4132,4135,4134,4134,4132,0,0,0,0,0,0,0,0,0,0,0,0,0,0,0,0,65470,65511,1001,3273,11,0,66.4,4127,2019-05-06 21:11:42 090,59e5925b03f22124,100923dc6d90
000123255255255255,0,0,0,1,0,0,0,0,0,0,0,0,0,0,1,0,100.0,66.1,0.0,34.0,2,33.9,1,4135,13,4127,1,30.0,0.0,88.0,418,8804,8804,0,514.1,0,0,0,0,0,0,0,0,0,0,0,0,0,0,0,0,0,0,0,0,0,0,0,0,0,0,0,0,0,0,0,0,0,0,0,0,0,0,0,0,0,0,0,0,0,0,0,0,0,0,0,0,0,0,0,0,0,0,0,0,0,0,0,0,0,0,0,0,0,0,0,0,0,0,0,0,0,0,0,0,0,33.7,33.7,33.9,30.3,33.9,34.0,4127,4129,4130,4132,4129,4130,4132,4132,4129,4132,4132,4133,4135,4134,4134,4131,0,0,0,0,0,0,0,0,0,0,0,0,0,0,0,0,65474,65505,1013,3273,12,0,66.4,4126,2019-05-06 21:17:42 220,59e5925b03f22124,100923dc6d90
001181255255255255,1,1,0,1,0,0,0,0,0,0,0,0,0,0,0,0,22.0,58.79,7.22,28.1,1,28.0,2,3679,9,3669,4,26.74,7.0,91.0,173,1988,9162,59,116.0,0,0,0,0,0,0,0,0,0,0,0,0,0,0,0,0,0,0,0,0,0,0,0,0,0,0,0,0,0,0,0,0,0,0,0,0,0,0,0,0,0,0,0,0,0,0,0,0,0,0,0,0,0,0,0,0,0,0,0,0,0,0,0,0,0,0,0,0,0,0,0,0,0,0,0,0,0,0,0,0,0,30.1,30.1,28.0,32.1,28.1,28.0,3670,3675,3676,3669,3671,3674,3678,3676,3679,3679,3673,3673,3674,3677,3672,3679,0,0,0,0,0,0,0,0,0,0,0,0,0,0,0,0,220,65449,64423,3281,1,7129,66.4,3682,2019-05-06 13:24:10 477,b236935b08f8c924,100933c80dd7
001181255255255255,1,1,0,1,0,0,0,0,0,0,0,0,0,0,0,0,30.0,59.45,7.24,29.2,1,29.1,2,3721,9,3710,1,30.0,7.0,91.0,173,2694,9165,53,157.3,0,0,0,0,0,0,0,0,0,0,0,0,0,0,0,0,0,0,0,0,0,0,0,0,0,0,0,0,0,0,0,0,0,0,0,0,0,0,0,0,0,0,0,0,0,0,0,0,0,0,0,0,0,0,0,0,0,0,0,0,0,0,0,0,0,0,0,0,0,0,0,0,0,0,0,0,0,0,0,0,0,31.8,31.8,29.0,34.8,29.2,29.1,3710,3715,3716,3712,3714,3717,3719,3717,3721,3720,3714,3715,3714,3717,3712,3721,0,0,0,0,0,0,0,0,0,0,0,0,0,0,0,0,216,65447,64437,3280,1,7137,66.4,3722,2019-05-06 13:30:10 454,b236935b08f8c924,100933c80dd7
001181255255255255,1,1,0,1,0,0,0,0,0,0,0,0,0,0,0,0,38.0,59.95,7.25,30.7,1,30.6,2,3752,9,3741,1,30.0,7.0,91.0,173,3401,9167,47,198.6,0,0,0,0,0,0,0,0,0,0,0,0,0,0,0,0,0,0,0,0,0,0,0,0,0,0,0,0,0,0,0,0,0,0,0,0,0,0,0,0,0,0,0,0,0,0,0,0,0,0,0,0,0,0,0,0,0,0,0,0,0,0,0,0,0,0,0,0,0,0,0,0,0,0,0,0,0,0,0,0,0,33.1,33.1,30.4,36.4,30.7,30.6,3741,3747,3747,3743,3744,3748,3750,3749,3752,3751,3746,3746,3746,3749,3744,3748,0,0,0,0,0,0,0,0,0,0,0,0,0,0,0,0,220,65458,64427,3280,1,7146,66.4,3753,2019-05-06 13:36:10 487,b236935b08f8c924,100933c80dd7
001181255255255255,1,1,0,1,0,0,0,0,0,0,0,0,0,0,0,0,45.0,60.59,7.26,32.4,1,32.3,2,3792,9,3781,1,30.0,7.0,91.0,173,4111,9170,41,240.0,0,0,0,0,0,0,0,0,0,0,0,0,0,0,0,0,0,0,0,0,0,0,0,0,0,0,0,0,0,0,0,0,0,0,0,0,0,0,0,0,0,0,0,0,0,0,0,0,0,0,0,0,0,0,0,0,0,0,0,0,0,0,0,0,0,0,0,0,0,0,0,0,0,0,0,0,0,0,0,0,0,34.5,34.5,32.1,37.4,32.4,32.3,3781,3787,3787,3783,3785,3789,3790,3789,3792,3792,3786,3786,3787,3790,3784,3782,0,0,0,0,0,0,0,0,0,0,0,0,0,0,0,0,218,65449,64437,3278,1,7150,66.4,3793,2019-05-06 13:42:10 683,b236935b08f8c924,100933c80dd7
001181255255255255,1,1,0,1,0,0,0,0,0,0,0,0,0,0,0,0,53.0,61.39,7.26,34.2,2,34.1,1,3841,9,3831,16,30.0,7.0,91.0,173,4821,9173,35,281.4,0,0,0,0,0,0,0,0,0,0,0,0,0,0,0,0,0,0,0,0,0,0,0,0,0,0,0,0,0,0,0,0,0,0,0,0,0,0,0,0,0,0,0,0,0,0,0,0,0,0,0,0,0,0,0,0,0,0,0,0,0,0,0,0,0,0,0,0,0,0,0,0,0,0,0,0,0,0,0,0,0,36.1,36.1,33.8,38.6,34.1,34.2,3832,3837,3838,3833,3835,3839,3840,3839,3841,3841,3836,3837,3837,3840,3835,3831,0,0,0,0,0,0,0,0,0,0,0,0,0,0,0,0,220,65443,64429,3277,2,7158,66.4,3843,2019-05-06 13:48:10 627,b236935b08f8c924,100933c80dd7
001181255255255255,1,1,0,1,0,0,0,0,0,0,0,0,0,0,0,0,58.0,61.27,3.58,35.1,1,35.1,1,3833,7,3823,16,30.0,7.0,91.0,173,5278,9175,65,308.2,0,0,0,0,0,0,0,0,0,0,0,0,0,0,0,0,0,0,0,0,0,0,0,0,0,0,0,0,0,0,0,0,0,0,0,0,0,0,0,0,0,0,0,0,0,0,0,0,0,0,0,0,0,0,0,0,0,0,0,0,0,0,0,0,0,0,0,0,0,0,0,0,0,0,0,0,0,0,0,0,0,36.4,36.4,34.8,37.5,35.1,35.1,3826,3830,3830,3826,3827,3831,3833,3833,3832,3833,3829,3829,3830,3832,3827,3823,0,0,0,0,0,0,0,0,0,0,0,0,0,0,0,0,220,65445,64443,3277,2,3537,66.4,3833,2019-05-06 13:54:10 698,b236935b08f8c924,100933c80dd7
001181255255255255,1,1,0,1,0,0,0,0,0,0,0,0,0,0,0,0,62.0,61.81,3.58,35.6,1,35.6,1,3867,7,3855,16,30.0,7.0,91.0,173,5628,9175,59,328.6,0,0,0,0,0,0,0,0,0,0,0,0,0,0,0,0,0,0,0,0,0,0,0,0,0,0,0,0,0,0,0,0,0,0,0,0,0,0,0,0,0,0,0,0,0,0,0,0,0,0,0,0,0,0,0,0,0,0,0,0,0,0,0,0,0,0,0,0,0,0,0,0,0,0,0,0,0,0,0,0,0,36.9,36.9,35.2,37.1,35.6,35.6,3861,3864,3864,3860,3861,3865,3867,3866,3865,3867,3862,3863,3863,3866,3861,3855,0,0,0,0,0,0,0,0,0,0,0,0,0,0,0,0,224,65456,64431,3277,2,3537,66.4,3866,2019-05-06 14:00:10 768,b236935b08f8c924,100933c80dd7
001181255255255255,1,1,0,1,0,0,0,0,0,0,0,0,0,0,0,0,67.0,63.23,7.26,36.4,1,36.3,2,3958,9,3942,16,30.0,7.0,91.0,173,6146,9176,25,358.9,0,0,0,0,0,0,0,0,0,0,0,0,0,0,0,0,0,0,0,0,0,0,0,0,0,0,0,0,0,0,0,0,0,0,0,0,0,0,0,0,0,0,0,0,0,0,0,0,0,0,0,0,0,0,0,0,0,0,0,0,0,0,0,0,0,0,0,0,0,0,0,0,0,0,0,0,0,0,0,0,0,38.6,38.6,35.9,38.6,36.4,36.3,3948,3953,3953,3950,3950,3954,3957,3956,3958,3957,3951,3951,3952,3955,3950,3942,0,0,0,0,0,0,0,0,0,0,0,0,0,0,0,0,218,65447,64429,3277,2,7154,66.4,3959,2019-05-06 14:06:10 838,b236935b08f8c924,100933c80dd7
001181255255255255,1,1,0,1,0,0,0,0,0,0,0,0,0,0,0,0,83.0,65.28,7.27,38.2,1,38.2,1,4086,9,4069,16,30.0,7.0,91.0,173,7564,9177,13,441.7,0,0,0,0,0,0,0,0,0,0,0,0,0,0,0,0,0,0,0,0,0,0,0,0,0,0,0,0,0,0,0,0,0,0,0,0,0,0,0,0,0,0,0,0,0,0,0,0,0,0,0,0,0,0,0,0,0,0,0,0,0,0,0,0,0,0,0,0,0,0,0,0,0,0,0,0,0,0,0,0,0,41.1,41.1,37.7,41.3,38.2,38.2,4077,4081,4080,4077,4078,4082,4083,4085,4086,4085,4079,4079,4080,4083,4079,4069,0,0,0,0,0,0,0,0,0,0,0,0,0,0,0,0,226,65439,64437,3276,2,7162,66.4,4087,2019-05-06 14:18:10 954,b236935b08f8c924,100933c80dd7
001181255255255255,1,1,0,1,0,0,0,0,0,0,0,0,0,0,0,0,89.0,65.74,5.18,38.7,1,38.7,1,4113,8,4097,16,30.0,5.0,91.0,173,8141,9178,12,475.4,0,0,0,0,0,0,0,0,0,0,0,0,0,0,0,0,0,0,0,0,0,0,0,0,0,0,0,0,0,0,0,0,0,0,0,0,0,0,0,0,0,0,0,0,0,0,0,0,0,0,0,0,0,0,0,0,0,0,0,0,0,0,0,0,0,0,0,0,0,0,0,0,0,0,0,0,0,0,0,0,0,41.2,41.2,38.2,40.9,38.7,38.7,4105,4109,4109,4107,4107,4111,4111,4113,4113,4113,4108,4108,4109,4112,4108,4097,0,0,0,0,0,0,0,0,0,0,0,0,0,0,0,0,230,65458,64435,3275,2,5094,66.4,4113,2019-05-06 14:24:11 113,b236935b08f8c924,100933c80dd7
001181255255255255,1,1,0,1,0,0,0,0,0,0,0,0,0,0,0,0,94.0,65.99,3.42,38.9,1,38.9,1,4129,8,4113,16,30.0,5.0,91.0,173,8560,9178,10,499.9,0,0,0,0,0,0,0,0,0,0,0,0,0,0,0,0,0,0,0,0,0,0,0,0,0,0,0,0,0,0,0,0,0,0,0,0,0,0,0,0,0,0,0,0,0,0,0,0,0,0,0,0,0,0,0,0,0,0,0,0,0,0,0,0,0,0,0,0,0,0,0,0,0,0,0,0,0,0,0,0,0,40.9,40.9,38.3,40.0,38.9,38.9,4122,4125,4125,4123,4123,4126,4127,4129,4128,4129,4123,4123,4125,4128,4123,4113,0,0,0,0,0,0,0,0,0,0,0,0,0,0,0,0,222,65454,64419,3276,2,3382,66.4,4128,2019-05-06 14:30:11 162,b236935b08f8c924,100933c80dd7
001181255255255255,1,1,0,1,0,0,0,0,0,0,0,0,0,0,0,0,97.0,66.11,2.22,38.7,1,38.7,1,4137,8,4123,16,30.0,4.02,91.0,173,8831,9178,9,515.7,0,0,0,0,0,0,0,0,0,0,0,0,0,0,0,0,0,0,0,0,0,0,0,0,0,0,0,0,0,0,0,0,0,0,0,0,0,0,0,0,0,0,0,0,0,0,0,0,0,0,0,0,0,0,0,0,0,0,0,0,0,0,0,0,0,0,0,0,0,0,0,0,0,0,0,0,0,0,0,0,0,40.4,40.4,38.2,39.0,38.7,38.7,4131,4133,4132,4131,4131,4134,4135,4137,4135,4136,4131,4131,4132,4135,4131,4123,0,0,0,0,0,0,0,0,0,0,0,0,0,0,0,0,232,65441,64449,3274,2,2189,66.4,4134,2019-05-06 14:36:11 157,b236935b08f8c924,100933c80dd7
001181255255255255,1,1,0,1,0,0,0,0,0,0,0,0,0,0,0,0,99.0,66.19,1.43,38.5,2,38.4,1,4142,8,4128,16,30.0,2.73,91.0,173,9006,9178,7,525.9,0,0,0,0,0,0,0,0,0,0,0,0,0,0,0,0,0,0,0,0,0,0,0,0,0,0,0,0,0,0,0,0,0,0,0,0,0,0,0,0,0,0,0,0,0,0,0,0,0,0,0,0,0,0,0,0,0,0,0,0,0,0,0,0,0,0,0,0,0,0,0,0,0,0,0,0,0,0,0,0,0,39.9,39.9,37.9,38.0,38.4,38.5,4136,4138,4137,4136,4135,4139,4140,4142,4139,4141,4136,4136,4137,4140,4136,4128,0,0,0,0,0,0,0,0,0,0,0,0,0,0,0,0,216,65445,64439,3276,3,1423,66.4,4138,2019-05-06 14:42:11 162,b236935b08f8c924,100933c80dd7
001181255255255255,1,1,0,1,0,0,0,0,0,0,0,0,0,0,0,0,99.0,66.24,0.93,38.1,1,38.1,1,4145,8,4130,16,30.0,1.93,91.0,173,9087,9179,5,530.6,0,0,0,0,0,0,0,0,0,0,0,0,0,0,0,0,0,0,0,0,0,0,0,0,0,0,0,0,0,0,0,0,0,0,0,0,0,0,0,0,0,0,0,0,0,0,0,0,0,0,0,0,0,0,0,0,0,0,0,0,0,0,0,0,0,0,0,0,0,0,0,0,0,0,0,0,0,0,0,0,0,39.5,39.5,37.6,37.2,38.1,38.1,4139,4141,4140,4139,4138,4143,4143,4145,4141,4144,4139,4139,4140,4143,4139,4130,0,0,0,0,0,0,0,0,0,0,0,0,0,0,0,0,220,65437,64431,3275,3,925,66.4,4141,2019-05-06 14:48:11 310,b236935b08f8c924,100933c80dd7
001181255255255255,1,1,0,1,0,0,0,0,0,0,0,0,0,0,0,0,99.0,66.27,0.61,37.8,2,37.7,1,4147,8,4132,16,30.0,1.41,91.0,173,9123,9216,9,532.7,0,0,0,0,0,0,0,0,0,0,0,0,0,0,0,0,0,0,0,0,0,0,0,0,0,0,0,0,0,0,0,0,0,0,0,0,0,0,0,0,0,0,0,0,0,0,0,0,0,0,0,0,0,0,0,0,0,0,0,0,0,0,0,0,0,0,0,0,0,0,0,0,0,0,0,0,0,0,0,0,0,39.0,39.0,37.3,36.6,37.7,37.8,4141,4143,4142,4141,4141,4145,4145,4147,4143,4146,4141,4141,4142,4145,4141,4132,0,0,0,0,0,0,0,0,0,0,0,0,0,0,0,0,224,65462,64413,3276,3,611,66.4,4143,2019-05-06 14:54:11 298,b236935b08f8c924,100933c80dd7
0030179255255255255,1,1,0,1,0,0,0,0,0,0,0,0,0,0,0,0,52.0,62.01,6.98,20.9,2,20.2,1,3882,12,3868,15,19.35,7.0,87.0,372,4210,8149,33,245.8,0,0,0,0,0,0,0,0,0,0,0,0,0,0,0,0,0,0,0,0,0,0,0,0,0,0,0,0,0,0,0,0,0,0,0,0,0,0,0,0,0,0,0,0,0,0,0,0,0,0,0,0,0,0,0,0,0,0,0,0,0,0,0,0,0,0,0,0,0,0,0,0,0,0,0,0,0,0,0,0,0,20.3,20.3,21.2,19.5,20.2,20.9,3878,3877,3879,3877,3876,3874,3874,3871,3875,3875,3880,3882,3880,3880,3868,3873,0,0,0,0,0,0,0,0,0,0,0,0,0,0,0,0,65267,123,998,3293,0,7014,66.4,3888,2019-05-06 07:05:56 678,3b8d8c5a03623c24,100b85a234ea
0030179255255255255,1,1,0,1,0,0,0,0,0,0,0,0,0,0,0,0,61.0,63.62,6.99,22.7,2,21.9,1,3983,12,3968,15,26.78,7.0,87.0,372,4902,8148,27,286.2,0,0,0,0,0,0,0,0,0,0,0,0,0,0,0,0,0,0,0,0,0,0,0,0,0,0,0,0,0,0,0,0,0,0,0,0,0,0,0,0,0,0,0,0,0,0,0,0,0,0,0,0,0,0,0,0,0,0,0,0,0,0,0,0,0,0,0,0,0,0,0,0,0,0,0,0,0,0,0,0,0,22.1,22.1,22.9,20.2,21.9,22.7,3979,3977,3980,3977,3976,3973,3975,3971,3976,3976,3981,3983,3981,3981,3968,3970,0,0,0,0,0,0,0,0,0,0,0,0,0,0,0,0,65265,134,1005,3290,0,7010,66.4,3990,2019-05-06 07:11:56 877,3b8d8c5a03623c24,100b85a234ea
0030179255255255255,1,1,0,1,0,0,0,0,0,0,0,0,0,0,0,0,89.0,65.98,3.29,26.9,2,25.4,1,4128,12,4116,15,30.0,5.0,87.0,372,7188,8143,17,419.7,0,0,0,0,0,0,0,0,0,0,0,0,0,0,0,0,0,0,0,0,0,0,0,0,0,0,0,0,0,0,0,0,0,0,0,0,0,0,0,0,0,0,0,0,0,0,0,0,0,0,0,0,0,0,0,0,0,0,0,0,0,0,0,0,0,0,0,0,0,0,0,0,0,0,0,0,0,0,0,0,0,25.0,25.0,26.9,22.6,25.4,26.9,4127,4124,4126,4124,4125,4123,4122,4121,4124,4125,4127,4128,4125,4124,4116,4120,0,0,0,0,0,0,0,0,0,0,0,0,0,0,0,0,65247,117,1003,3291,1,3230,66.4,4134,2019-05-06 07:39:54 740,3b8d8c5a03623c24,100b85a234ea
0030179255255255255,1,1,0,1,0,0,0,0,0,0,0,0,0,0,0,0,92.0,66.1,2.51,26.9,2,25.5,1,4136,11,4124,16,30.0,4.41,87.0,372,7462,8143,16,435.7,0,0,0,0,0,0,0,0,0,0,0,0,0,0,0,0,0,0,0,0,0,0,0,0,0,0,0,0,0,0,0,0,0,0,0,0,0,0,0,0,0,0,0,0,0,0,0,0,0,0,0,0,0,0,0,0,0,0,0,0,0,0,0,0,0,0,0,0,0,0,0,0,0,0,0,0,0,0,0,0,0,25.1,25.1,27.0,22.7,25.5,26.9,4134,4129,4135,4131,4130,4129,4130,4131,4133,4133,4136,4135,4134,4133,4125,4124,0,0,0,0,0,0,0,0,0,0,0,0,0,0,0,0,65257,111,1005,3290,1,2531,66.4,4145,2019-05-06 07:45:54 682,3b8d8c5a03623c24,100b85a234ea
0030179255255255255,1,1,0,1,0,0,0,0,0,0,0,0,0,0,0,0,95.0,66.11,1.41,26.8,2,25.4,1,4136,1,4125,15,30.0,3.31,87.0,372,7658,8143,20,447.2,0,0,0,0,0,0,0,0,0,0,0,0,0,0,0,0,0,0,0,0,0,0,0,0,0,0,0,0,0,0,0,0,0,0,0,0,0,0,0,0,0,0,0,0,0,0,0,0,0,0,0,0,0,0,0,0,0,0,0,0,0,0,0,0,0,0,0,0,0,0,0,0,0,0,0,0,0,0,0,0,0,25.1,25.1,26.9,22.8,25.4,26.8,4136,4132,4134,4133,4134,4128,4131,4130,4132,4132,4135,4134,4134,4135,4125,4127,0,0,0,0,0,0,0,0,0,0,0,0,0,0,0,0,65255,109,1003,3289,1,1597,66.4,4144,2019-05-06 07:51:54 863,3b8d8c5a03623c24,100b85a234ea
0030179255255255255,1,1,0,1,0,0,0,0,0,0,0,0,0,0,0,0,96.0,66.21,1.37,26.7,2,25.3,1,4144,1,4129,16,30.0,2.47,87.0,372,7798,8143,15,455.4,0,0,0,0,0,0,0,0,0,0,0,0,0,0,0,0,0,0,0,0,0,0,0,0,0,0,0,0,0,0,0,0,0,0,0,0,0,0,0,0,0,0,0,0,0,0,0,0,0,0,0,0,0,0,0,0,0,0,0,0,0,0,0,0,0,0,0,0,0,0,0,0,0,0,0,0,0,0,0,0,0,25.0,25.0,26.8,22.9,25.3,26.7,4144,4139,4141,4140,4140,4135,4137,4135,4137,4141,4143,4143,4142,4142,4131,4129,0,0,0,0,0,0,0,0,0,0,0,0,0,0,0,0,65259,95,1003,3289,1,1091,66.4,4146,2019-05-06 07:57:54 949,3b8d8c5a03623c24,100b85a234ea
0030179255255255255,1,1,0,1,0,0,0,0,0,0,0,0,0,0,0,0,98.0,66.23,0.86,26.5,2,25.1,1,4144,1,4131,15,30.0,1.96,87.0,372,7899,8143,17,461.3,0,0,0,0,0,0,0,0,0,0,0,0,0,0,0,0,0,0,0,0,0,0,0,0,0,0,0,0,0,0,0,0,0,0,0,0,0,0,0,0,0,0,0,0,0,0,0,0,0,0,0,0,0,0,0,0,0,0,0,0,0,0,0,0,0,0,0,0,0,0,0,0,0,0,0,0,0,0,0,0,0,25.0,25.0,26.6,22.9,25.1,26.5,4144,4141,4144,4141,4139,4136,4138,4135,4138,4142,4142,4143,4142,4143,4131,4132,0,0,0,0,0,0,0,0,0,0,0,0,0,0,0,0,65259,107,1005,3291,1,886,66.4,4147,2019-05-06 08:03:54 922,3b8d8c5a03623c24,100b85a234ea
0030179255255255255,1,1,0,1,0,0,0,0,0,0,0,0,0,0,0,0,98.0,66.24,0.78,26.3,2,24.9,1,4146,12,4131,15,30.0,1.68,87.0,372,7973,8142,13,465.6,0,0,0,0,0,0,0,0,0,0,0,0,0,0,0,0,0,0,0,0,0,0,0,0,0,0,0,0,0,0,0,0,0,0,0,0,0,0,0,0,0,0,0,0,0,0,0,0,0,0,0,0,0,0,0,0,0,0,0,0,0,0,0,0,0,0,0,0,0,0,0,0,0,0,0,0,0,0,0,0,0,24.9,24.9,26.4,22.9,24.9,26.3,4145,4140,4142,4142,4142,4136,4139,4138,4139,4142,4142,4146,4145,4144,4131,4132,0,0,0,0,0,0,0,0,0,0,0,0,0,0,0,0,65253,113,1015,3290,1,634,66.4,4152,2019-05-06 08:09:55 039,3b8d8c5a03623c24,100b85a234ea
0030179255255255255,1,1,0,1,0,0,0,0,0,0,0,0,0,0,0,0,99.0,66.28,0.58,26.1,2,24.7,1,4148,1,4134,16,30.0,1.28,87.0,372,8028,8142,11,468.8,0,0,0,0,0,0,0,0,0,0,0,0,0,0,0,0,0,0,0,0,0,0,0,0,0,0,0,0,0,0,0,0,0,0,0,0,0,0,0,0,0,0,0,0,0,0,0,0,0,0,0,0,0,0,0,0,0,0,0,0,0,0,0,0,0,0,0,0,0,0,0,0,0,0,0,0,0,0,0,0,0,24.7,24.7,26.2,22.8,24.7,26.1,4148,4144,4145,4142,4142,4140,4142,4138,4139,4144,4147,4145,4147,4147,4136,4134,0,0,0,0,0,0,0,0,0,0,0,0,0,0,0,0,65255,125,1011,3291,1,630,66.4,4151,2019-05-06 08:15:55 290,3b8d8c5a03623c24,100b85a234ea
0030179255255255255,0,0,0,1,0,0,0,0,0,0,0,0,0,0,1,0,100.0,66.04,0.0,25.9,2,24.6,1,4133,1,4119,15,30.0,0.0,87.0,372,8428,8428,0,492.1,0,0,0,0,0,0,0,0,0,0,0,0,0,0,0,0,0,0,0,0,0,0,0,0,0,0,0,0,0,0,0,0,0,0,0,0,0,0,0,0,0,0,0,0,0,0,0,0,0,0,0,0,0,0,0,0,0,0,0,0,0,0,0,0,0,0,0,0,0,0,0,0,0,0,0,0,0,0,0,0,0,24.6,24.6,26.0,22.7,24.6,25.9,4133,4129,4131,4129,4130,4124,4127,4123,4124,4129,4131,4132,4132,4132,4119,4122,0,0,0,0,0,0,0,0,0,0,0,0,0,0,0,0,65259,119,1005,3291,1,0,66.4,4136,2019-05-06 08:21:55 097,3b8d8c5a03623c24,100b85a234ea
0030179255255255255,0,0,0,1,0,0,0,0,0,0,0,0,0,0,1,0,100.0,66.01,0.0,25.7,2,24.4,1,4130,1,4117,15,30.0,0.0,87.0,372,8428,8428,0,492.1,0,0,0,0,0,0,0,0,0,0,0,0,0,0,0,0,0,0,0,0,0,0,0,0,0,0,0,0,0,0,0,0,0,0,0,0,0,0,0,0,0,0,0,0,0,0,0,0,0,0,0,0,0,0,0,0,0,0,0,0,0,0,0,0,0,0,0,0,0,0,0,0,0,0,0,0,0,0,0,0,0,24.4,24.4,25.8,22.6,24.4,25.7,4130,4126,4129,4127,4128,4122,4125,4120,4122,4127,4129,4129,4130,4129,4117,4120,0,0,0,0,0,0,0,0,0,0,0,0,0,0,0,0,65259,107,1013,3289,1,0,66.4,4134,2019-05-06 08:27:55 304,3b8d8c5a03623c24,100b85a234ea
0030179255255255255,0,0,0,1,0,0,0,0,0,0,0,0,0,0,1,0,100.0,65.99,0.0,25.4,2,24.2,1,4129,1,4116,15,30.0,0.0,87.0,372,8428,8428,0,492.1,0,0,0,0,0,0,0,0,0,0,0,0,0,0,0,0,0,0,0,0,0,0,0,0,0,0,0,0,0,0,0,0,0,0,0,0,0,0,0,0,0,0,0,0,0,0,0,0,0,0,0,0,0,0,0,0,0,0,0,0,0,0,0,0,0,0,0,0,0,0,0,0,0,0,0,0,0,0,0,0,0,24.3,24.3,25.6,22.6,24.2,25.4,4129,4125,4127,4126,4127,4121,4123,4119,4121,4125,4127,4128,4129,4129,4116,4119,0,0,0,0,0,0,0,0,0,0,0,0,0,0,0,0,65255,111,1009,3290,1,0,66.4,4132,2019-05-06 08:33:55 401,3b8d8c5a03623c24,100b85a234ea
0030179255255255255,0,0,0,1,0,0,0,0,0,0,0,0,0,0,1,0,100.0,65.97,-0.01,25.2,2,24.0,1,4128,1,4115,15,30.0,0.0,87.0,372,8428,8428,0,492.1,0,0,0,0,0,0,0,0,0,0,0,0,0,0,0,0,0,0,0,0,0,0,0,0,0,0,0,0,0,0,0,0,0,0,0,0,0,0,0,0,0,0,0,0,0,0,0,0,0,0,0,0,0,0,0,0,0,0,0,0,0,0,0,0,0,0,0,0,0,0,0,0,0,0,0,0,0,0,0,0,0,24.1,24.1,25.4,22.5,24.0,25.2,4128,4124,4126,4125,4126,4120,4122,4119,4120,4125,4127,4127,4128,4128,4115,4117,0,0,0,0,0,0,0,0,0,0,0,0,0,0,0,0,65257,123,1001,3290,1,0,66.4,4132,2019-05-06 08:39:55 318,3b8d8c5a03623c24,100b85a234ea
0030179255255255255,0,0,0,1,0,0,0,0,0,0,0,0,0,0,1,0,100.0,65.96,-0.01,25.0,2,23.8,1,4127,1,4114,15,30.0,0.0,87.0,372,8428,8428,0,492.1,0,0,0,0,0,0,0,0,0,0,0,0,0,0,0,0,0,0,0,0,0,0,0,0,0,0,0,0,0,0,0,0,0,0,0,0,0,0,0,0,0,0,0,0,0,0,0,0,0,0,0,0,0,0,0,0,0,0,0,0,0,0,0,0,0,0,0,0,0,0,0,0,0,0,0,0,0,0,0,0,0,24.0,24.0,25.2,22.3,23.8,25.0,4127,4123,4126,4125,4125,4119,4121,4118,4119,4124,4125,4126,4127,4127,4114,4117,0,0,0,0,0,0,0,0,0,0,0,0,0,0,0,0,65259,103,1017,3290,1,0,66.4,4130,2019-05-06 08:45:55 521,3b8d8c5a03623c24,100b85a234ea
0030179255255255255,0,0,0,1,0,0,0,0,0,0,0,0,0,0,1,0,100.0,65.94,0.0,24.6,2,23.4,1,4126,1,4113,15,30.0,0.0,87.0,372,8417,8417,0,491.5,0,0,0,0,0,0,0,0,0,0,0,0,0,0,0,0,0,0,0,0,0,0,0,0,0,0,0,0,0,0,0,0,0,0,0,0,0,0,0,0,0,0,0,0,0,0,0,0,0,0,0,0,0,0,0,0,0,0,0,0,0,0,0,0,0,0,0,0,0,0,0,0,0,0,0,0,0,0,0,0,0,23.6,23.6,24.8,22.0,23.4,24.6,4126,4122,4125,4124,4124,4118,4121,4116,4118,4123,4125,4125,4126,4125,4113,4116,0,0,0,0,0,0,0,0,0,0,0,0,0,0,0,0,65247,113,1001,3290,1,0,66.4,4130,2019-05-06 08:57:55 645,3b8d8c5a03623c24,100b85a234ea
0030179255255255255,0,0,0,1,0,0,0,0,0,0,0,0,0,0,1,0,100.0,65.93,0.0,24.4,2,23.2,1,4126,1,4113,15,30.0,0.0,87.0,372,8405,8407,0,490.8,0,0,0,0,0,0,0,0,0,0,0,0,0,0,0,0,0,0,0,0,0,0,0,0,0,0,0,0,0,0,0,0,0,0,0,0,0,0,0,0,0,0,0,0,0,0,0,0,0,0,0,0,0,0,0,0,0,0,0,0,0,0,0,0,0,0,0,0,0,0,0,0,0,0,0,0,0,0,0,0,0,23.4,23.4,24.6,21.8,23.2,24.4,4126,4122,4124,4123,4124,4117,4120,4116,4118,4122,4124,4125,4125,4125,4113,4115,0,0,0,0,0,0,0,0,0,0,0,0,0,0,0,0,65259,121,1007,3289,1,0,66.4,4129,2019-05-06 09:03:55 822,3b8d8c5a03623c24,100b85a234ea
0030179255255255255,0,0,0,1,0,0,0,0,0,0,0,0,0,0,1,0,100.0,65.93,0.0,24.2,2,23.0,1,4125,1,4112,15,30.0,0.0,87.0,372,8397,8407,0,490.3,0,0,0,0,0,0,0,0,0,0,0,0,0,0,0,0,0,0,0,0,0,0,0,0,0,0,0,0,0,0,0,0,0,0,0,0,0,0,0,0,0,0,0,0,0,0,0,0,0,0,0,0,0,0,0,0,0,0,0,0,0,0,0,0,0,0,0,0,0,0,0,0,0,0,0,0,0,0,0,0,0,23.2,23.2,24.4,21.6,23.0,24.2,4125,4122,4124,4123,4124,4117,4119,4116,4117,4122,4124,4125,4125,4125,4112,4117,0,0,0,0,0,0,0,0,0,0,0,0,0,0,0,0,65261,109,1007,3292,1,0,66.4,4129,2019-05-06 09:09:55 773,3b8d8c5a03623c24,100b85a234ea
0030179255255255255,0,0,0,1,0,0,0,0,0,0,0,0,0,0,1,0,100.0,65.93,0.0,24.0,2,22.9,1,4125,1,4112,15,30.0,0.0,87.0,372,8397,8407,0,490.3,0,0,0,0,0,0,0,0,0,0,0,0,0,0,0,0,0,0,0,0,0,0,0,0,0,0,0,0,0,0,0,0,0,0,0,0,0,0,0,0,0,0,0,0,0,0,0,0,0,0,0,0,0,0,0,0,0,0,0,0,0,0,0,0,0,0,0,0,0,0,0,0,0,0,0,0,0,0,0,0,0,23.0,23.0,24.2,21.5,22.9,24.0,4125,4121,4124,4123,4124,4116,4119,4115,4117,4122,4124,4124,4125,4125,4112,4115,0,0,0,0,0,0,0,0,0,0,0,0,0,0,0,0,65247,125,1009,3291,1,0,66.4,4129,2019-05-06 09:15:56 009,3b8d8c5a03623c24,100b85a234ea
0030179255255255255,0,0,0,1,0,0,0,0,0,0,0,0,0,0,1,0,100.0,65.92,0.0,23.8,2,22.7,1,4125,1,4112,15,30.0,0.0,87.0,372,8397,8407,0,490.3,0,0,0,0,0,0,0,0,0,0,0,0,0,0,0,0,0,0,0,0,0,0,0,0,0,0,0,0,0,0,0,0,0,0,0,0,0,0,0,0,0,0,0,0,0,0,0,0,0,0,0,0,0,0,0,0,0,0,0,0,0,0,0,0,0,0,0,0,0,0,0,0,0,0,0,0,0,0,0,0,0,22.8,22.8,24.0,21.3,22.7,23.8,4125,4121,4124,4122,4123,4116,4119,4115,4116,4122,4124,4124,4125,4125,4112,4116,0,0,0,0,0,0,0,0,0,0,0,0,0,0,0,0,65263,115,1011,3291,1,0,66.4,4128,2019-05-06 09:21:56 433,3b8d8c5a03623c24,100b85a234ea
0030179255255255255,0,0,0,1,0,0,0,0,0,0,0,0,0,0,1,0,100.0,65.92,0.0,23.6,2,22.5,1,4125,1,4112,15,30.0,0.0,87.0,372,8398,8407,0,490.4,0,0,0,0,0,0,0,0,0,0,0,0,0,0,0,0,0,0,0,0,0,0,0,0,0,0,0,0,0,0,0,0,0,0,0,0,0,0,0,0,0,0,0,0,0,0,0,0,0,0,0,0,0,0,0,0,0,0,0,0,0,0,0,0,0,0,0,0,0,0,0,0,0,0,0,0,0,0,0,0,0,22.6,22.6,23.8,21.1,22.5,23.6,4125,4121,4123,4122,4123,4117,4119,4115,4117,4122,4123,4124,4125,4124,4112,4113,0,0,0,0,0,0,0,0,0,0,0,0,0,0,0,0,65259,125,1001,3289,1,0,66.4,4128,2019-05-06 09:27:55 984,3b8d8c5a03623c24,100b85a234ea
