0027255255255255,1,1,0,1,0,0,0,0,0,0,0,0,0,0,0,0,20.0,59.79,7.07,24.0,1,24.0,1,3745,16,3733,5,5.64,7.0,77.0,366,1503,7566,51,87.7,0,0,0,0,0,0,0,0,0,0,0,0,0,0,0,0,0,0,0,0,0,0,0,0,0,0,0,0,0,0,0,0,0,0,0,0,0,0,0,0,0,0,0,0,0,0,0,0,0,0,0,0,0,0,0,0,0,0,0,0,0,0,0,0,0,0,0,0,0,0,0,0,0,0,0,0,0,0,0,0,0,24.8,24.8,24.6,24.5,24.0,24.0,3734,3735,3736,3736,3733,3736,3740,3738,3737,3738,3738,3738,3738,3736,3735,3745,0,0,0,0,0,0,0,0,0,0,0,0,0,0,0,0,177,44,949,3281,1,7094,66.4,3740,2019-05-08 11:29:08 293,76d91f5c02f22124,100922aeba0f
0027255255255255,1,1,0,1,0,0,0,0,0,0,0,0,0,0,0,0,30.0,60.89,7.07,26.0,1,26.0,1,3809,16,3803,1,8.81,7.0,77.0,366,2208,7567,45,128.9,0,0,0,0,0,0,0,0,0,0,0,0,0,0,0,0,0,0,0,0,0,0,0,0,0,0,0,0,0,0,0,0,0,0,0,0,0,0,0,0,0,0,0,0,0,0,0,0,0,0,0,0,0,0,0,0,0,0,0,0,0,0,0,0,0,0,0,0,0,0,0,0,0,0,0,0,0,0,0,0,0,26.6,26.6,26.6,25.5,26.0,26.0,3803,3805,3806,3805,3803,3806,3808,3805,3805,3806,3806,3807,3807,3806,3804,3809,0,0,0,0,0,0,0,0,0,0,0,0,0,0,0,0,164,56,941,3279,1,7098,66.4,3810,2019-05-08 11:35:08 401,76d91f5c02f22124,100922aeba0f
0027255255255255,1,1,0,1,0,0,0,0,0,0,0,0,0,0,0,0,39.0,61.75,7.08,28.3,1,28.2,2,3862,6,3856,1,11.33,7.0,77.0,366,2912,7568,39,170.0,0,0,0,0,0,0,0,0,0,0,0,0,0,0,0,0,0,0,0,0,0,0,0,0,0,0,0,0,0,0,0,0,0,0,0,0,0,0,0,0,0,0,0,0,0,0,0,0,0,0,0,0,0,0,0,0,0,0,0,0,0,0,0,0,0,0,0,0,0,0,0,0,0,0,0,0,0,0,0,0,0,28.4,28.4,28.8,26.6,28.3,28.2,3856,3859,3860,3859,3857,3862,3862,3861,3860,3861,3859,3861,3861,3860,3859,3860,0,0,0,0,0,0,0,0,0,0,0,0,0,0,0,0,175,46,949,3277,1,7098,66.4,3863,2019-05-08 11:41:08 471,76d91f5c02f22124,100922aeba0f
0027255255255255,1,1,0,1,0,0,0,0,0,0,0,0,0,0,0,0,48.0,62.68,7.08,30.4,1,30.3,2,3920,6,3914,1,9.95,7.0,77.0,366,3617,7568,33,211.2,0,0,0,0,0,0,0,0,0,0,0,0,0,0,0,0,0,0,0,0,0,0,0,0,0,0,0,0,0,0,0,0,0,0,0,0,0,0,0,0,0,0,0,0,0,0,0,0,0,0,0,0,0,0,0,0,0,0,0,0,0,0,0,0,0,0,0,0,0,0,0,0,0,0,0,0,0,0,0,0,0,30.2,30.2,30.8,27.8,30.4,30.3,3914,3916,3917,3917,3915,3920,3920,3919,3919,3919,3917,3918,3918,3918,3917,3916,0,0,0,0,0,0,0,0,0,0,0,0,0,0,0,0,181,48,949,3277,1,7102,66.4,3920,2019-05-08 11:47:08 541,76d91f5c02f22124,100922aeba0f
0027255255255255,1,1,0,1,0,0,0,0,0,0,0,0,0,0,0,0,67.0,64.6,7.08,33.7,1,33.7,1,4040,6,4033,16,30.0,7.0,77.0,366,5027,7570,21,293.5,0,0,0,0,0,0,0,0,0,0,0,0,0,0,0,0,0,0,0,0,0,0,0,0,0,0,0,0,0,0,0,0,0,0,0,0,0,0,0,0,0,0,0,0,0,0,0,0,0,0,0,0,0,0,0,0,0,0,0,0,0,0,0,0,0,0,0,0,0,0,0,0,0,0,0,0,0,0,0,0,0,33.8,33.8,34.0,29.9,33.7,33.7,4034,4037,4037,4038,4035,4040,4039,4039,4039,4039,4037,4038,4039,4038,4038,4033,0,0,0,0,0,0,0,0,0,0,0,0,0,0,0,0,195,44,945,3273,1,7107,66.4,4039,2019-05-08 11:59:08 700,76d91f5c02f22124,100922aeba0f
0027255255255255,1,1,0,1,0,0,0,0,0,0,0,0,0,0,0,0,76.0,65.64,7.09,34.9,1,34.9,1,4105,6,4098,16,30.0,7.0,77.0,366,5734,7569,15,334.8,0,0,0,0,0,0,0,0,0,0,0,0,0,0,0,0,0,0,0,0,0,0,0,0,0,0,0,0,0,0,0,0,0,0,0,0,0,0,0,0,0,0,0,0,0,0,0,0,0,0,0,0,0,0,0,0,0,0,0,0,0,0,0,0,0,0,0,0,0,0,0,0,0,0,0,0,0,0,0,0,0,35.3,35.3,35.1,31.0,34.9,34.9,4099,4102,4102,4102,4100,4105,4104,4105,4105,4105,4102,4103,4104,4104,4103,4098,0,0,0,0,0,0,0,0,0,0,0,0,0,0,0,0,197,58,929,3273,1,7111,66.4,4104,2019-05-08 12:05:08 719,76d91f5c02f22124,100922aeba0f
0027255255255255,1,1,0,1,0,0,0,0,0,0,0,0,0,0,0,0,85.0,66.2,5.11,35.8,1,35.8,1,4140,6,4131,16,30.0,6.61,77.0,366,6391,7568,13,373.2,0,0,0,0,0,0,0,0,0,0,0,0,0,0,0,0,0,0,0,0,0,0,0,0,0,0,0,0,0,0,0,0,0,0,0,0,0,0,0,0,0,0,0,0,0,0,0,0,0,0,0,0,0,0,0,0,0,0,0,0,0,0,0,0,0,0,0,0,0,0,0,0,0,0,0,0,0,0,0,0,0,36.1,36.1,36.0,31.7,35.8,35.8,4135,4137,4138,4136,4135,4140,4138,4140,4139,4139,4139,4139,4140,4140,4139,4131,0,0,0,0,0,0,0,0,0,0,0,0,0,0,0,0,197,44,937,3271,2,5156,66.4,4137,2019-05-08 12:11:08 875,76d91f5c02f22124,100922aeba0f
0027255255255255,1,1,0,1,0,0,0,0,0,0,0,0,0,0,0,0,90.0,66.33,3.18,36.1,1,36.1,1,4149,13,4141,16,30.0,3.78,77.0,366,6798,7567,14,397.0,0,0,0,0,0,0,0,0,0,0,0,0,0,0,0,0,0,0,0,0,0,0,0,0,0,0,0,0,0,0,0,0,0,0,0,0,0,0,0,0,0,0,0,0,0,0,0,0,0,0,0,0,0,0,0,0,0,0,0,0,0,0,0,0,0,0,0,0,0,0,0,0,0,0,0,0,0,0,0,0,0,36.1,36.1,36.3,32.0,36.1,36.1,4143,4145,4145,4144,4144,4148,4146,4148,4146,4147,4147,4148,4149,4148,4146,4141,0,0,0,0,0,0,0,0,0,0,0,0,0,0,0,0,199,46,943,3272,2,3213,66.4,4143,2019-05-08 12:17:08 943,76d91f5c02f22124,100922aeba0f
0027255255255255,1,1,0,1,0,0,0,0,0,0,0,0,0,0,0,0,96.0,66.35,1.05,35.8,1,35.8,1,4150,13,4142,16,30.0,1.1,77.0,366,7188,7566,21,419.7,0,0,0,0,0,0,0,0,0,0,0,0,0,0,0,0,0,0,0,0,0,0,0,0,0,0,0,0,0,0,0,0,0,0,0,0,0,0,0,0,0,0,0,0,0,0,0,0,0,0,0,0,0,0,0,0,0,0,0,0,0,0,0,0,0,0,0,0,0,0,0,0,0,0,0,0,0,0,0,0,0,35.9,35.9,36.1,32.2,35.8,35.8,4144,4146,4146,4146,4145,4149,4147,4149,4144,4149,4148,4149,4150,4149,4148,4142,0,0,0,0,0,0,0,0,0,0,0,0,0,0,0,0,197,39,931,3272,2,1066,66.4,4140,2019-05-08 12:29:09 030,76d91f5c02f22124,100922aeba0f
0027255255255255,1,1,0,1,0,0,0,0,0,0,0,0,0,0,0,0,97.0,66.24,-0.03,35.6,1,35.6,1,4143,6,4134,16,30.0,1.17,77.0,366,7272,7566,44,424.6,0,0,0,0,0,0,0,0,0,0,0,0,0,0,0,0,0,0,0,0,0,0,0,0,0,0,0,0,0,0,0,0,0,0,0,0,0,0,0,0,0,0,0,0,0,0,0,0,0,0,0,0,0,0,0,0,0,0,0,0,0,0,0,0,0,0,0,0,0,0,0,0,0,0,0,0,0,0,0,0,0,35.7,35.7,35.9,32.1,35.6,35.6,4137,4139,4140,4139,4139,4143,4140,4142,4137,4142,4141,4143,4143,4143,4141,4134,0,0,0,0,0,0,0,0,0,0,0,0,0,0,0,0,203,48,941,3270,2,65526,66.4,4134,2019-05-08 12:35:09 113,76d91f5c02f22124,100922aeba0f
0027255255255255,0,0,0,1,0,0,0,0,0,0,0,0,0,0,1,0,100.0,66.18,0.0,35.4,1,35.3,2,4140,13,4132,16,30.0,0.0,77.0,366,7876,7876,0,459.9,0,0,0,0,0,0,0,0,0,0,0,0,0,0,0,0,0,0,0,0,0,0,0,0,0,0,0,0,0,0,0,0,0,0,0,0,0,0,0,0,0,0,0,0,0,0,0,0,0,0,0,0,0,0,0,0,0,0,0,0,0,0,0,0,0,0,0,0,0,0,0,0,0,0,0,0,0,0,0,0,0,35.6,35.6,35.6,32.1,35.4,35.3,4133,4136,4137,4135,4136,4139,4136,4138,4134,4138,4138,4139,4140,4139,4137,4132,0,0,0,0,0,0,0,0,0,0,0,0,0,0,0,0,197,46,933,3271,2,0,66.4,4129,2019-05-08 12:41:09 171,76d91f5c02f22124,100922aeba0f
0027255255255255,1,0,0,1,0,0,0,0,0,0,0,0,0,0,0,0,29.0,58.37,0.49,28.2,1,28.2,1,3657,16,3645,9,8.45,7.0,78.0,366,2010,7010,612,117.3,0,0,0,0,0,0,0,0,0,0,0,0,0,0,0,0,0,0,0,0,0,0,0,0,0,0,0,0,0,0,0,0,0,0,0,0,0,0,0,0,0,0,0,0,0,0,0,0,0,0,0,0,0,0,0,0,0,0,0,0,0,0,0,0,0,0,0,0,0,0,0,0,0,0,0,0,0,0,0,0,0,28.3,28.3,28.9,29.3,28.2,28.2,3646,3647,3647,3646,3647,3647,3649,3649,3645,3648,3651,3652,3652,3649,3647,3657,0,0,0,0,0,0,0,0,0,0,0,0,0,0,0,0,138,41,947,3278,1,485,66.4,3643,2019-05-08 17:43:13 088,55e7925b08f8c924,100922aeba0f
0027255255255255,1,1,0,1,0,0,0,0,0,0,0,0,0,0,0,0,55.0,61.54,3.51,33.0,1,32.9,2,3848,6,3843,1,10.16,7.0,78.0,366,3793,7003,54,221.5,0,0,0,0,0,0,0,0,0,0,0,0,0,0,0,0,0,0,0,0,0,0,0,0,0,0,0,0,0,0,0,0,0,0,0,0,0,0,0,0,0,0,0,0,0,0,0,0,0,0,0,0,0,0,0,0,0,0,0,0,0,0,0,0,0,0,0,0,0,0,0,0,0,0,0,0,0,0,0,0,0,33.1,33.1,33.4,31.5,33.0,32.9,3843,3845,3846,3845,3843,3848,3848,3848,3846,3848,3847,3847,3848,3847,3846,3846,0,0,0,0,0,0,0,0,0,0,0,0,0,0,0,0,148,21,943,3276,1,3520,66.4,3843,2019-05-08 18:01:13 257,55e7925b08f8c924,100922aeba0f
0027255255255255,1,1,0,1,0,0,0,0,0,0,0,0,0,0,0,0,60.0,62.1,3.51,33.6,1,33.5,2,3884,6,3878,1,13.33,7.0,78.0,366,4143,7002,48,241.9,0,0,0,0,0,0,0,0,0,0,0,0,0,0,0,0,0,0,0,0,0,0,0,0,0,0,0,0,0,0,0,0,0,0,0,0,0,0,0,0,0,0,0,0,0,0,0,0,0,0,0,0,0,0,0,0,0,0,0,0,0,0,0,0,0,0,0,0,0,0,0,0,0,0,0,0,0,0,0,0,0,33.7,33.7,33.9,31.8,33.6,33.5,3878,3880,3881,3881,3879,3884,3883,3884,3882,3884,3882,3883,3883,3882,3881,3880,0,0,0,0,0,0,0,0,0,0,0,0,0,0,0,0,152,21,941,3275,1,3520,66.4,3878,2019-05-08 18:07:13 311,55e7925b08f8c924,100922aeba0f
0027255255255255,1,1,0,1,0,0,0,0,0,0,0,0,0,0,0,0,65.0,62.69,3.51,34.2,1,34.0,2,3921,8,3915,1,21.57,7.0,78.0,366,4491,7000,42,262.2,0,0,0,0,0,0,0,0,0,0,0,0,0,0,0,0,0,0,0,0,0,0,0,0,0,0,0,0,0,0,0,0,0,0,0,0,0,0,0,0,0,0,0,0,0,0,0,0,0,0,0,0,0,0,0,0,0,0,0,0,0,0,0,0,0,0,0,0,0,0,0,0,0,0,0,0,0,0,0,0,0,34.3,34.3,34.4,32.1,34.2,34.0,3915,3917,3917,3917,3916,3920,3920,3921,3919,3921,3919,3920,3920,3919,3918,3916,0,0,0,0,0,0,0,0,0,0,0,0,0,0,0,0,146,33,935,3272,2,3520,66.4,3915,2019-05-08 18:13:13 392,55e7925b08f8c924,100922aeba0f
0027255255255255,1,1,0,1,0,0,0,0,0,0,0,0,0,0,0,0,71.0,64.02,7.05,34.7,1,34.6,2,4003,6,3997,16,30.0,7.0,78.0,366,4917,6999,17,287.1,0,0,0,0,0,0,0,0,0,0,0,0,0,0,0,0,0,0,0,0,0,0,0,0,0,0,0,0,0,0,0,0,0,0,0,0,0,0,0,0,0,0,0,0,0,0,0,0,0,0,0,0,0,0,0,0,0,0,0,0,0,0,0,0,0,0,0,0,0,0,0,0,0,0,0,0,0,0,0,0,0,35.4,35.4,34.9,32.5,34.7,34.6,3998,4000,4001,4001,3999,4003,4003,4003,4003,4003,4002,4003,4003,4003,4002,3997,0,0,0,0,0,0,0,0,0,0,0,0,0,0,0,0,148,27,943,3273,1,7065,66.4,4003,2019-05-08 18:19:13 453,55e7925b08f8c924,100922aeba0f
0027255255255255,1,1,0,1,0,0,0,0,0,0,0,0,0,0,0,0,81.0,65.06,7.05,35.7,1,35.6,2,4069,6,4061,16,30.0,7.0,78.0,366,5618,6996,11,328.0,0,0,0,0,0,0,0,0,0,0,0,0,0,0,0,0,0,0,0,0,0,0,0,0,0,0,0,0,0,0,0,0,0,0,0,0,0,0,0,0,0,0,0,0,0,0,0,0,0,0,0,0,0,0,0,0,0,0,0,0,0,0,0,0,0,0,0,0,0,0,0,0,0,0,0,0,0,0,0,0,0,37.0,37.0,35.9,33.3,35.7,35.6,4062,4066,4066,4066,4065,4069,4068,4069,4069,4069,4067,4068,4068,4068,4067,4061,0,0,0,0,0,0,0,0,0,0,0,0,0,0,0,0,158,29,929,3273,2,7069,66.4,4068,2019-05-08 18:25:13 512,55e7925b08f8c924,100922aeba0f
0027255255255255,1,1,0,1,0,0,0,0,0,0,0,0,0,0,0,0,90.0,65.59,5.03,36.4,1,36.3,2,4102,13,4094,16,30.0,5.0,78.0,366,6229,6993,9,363.7,0,0,0,0,0,0,0,0,0,0,0,0,0,0,0,0,0,0,0,0,0,0,0,0,0,0,0,0,0,0,0,0,0,0,0,0,0,0,0,0,0,0,0,0,0,0,0,0,0,0,0,0,0,0,0,0,0,0,0,0,0,0,0,0,0,0,0,0,0,0,0,0,0,0,0,0,0,0,0,0,0,37.4,37.4,36.6,33.8,36.4,36.3,4096,4099,4099,4098,4097,4101,4100,4101,4100,4101,4100,4101,4102,4102,4100,4094,0,0,0,0,0,0,0,0,0,0,0,0,0,0,0,0,150,23,929,3272,2,5043,66.4,4098,2019-05-08 18:31:13 727,55e7925b08f8c924,100922aeba0f
0027255255255255,1,1,0,1,0,0,0,0,0,0,0,0,0,0,0,0,97.0,66.21,4.38,36.8,1,36.7,2,4141,13,4133,16,30.0,5.0,78.0,366,6722,6991,3,392.5,0,0,0,0,0,0,0,0,0,0,0,0,0,0,0,0,0,0,0,0,0,0,0,0,0,0,0,0,0,0,0,0,0,0,0,0,0,0,0,0,0,0,0,0,0,0,0,0,0,0,0,0,0,0,0,0,0,0,0,0,0,0,0,0,0,0,0,0,0,0,0,0,0,0,0,0,0,0,0,0,0,37.8,37.8,37.0,34.1,36.8,36.7,4135,4137,4138,4137,4137,4140,4138,4140,4139,4140,4139,4140,4141,4140,4139,4133,0,0,0,0,0,0,0,0,0,0,0,0,0,0,0,0,156,21,927,3272,2,4403,66.4,4136,2019-05-08 18:37:13 682,55e7925b08f8c924,100922aeba0f
0027255255255255,1,1,0,1,0,0,0,0,0,0,0,0,0,0,0,0,99.0,66.34,2.76,36.9,1,36.8,2,4149,6,4141,16,30.0,3.36,78.0,366,7086,7158,1,413.8,0,0,0,0,0,0,0,0,0,0,0,0,0,0,0,0,0,0,0,0,0,0,0,0,0,0,0,0,0,0,0,0,0,0,0,0,0,0,0,0,0,0,0,0,0,0,0,0,0,0,0,0,0,0,0,0,0,0,0,0,0,0,0,0,0,0,0,0,0,0,0,0,0,0,0,0,0,0,0,0,0,37.6,37.6,37.1,34.1,36.9,36.8,4143,4146,4146,4146,4145,4149,4147,4149,4146,4148,4148,4149,4149,4149,4148,4141,0,0,0,0,0,0,0,0,0,0,0,0,0,0,0,0,160,13,939,3271,2,2749,66.4,4142,2019-05-08 18:43:13 728,55e7925b08f8c924,100922aeba0f
0027255255255255,1,1,0,1,0,0,0,0,0,0,0,0,0,0,0,0,99.0,66.35,1.49,36.8,1,36.7,2,4150,13,4142,16,30.0,1.63,78.0,366,7086,7158,2,413.8,0,0,0,0,0,0,0,0,0,0,0,0,0,0,0,0,0,0,0,0,0,0,0,0,0,0,0,0,0,0,0,0,0,0,0,0,0,0,0,0,0,0,0,0,0,0,0,0,0,0,0,0,0,0,0,0,0,0,0,0,0,0,0,0,0,0,0,0,0,0,0,0,0,0,0,0,0,0,0,0,0,37.3,37.3,37.0,34.1,36.8,36.7,4143,4146,4146,4146,4146,4149,4147,4149,4145,4149,4148,4149,4150,4150,4148,4142,0,0,0,0,0,0,0,0,0,0,0,0,0,0,0,0,158,15,927,3271,2,1502,66.4,4140,2019-05-08 18:49:13 786,55e7925b08f8c924,100922aeba0f
0027255255255255,1,1,0,1,0,0,0,0,0,0,0,0,0,0,0,0,99.0,66.35,0.54,36.4,1,36.3,2,4150,13,4142,16,30.0,0.51,78.0,366,7086,7158,8,413.8,0,0,0,0,0,0,0,0,0,0,0,0,0,0,0,0,0,0,0,0,0,0,0,0,0,0,0,0,0,0,0,0,0,0,0,0,0,0,0,0,0,0,0,0,0,0,0,0,0,0,0,0,0,0,0,0,0,0,0,0,0,0,0,0,0,0,0,0,0,0,0,0,0,0,0,0,0,0,0,0,0,37.0,37.0,36.7,33.9,36.4,36.3,4143,4146,4146,4146,4146,4149,4147,4148,4144,4149,4149,4149,4150,4150,4148,4142,0,0,0,0,0,0,0,0,0,0,0,0,0,0,0,0,152,9,933,3271,2,589,66.4,4140,2019-05-08 19:01:14 014,55e7925b08f8c924,100922aeba0f
0027255255255255,0,0,0,1,0,0,0,0,0,0,0,0,0,0,1,0,100.0,66.21,0.0,36.2,1,36.1,2,4141,6,4133,16,30.0,0.0,78.0,366,7824,7824,0,456.9,0,0,0,0,0,0,0,0,0,0,0,0,0,0,0,0,0,0,0,0,0,0,0,0,0,0,0,0,0,0,0,0,0,0,0,0,0,0,0,0,0,0,0,0,0,0,0,0,0,0,0,0,0,0,0,0,0,0,0,0,0,0,0,0,0,0,0,0,0,0,0,0,0,0,0,0,0,0,0,0,0,36.8,36.8,36.4,33.8,36.2,36.1,4135,4137,4138,4137,4137,4141,4138,4140,4135,4140,4140,4141,4141,4141,4139,4133,0,0,0,0,0,0,0,0,0,0,0,0,0,0,0,0,150,13,927,3271,2,0,66.4,4130,2019-05-08 19:07:14 012,55e7925b08f8c924,100922aeba0f
0027255255255255,0,0,0,1,0,0,0,0,0,0,0,0,0,0,1,0,100.0,66.16,0.0,35.7,1,35.6,2,4138,6,4131,16,30.0,0.0,78.0,366,7824,7824,0,456.9,0,0,0,0,0,0,0,0,0,0,0,0,0,0,0,0,0,0,0,0,0,0,0,0,0,0,0,0,0,0,0,0,0,0,0,0,0,0,0,0,0,0,0,0,0,0,0,0,0,0,0,0,0,0,0,0,0,0,0,0,0,0,0,0,0,0,0,0,0,0,0,0,0,0,0,0,0,0,0,0,0,36.4,36.4,36.0,33.4,35.7,35.6,4132,4134,4135,4135,4135,4138,4135,4136,4132,4137,4137,4138,4138,4138,4136,4131,0,0,0,0,0,0,0,0,0,0,0,0,0,0,0,0,154,9,937,3270,2,0,66.4,4127,2019-05-08 19:19:14 153,55e7925b08f8c924,100922aeba0f
0027255255255255,0,0,0,1,0,0,0,0,0,0,0,0,0,0,1,0,100.0,66.15,0.0,35.5,1,35.4,2,4138,13,4130,16,30.0,0.0,78.0,366,7807,7807,0,455.9,0,0,0,0,0,0,0,0,0,0,0,0,0,0,0,0,0,0,0,0,0,0,0,0,0,0,0,0,0,0,0,0,0,0,0,0,0,0,0,0,0,0,0,0,0,0,0,0,0,0,0,0,0,0,0,0,0,0,0,0,0,0,0,0,0,0,0,0,0,0,0,0,0,0,0,0,0,0,0,0,0,36.3,36.3,35.8,33.3,35.5,35.4,4131,4134,4134,4134,4134,4137,4134,4135,4131,4136,4136,4137,4138,4137,4135,4130,0,0,0,0,0,0,0,0,0,0,0,0,0,0,0,0,162,15,941,3272,2,0,66.4,4126,2019-05-08 19:25:14 276,55e7925b08f8c924,100922aeba0f
0027255255255255,0,0,0,1,0,0,0,0,0,0,0,0,0,0,1,0,100.0,66.14,0.0,35.3,1,35.2,2,4137,6,4130,1,30.0,0.0,78.0,366,7793,7794,0,455.1,0,0,0,0,0,0,0,0,0,0,0,0,0,0,0,0,0,0,0,0,0,0,0,0,0,0,0,0,0,0,0,0,0,0,0,0,0,0,0,0,0,0,0,0,0,0,0,0,0,0,0,0,0,0,0,0,0,0,0,0,0,0,0,0,0,0,0,0,0,0,0,0,0,0,0,0,0,0,0,0,0,36.0,36.0,35.6,33.2,35.3,35.2,4130,4132,4134,4133,4133,4137,4134,4135,4131,4136,4135,4137,4137,4137,4134,4131,0,0,0,0,0,0,0,0,0,0,0,0,0,0,0,0,148,7,937,3272,2,0,66.4,4125,2019-05-08 19:31:14 312,55e7925b08f8c924,100922aeba0f
0027255255255255,0,0,0,1,0,0,0,0,0,0,0,0,0,0,1,0,100.0,66.13,0.0,35.1,1,35.0,2,4137,13,4129,1,30.0,0.0,78.0,366,7789,7794,0,454.8,0,0,0,0,0,0,0,0,0,0,0,0,0,0,0,0,0,0,0,0,0,0,0,0,0,0,0,0,0,0,0,0,0,0,0,0,0,0,0,0,0,0,0,0,0,0,0,0,0,0,0,0,0,0,0,0,0,0,0,0,0,0,0,0,0,0,0,0,0,0,0,0,0,0,0,0,0,0,0,0,0,35.7,35.7,35.4,33.0,35.1,35.0,4129,4132,4133,4132,4133,4136,4133,4134,4130,4135,4135,4136,4137,4137,4134,4129,0,0,0,0,0,0,0,0,0,0,0,0,0,0,0,0,156,11,929,3271,2,0,66.4,4125,2019-05-08 19:37:14 383,55e7925b08f8c924,100922aeba0f
00031255255255255,1,1,0,1,0,0,0,0,0,0,0,0,0,0,0,0,99.0,66.35,0.96,37.0,2,36.8,1,4150,8,4137,16,30.0,0.98,84.0,407,8330,8415,5,486.4,0,0,0,0,0,0,0,0,0,0,0,0,0,0,0,0,0,0,0,0,0,0,0,0,0,0,0,0,0,0,0,0,0,0,0,0,0,0,0,0,0,0,0,0,0,0,0,0,0,0,0,0,0,0,0,0,0,0,0,0,0,0,0,0,0,0,0,0,0,0,0,0,0,0,0,0,0,0,0,0,0,38.2,38.2,37.0,33.7,36.8,37.0,4140,4149,4147,4149,4148,4145,4149,4150,4146,4149,4150,4150,4149,4150,4149,4137,0,0,0,0,0,0,0,0,0,0,0,0,0,0,0,0,125,65470,64468,3271,3,967,66.4,4145,2019-05-08 00:10:21 944,e031ae5b03623c24,100923886652
00031255255255255,1,1,0,1,0,0,0,0,0,0,0,0,0,0,0,0,66.0,62.58,7.09,35.8,2,35.4,1,3917,14,3898,16,30.0,7.0,84.0,407,5531,8409,24,323.0,0,0,0,0,0,0,0,0,0,0,0,0,0,0,0,0,0,0,0,0,0,0,0,0,0,0,0,0,0,0,0,0,0,0,0,0,0,0,0,0,0,0,0,0,0,0,0,0,0,0,0,0,0,0,0,0,0,0,0,0,0,0,0,0,0,0,0,0,0,0,0,0,0,0,0,0,0,0,0,0,0,37.2,37.2,35.8,33.7,35.4,35.8,3903,3915,3912,3912,3912,3911,3913,3912,3914,3913,3914,3910,3915,3917,3915,3898,0,0,0,0,0,0,0,0,0,0,0,0,0,0,0,0,117,65451,64460,3272,2,7112,66.4,3915,2019-05-08 02:00:26 261,43e6925b02cf4824,100923886652
00031255255255255,1,1,0,1,0,0,0,0,0,0,0,0,0,0,0,0,75.0,63.97,7.09,36.8,2,36.5,1,4001,2,3985,16,30.0,7.0,84.0,407,6235,8408,18,364.1,0,0,0,0,0,0,0,0,0,0,0,0,0,0,0,0,0,0,0,0,0,0,0,0,0,0,0,0,0,0,0,0,0,0,0,0,0,0,0,0,0,0,0,0,0,0,0,0,0,0,0,0,0,0,0,0,0,0,0,0,0,0,0,0,0,0,0,0,0,0,0,0,0,0,0,0,0,0,0,0,0,38.4,38.4,36.7,34.9,36.5,36.8,3990,4001,3999,4001,3999,3996,4000,3998,4001,3999,4001,3999,4001,4001,4001,3985,0,0,0,0,0,0,0,0,0,0,0,0,0,0,0,0,117,65456,64464,3271,2,7112,66.4,4002,2019-05-08 02:06:26 672,43e6925b02cf4824,100923886652
00031255255255255,1,1,0,1,0,0,0,0,0,0,0,0,0,0,0,0,83.0,65.06,7.09,37.5,2,37.3,1,4070,9,4051,16,30.0,7.0,84.0,407,6939,8407,12,405.2,0,0,0,0,0,0,0,0,0,0,0,0,0,0,0,0,0,0,0,0,0,0,0,0,0,0,0,0,0,0,0,0,0,0,0,0,0,0,0,0,0,0,0,0,0,0,0,0,0,0,0,0,0,0,0,0,0,0,0,0,0,0,0,0,0,0,0,0,0,0,0,0,0,0,0,0,0,0,0,0,0,39.4,39.4,37.4,35.8,37.3,37.5,4058,4069,4067,4068,4067,4065,4068,4067,4070,4068,4069,4068,4069,4069,4069,4051,0,0,0,0,0,0,0,0,0,0,0,0,0,0,0,0,121,65453,64462,3271,2,7108,66.4,4070,2019-05-08 02:12:26 432,43e6925b02cf4824,100923886652
00031255255255255,1,1,0,1,0,0,0,0,0,0,0,0,0,0,0,0,90.0,65.57,5.08,37.9,2,37.6,1,4101,2,4083,16,30.0,5.0,84.0,407,7506,8407,10,438.3,0,0,0,0,0,0,0,0,0,0,0,0,0,0,0,0,0,0,0,0,0,0,0,0,0,0,0,0,0,0,0,0,0,0,0,0,0,0,0,0,0,0,0,0,0,0,0,0,0,0,0,0,0,0,0,0,0,0,0,0,0,0,0,0,0,0,0,0,0,0,0,0,0,0,0,0,0,0,0,0,0,39.4,39.4,37.8,35.6,37.6,37.9,4091,4101,4098,4100,4099,4096,4100,4100,4100,4100,4100,4100,4100,4101,4101,4083,0,0,0,0,0,0,0,0,0,0,0,0,0,0,0,0,121,65456,64466,3269,2,5094,66.4,4100,2019-05-08 02:18:26 502,43e6925b02cf4824,100923886652
00031255255255255,1,1,0,1,0,0,0,0,0,0,0,0,0,0,0,0,95.0,65.96,3.6,37.9,2,37.7,1,4125,2,4109,16,30.0,5.0,84.0,407,7956,8406,7,464.6,0,0,0,0,0,0,0,0,0,0,0,0,0,0,0,0,0,0,0,0,0,0,0,0,0,0,0,0,0,0,0,0,0,0,0,0,0,0,0,0,0,0,0,0,0,0,0,0,0,0,0,0,0,0,0,0,0,0,0,0,0,0,0,0,0,0,0,0,0,0,0,0,0,0,0,0,0,0,0,0,0,39.3,39.3,37.9,35.3,37.7,37.9,4116,4125,4123,4125,4124,4120,4124,4124,4124,4124,4124,4124,4124,4125,4125,4109,0,0,0,0,0,0,0,0,0,0,0,0,0,0,0,0,126,65466,64466,3270,2,3616,66.4,4123,2019-05-08 02:24:26 572,43e6925b02cf4824,100923886652
00031255255255255,1,1,0,1,0,0,0,0,0,0,0,0,0,0,0,0,99.0,66.08,2.27,37.6,2,37.4,1,4133,8,4119,16,30.0,4.47,84.0,407,8242,8406,4,481.3,0,0,0,0,0,0,0,0,0,0,0,0,0,0,0,0,0,0,0,0,0,0,0,0,0,0,0,0,0,0,0,0,0,0,0,0,0,0,0,0,0,0,0,0,0,0,0,0,0,0,0,0,0,0,0,0,0,0,0,0,0,0,0,0,0,0,0,0,0,0,0,0,0,0,0,0,0,0,0,0,0,38.6,38.6,37.6,34.5,37.4,37.6,4124,4132,4130,4132,4131,4127,4131,4133,4130,4131,4133,4133,4132,4133,4132,4119,0,0,0,0,0,0,0,0,0,0,0,0,0,0,0,0,115,65447,64464,3271,2,2277,66.4,4130,2019-05-08 02:30:26 687,43e6925b02cf4824,100923886652
00031255255255255,1,1,0,1,0,0,0,0,0,0,0,0,0,0,0,0,99.0,66.21,0.95,36.7,2,36.5,1,4142,8,4126,16,30.0,2.25,84.0,407,8332,8417,5,486.5,0,0,0,0,0,0,0,0,0,0,0,0,0,0,0,0,0,0,0,0,0,0,0,0,0,0,0,0,0,0,0,0,0,0,0,0,0,0,0,0,0,0,0,0,0,0,0,0,0,0,0,0,0,0,0,0,0,0,0,0,0,0,0,0,0,0,0,0,0,0,0,0,0,0,0,0,0,0,0,0,0,37.1,37.1,36.7,33.2,36.5,36.7,4132,4140,4138,4141,4139,4136,4139,4142,4137,4139,4141,4142,4141,4141,4140,4126,0,0,0,0,0,0,0,0,0,0,0,0,0,0,0,0,125,65458,64464,3271,2,958,66.4,4136,2019-05-08 02:42:26 955,43e6925b02cf4824,100923886652
00031255255255255,1,1,0,1,0,0,0,0,0,0,0,0,0,0,0,0,99.0,66.24,0.63,36.2,2,36.0,1,4144,11,4126,16,30.0,1.73,84.0,407,8332,8417,8,486.5,0,0,0,0,0,0,0,0,0,0,0,0,0,0,0,0,0,0,0,0,0,0,0,0,0,0,0,0,0,0,0,0,0,0,0,0,0,0,0,0,0,0,0,0,0,0,0,0,0,0,0,0,0,0,0,0,0,0,0,0,0,0,0,0,0,0,0,0,0,0,0,0,0,0,0,0,0,0,0,0,0,36.7,36.7,36.2,32.8,36.0,36.2,4133,4142,4140,4142,4141,4137,4141,4143,4138,4141,4144,4144,4143,4144,4142,4126,0,0,0,0,0,0,0,0,0,0,0,0,0,0,0,0,121,65447,64468,3271,2,627,66.4,4138,2019-05-08 02:48:26 962,43e6925b02cf4824,100923886652
00031255255255255,0,0,0,1,0,0,0,0,0,0,0,0,0,0,1,0,100.0,66.16,0.0,35.8,2,35.6,1,4139,12,4126,16,30.0,0.0,84.0,407,8378,8378,0,489.2,0,0,0,0,0,0,0,0,0,0,0,0,0,0,0,0,0,0,0,0,0,0,0,0,0,0,0,0,0,0,0,0,0,0,0,0,0,0,0,0,0,0,0,0,0,0,0,0,0,0,0,0,0,0,0,0,0,0,0,0,0,0,0,0,0,0,0,0,0,0,0,0,0,0,0,0,0,0,0,0,0,36.2,36.2,35.8,32.5,35.6,35.8,4129,4137,4135,4138,4136,4132,4136,4138,4132,4136,4138,4139,4138,4138,4137,4126,0,0,0,0,0,0,0,0,0,0,0,0,0,0,0,0,123,65456,64464,3274,2,0,66.4,4133,2019-05-08 02:54:27 017,43e6925b02cf4824,100923886652
00031255255255255,1,0,0,1,0,0,0,0,0,0,0,0,0,0,0,0,22.0,57.23,0.42,25.5,1,25.4,2,3583,16,3572,1,12.2,7.0,84.0,408,1827,8371,934,106.6,0,0,0,0,0,0,0,0,0,0,0,0,0,0,0,0,0,0,0,0,0,0,0,0,0,0,0,0,0,0,0,0,0,0,0,0,0,0,0,0,0,0,0,0,0,0,0,0,0,0,0,0,0,0,0,0,0,0,0,0,0,0,0,0,0,0,0,0,0,0,0,0,0,0,0,0,0,0,0,0,0,26.1,26.1,25.8,27.1,25.5,25.4,3572,3580,3577,3581,3578,3576,3575,3574,3575,3575,3579,3578,3579,3579,3578,3583,0,0,0,0,0,0,0,0,0,0,0,0,0,0,0,0,95,65449,64468,3278,1,426,66.4,3576,2019-05-08 18:31:13 658,55e7925b08f8c924,100923886652
00031255255255255,1,1,0,1,0,0,0,0,0,0,0,0,0,0,0,0,30.0,59.79,7.04,26.7,1,26.5,2,3744,4,3727,1,28.34,7.0,84.0,408,2476,8374,50,144.5,0,0,0,0,0,0,0,0,0,0,0,0,0,0,0,0,0,0,0,0,0,0,0,0,0,0,0,0,0,0,0,0,0,0,0,0,0,0,0,0,0,0,0,0,0,0,0,0,0,0,0,0,0,0,0,0,0,0,0,0,0,0,0,0,0,0,0,0,0,0,0,0,0,0,0,0,0,0,0,0,0,28.4,28.4,26.9,31.2,26.7,26.5,3727,3741,3738,3744,3740,3733,3736,3730,3739,3733,3738,3737,3739,3740,3738,3737,0,0,0,0,0,0,0,0,0,0,0,0,0,0,0,0,97,65453,64472,3277,1,7057,66.4,3741,2019-05-08 18:37:13 657,55e7925b08f8c924,100923886652
00031255255255255,1,1,0,1,0,0,0,0,0,0,0,0,0,0,0,0,38.0,60.34,7.05,28.3,1,28.2,2,3777,4,3761,1,30.0,7.0,84.0,408,3177,8377,44,185.5,0,0,0,0,0,0,0,0,0,0,0,0,0,0,0,0,0,0,0,0,0,0,0,0,0,0,0,0,0,0,0,0,0,0,0,0,0,0,0,0,0,0,0,0,0,0,0,0,0,0,0,0,0,0,0,0,0,0,0,0,0,0,0,0,0,0,0,0,0,0,0,0,0,0,0,0,0,0,0,0,0,30.1,30.1,28.5,33.1,28.3,28.2,3761,3775,3772,3777,3774,3769,3771,3766,3773,3769,3773,3773,3774,3775,3773,3772,0,0,0,0,0,0,0,0,0,0,0,0,0,0,0,0,109,65451,64468,3277,1,7065,66.4,3775,2019-05-08 18:43:13 692,55e7925b08f8c924,100923886652
00031255255255255,1,1,0,1,0,0,0,0,0,0,0,0,0,0,0,0,47.0,61.09,7.05,30.2,1,30.0,2,3823,4,3808,1,30.0,7.0,84.0,408,3878,8381,38,226.4,0,0,0,0,0,0,0,0,0,0,0,0,0,0,0,0,0,0,0,0,0,0,0,0,0,0,0,0,0,0,0,0,0,0,0,0,0,0,0,0,0,0,0,0,0,0,0,0,0,0,0,0,0,0,0,0,0,0,0,0,0,0,0,0,0,0,0,0,0,0,0,0,0,0,0,0,0,0,0,0,0,31.7,31.7,30.3,34.7,30.2,30.0,3808,3821,3819,3823,3821,3816,3818,3815,3820,3816,3820,3820,3821,3822,3821,3815,0,0,0,0,0,0,0,0,0,0,0,0,0,0,0,0,99,65451,64468,3277,1,7065,66.4,3821,2019-05-08 18:49:13 786,55e7925b08f8c924,100923886652
00031255255255255,1,1,0,1,0,0,0,0,0,0,0,0,0,0,0,0,63.0,62.98,7.05,33.7,1,33.6,2,3940,4,3925,16,30.0,7.0,84.0,408,5279,8385,26,308.2,0,0,0,0,0,0,0,0,0,0,0,0,0,0,0,0,0,0,0,0,0,0,0,0,0,0,0,0,0,0,0,0,0,0,0,0,0,0,0,0,0,0,0,0,0,0,0,0,0,0,0,0,0,0,0,0,0,0,0,0,0,0,0,0,0,0,0,0,0,0,0,0,0,0,0,0,0,0,0,0,0,35.3,35.3,33.7,37.2,33.7,33.6,3926,3939,3937,3940,3939,3935,3937,3936,3939,3936,3939,3939,3939,3940,3939,3925,0,0,0,0,0,0,0,0,0,0,0,0,0,0,0,0,97,65458,64460,3274,2,7073,66.4,3939,2019-05-08 19:01:13 973,55e7925b08f8c924,100923886652
00031255255255255,1,1,0,1,0,0,0,0,0,0,0,0,0,0,0,0,72.0,63.98,7.05,35.1,1,35.1,1,4002,4,3986,16,30.0,7.0,84.0,408,5982,8387,20,349.3,0,0,0,0,0,0,0,0,0,0,0,0,0,0,0,0,0,0,0,0,0,0,0,0,0,0,0,0,0,0,0,0,0,0,0,0,0,0,0,0,0,0,0,0,0,0,0,0,0,0,0,0,0,0,0,0,0,0,0,0,0,0,0,0,0,0,0,0,0,0,0,0,0,0,0,0,0,0,0,0,0,36.9,36.9,35.1,38.4,35.1,35.1,3989,4001,4000,4002,4001,3998,4001,4000,4001,3999,4001,4001,4001,4002,4001,3986,0,0,0,0,0,0,0,0,0,0,0,0,0,0,0,0,111,65470,64460,3273,2,7078,66.4,4002,2019-05-08 19:07:13 997,55e7925b08f8c924,100923886652
00031255255255255,1,1,0,1,0,0,0,0,0,0,0,0,0,0,0,0,80.0,64.99,7.06,36.4,1,36.3,2,4066,9,4046,16,30.0,7.0,84.0,408,6682,8387,14,390.2,0,0,0,0,0,0,0,0,0,0,0,0,0,0,0,0,0,0,0,0,0,0,0,0,0,0,0,0,0,0,0,0,0,0,0,0,0,0,0,0,0,0,0,0,0,0,0,0,0,0,0,0,0,0,0,0,0,0,0,0,0,0,0,0,0,0,0,0,0,0,0,0,0,0,0,0,0,0,0,0,0,38.5,38.5,36.3,39.4,36.4,36.3,4052,4064,4063,4065,4064,4061,4065,4063,4066,4064,4065,4065,4065,4066,4065,4046,0,0,0,0,0,0,0,0,0,0,0,0,0,0,0,0,113,65462,64460,3272,2,7082,66.4,4065,2019-05-08 19:13:14 062,55e7925b08f8c924,100923886652
00031255255255255,1,1,0,1,0,0,0,0,0,0,0,0,0,0,0,0,88.0,65.54,5.02,37.3,1,37.2,2,4099,4,4081,16,30.0,5.0,84.0,408,7314,8388,12,427.0,0,0,0,0,0,0,0,0,0,0,0,0,0,0,0,0,0,0,0,0,0,0,0,0,0,0,0,0,0,0,0,0,0,0,0,0,0,0,0,0,0,0,0,0,0,0,0,0,0,0,0,0,0,0,0,0,0,0,0,0,0,0,0,0,0,0,0,0,0,0,0,0,0,0,0,0,0,0,0,0,0,39.3,39.3,37.1,39.3,37.3,37.2,4088,4098,4096,4099,4098,4094,4098,4098,4098,4098,4099,4099,4099,4099,4098,4081,0,0,0,0,0,0,0,0,0,0,0,0,0,0,0,0,111,65470,64466,3271,2,5026,66.4,4097,2019-05-08 19:19:14 152,55e7925b08f8c924,100923886652
00031255255255255,1,1,0,1,0,0,0,0,0,0,0,0,0,0,0,0,94.0,66.17,4.48,37.6,1,37.6,1,4139,4,4120,16,30.0,5.0,84.0,408,7806,8388,7,455.8,0,0,0,0,0,0,0,0,0,0,0,0,0,0,0,0,0,0,0,0,0,0,0,0,0,0,0,0,0,0,0,0,0,0,0,0,0,0,0,0,0,0,0,0,0,0,0,0,0,0,0,0,0,0,0,0,0,0,0,0,0,0,0,0,0,0,0,0,0,0,0,0,0,0,0,0,0,0,0,0,0,39.6,39.6,37.5,38.7,37.6,37.6,4128,4138,4136,4139,4138,4134,4138,4138,4138,4137,4139,4139,4139,4139,4138,4120,0,0,0,0,0,0,0,0,0,0,0,0,0,0,0,0,117,65464,64464,3270,2,4507,66.4,4136,2019-05-08 19:25:14 187,55e7925b08f8c924,100923886652
00031255255255255,1,1,0,1,0,0,0,0,0,0,0,0,0,0,0,0,98.0,66.34,2.87,37.7,1,37.7,1,4150,8,4132,16,30.0,3.37,84.0,408,8166,8389,4,476.8,0,0,0,0,0,0,0,0,0,0,0,0,0,0,0,0,0,0,0,0,0,0,0,0,0,0,0,0,0,0,0,0,0,0,0,0,0,0,0,0,0,0,0,0,0,0,0,0,0,0,0,0,0,0,0,0,0,0,0,0,0,0,0,0,0,0,0,0,0,0,0,0,0,0,0,0,0,0,0,0,0,39.6,39.6,37.6,37.8,37.7,37.7,4139,4148,4147,4149,4148,4144,4149,4150,4147,4148,4149,4150,4149,4150,4149,4132,0,0,0,0,0,0,0,0,0,0,0,0,0,0,0,0,117,65470,64458,3272,2,2879,66.4,4146,2019-05-08 19:31:14 267,55e7925b08f8c924,100923886652
00031255255255255,1,1,0,1,0,0,0,0,0,0,0,0,0,0,0,0,99.0,66.34,1.55,37.6,1,37.6,1,4150,8,4133,16,30.0,1.61,84.0,408,8305,8389,3,485.0,0,0,0,0,0,0,0,0,0,0,0,0,0,0,0,0,0,0,0,0,0,0,0,0,0,0,0,0,0,0,0,0,0,0,0,0,0,0,0,0,0,0,0,0,0,0,0,0,0,0,0,0,0,0,0,0,0,0,0,0,0,0,0,0,0,0,0,0,0,0,0,0,0,0,0,0,0,0,0,0,0,39.3,39.3,37.5,36.8,37.6,37.6,4139,4148,4147,4149,4147,4144,4148,4150,4146,4148,4149,4150,4149,4149,4149,4133,0,0,0,0,0,0,0,0,0,0,0,0,0,0,0,0,113,65470,64462,3271,2,1552,66.4,4144,2019-05-08 19:37:14 367,55e7925b08f8c924,100923886652
00031255255255255,1,1,0,1,0,0,0,0,0,0,0,0,0,0,0,0,99.0,66.34,0.53,37.1,1,37.1,1,4150,8,4133,16,30.0,0.61,84.0,408,8296,8380,9,484.4,0,0,0,0,0,0,0,0,0,0,0,0,0,0,0,0,0,0,0,0,0,0,0,0,0,0,0,0,0,0,0,0,0,0,0,0,0,0,0,0,0,0,0,0,0,0,0,0,0,0,0,0,0,0,0,0,0,0,0,0,0,0,0,0,0,0,0,0,0,0,0,0,0,0,0,0,0,0,0,0,0,38.8,38.8,37.1,35.4,37.1,37.1,4139,4148,4146,4149,4147,4144,4148,4150,4144,4148,4149,4150,4149,4149,4148,4133,0,0,0,0,0,0,0,0,0,0,0,0,0,0,0,0,109,65466,64462,3272,3,535,66.4,4143,2019-05-08 19:49:14 507,55e7925b08f8c924,100923886652
00031255255255255,0,0,0,1,0,0,0,0,0,0,0,0,0,0,1,0,100.0,66.2,0.0,36.8,1,36.8,1,4142,12,4126,16,30.0,0.0,84.0,408,8432,8432,0,492.4,0,0,0,0,0,0,0,0,0,0,0,0,0,0,0,0,0,0,0,0,0,0,0,0,0,0,0,0,0,0,0,0,0,0,0,0,0,0,0,0,0,0,0,0,0,0,0,0,0,0,0,0,0,0,0,0,0,0,0,0,0,0,0,0,0,0,0,0,0,0,0,0,0,0,0,0,0,0,0,0,0,38.5,38.5,36.8,35.0,36.8,36.8,4132,4140,4138,4141,4139,4136,4139,4141,4135,4139,4141,4142,4140,4141,4139,4126,0,0,0,0,0,0,0,0,0,0,0,0,0,0,0,0,121,65460,64460,3272,3,0,66.4,4135,2019-05-08 19:55:14 537,55e7925b08f8c924,100923886652
001141255255255255,1,1,0,1,0,0,0,0,0,0,0,0,0,0,0,0,23.0,59.76,7.02,22.6,2,22.4,1,3746,16,3722,1,3.3,7.0,82.0,371,1986,8676,57,115.9,0,0,0,0,0,0,0,0,0,0,0,0,0,0,0,0,0,0,0,0,0,0,0,0,0,0,0,0,0,0,0,0,0,0,0,0,0,0,0,0,0,0,0,0,0,0,0,0,0,0,0,0,0,0,0,0,0,0,0,0,0,0,0,0,0,0,0,0,0,0,0,0,0,0,0,0,0,0,0,0,0,24.1,24.1,22.8,23.4,22.4,22.6,3722,3732,3731,3734,3736,3735,3735,3737,3737,3733,3742,3739,3732,3737,3738,3746,0,0,0,0,0,0,0,0,0,0,0,0,0,0,0,0,65449,17,1121,3277,1,7083,66.4,3727,2019-05-08 07:43:22 051,55e7925b08f8c924,10092a17cc0b
001141255255255255,1,1,0,1,0,0,0,0,0,0,0,0,0,0,0,0,31.0,60.27,7.04,24.1,2,23.8,1,3776,16,3757,1,6.31,7.0,82.0,371,2688,8675,51,156.9,0,0,0,0,0,0,0,0,0,0,0,0,0,0,0,0,0,0,0,0,0,0,0,0,0,0,0,0,0,0,0,0,0,0,0,0,0,0,0,0,0,0,0,0,0,0,0,0,0,0,0,0,0,0,0,0,0,0,0,0,0,0,0,0,0,0,0,0,0,0,0,0,0,0,0,0,0,0,0,0,0,25.6,25.6,24.3,24.4,23.8,24.1,3757,3765,3764,3767,3767,3766,3767,3768,3769,3766,3772,3770,3765,3767,3769,3776,0,0,0,0,0,0,0,0,0,0,0,0,0,0,0,0,65451,19,1111,3276,1,7091,66.4,3762,2019-05-08 07:49:22 069,55e7925b08f8c924,10092a17cc0b
001141255255255255,1,1,0,1,0,0,0,0,0,0,0,0,0,0,0,0,40.0,60.89,7.03,25.9,2,25.5,1,3811,11,3797,1,12.48,7.0,82.0,371,3393,8674,45,198.1,0,0,0,0,0,0,0,0,0,0,0,0,0,0,0,0,0,0,0,0,0,0,0,0,0,0,0,0,0,0,0,0,0,0,0,0,0,0,0,0,0,0,0,0,0,0,0,0,0,0,0,0,0,0,0,0,0,0,0,0,0,0,0,0,0,0,0,0,0,0,0,0,0,0,0,0,0,0,0,0,0,27.0,27.0,26.0,25.4,25.5,25.9,3797,3804,3803,3806,3804,3804,3806,3808,3809,3804,3811,3809,3804,3807,3808,3810,0,0,0,0,0,0,0,0,0,0,0,0,0,0,0,0,65449,5,1121,3275,1,7104,66.4,3801,2019-05-08 07:55:22 101,55e7925b08f8c924,10092a17cc0b
001141255255255255,1,1,0,1,0,0,0,0,0,0,0,0,0,0,0,0,48.0,61.67,7.05,27.7,2,27.2,1,3858,9,3846,1,23.38,7.0,82.0,371,4096,8674,38,239.2,0,0,0,0,0,0,0,0,0,0,0,0,0,0,0,0,0,0,0,0,0,0,0,0,0,0,0,0,0,0,0,0,0,0,0,0,0,0,0,0,0,0,0,0,0,0,0,0,0,0,0,0,0,0,0,0,0,0,0,0,0,0,0,0,0,0,0,0,0,0,0,0,0,0,0,0,0,0,0,0,0,28.5,28.5,27.8,26.4,27.2,27.7,3846,3852,3851,3855,3852,3853,3856,3857,3858,3854,3858,3857,3853,3855,3857,3856,0,0,0,0,0,0,0,0,0,0,0,0,0,0,0,0,65453,9,1125,3274,1,7108,66.4,3850,2019-05-08 08:01:22 164,55e7925b08f8c924,10092a17cc0b
001141255255255255,1,1,0,1,0,0,0,0,0,0,0,0,0,0,0,0,56.0,62.57,7.05,29.4,2,28.8,1,3915,8,3904,1,20.89,7.0,82.0,371,4798,8674,32,280.2,0,0,0,0,0,0,0,0,0,0,0,0,0,0,0,0,0,0,0,0,0,0,0,0,0,0,0,0,0,0,0,0,0,0,0,0,0,0,0,0,0,0,0,0,0,0,0,0,0,0,0,0,0,0,0,0,0,0,0,0,0,0,0,0,0,0,0,0,0,0,0,0,0,0,0,0,0,0,0,0,0,30.1,30.1,29.5,27.5,28.8,29.4,3904,3909,3908,3912,3908,3909,3913,3915,3915,3912,3914,3914,3910,3912,3914,3909,0,0,0,0,0,0,0,0,0,0,0,0,0,0,0,0,65456,19,1128,3273,1,7116,66.4,3908,2019-05-08 08:07:22 215,55e7925b08f8c924,10092a17cc0b
001141255255255255,1,1,0,1,0,0,0,0,0,0,0,0,0,0,0,0,64.0,63.56,7.05,30.9,2,30.2,1,3977,9,3967,1,25.82,7.0,82.0,371,5504,8674,26,321.4,0,0,0,0,0,0,0,0,0,0,0,0,0,0,0,0,0,0,0,0,0,0,0,0,0,0,0,0,0,0,0,0,0,0,0,0,0,0,0,0,0,0,0,0,0,0,0,0,0,0,0,0,0,0,0,0,0,0,0,0,0,0,0,0,0,0,0,0,0,0,0,0,0,0,0,0,0,0,0,0,0,31.7,31.7,31.0,28.6,30.2,30.9,3967,3971,3970,3974,3969,3971,3975,3976,3977,3975,3976,3975,3972,3974,3976,3970,0,0,0,0,0,0,0,0,0,0,0,0,0,0,0,0,65456,17,1134,3273,1,7121,66.4,3972,2019-05-08 08:13:22 269,55e7925b08f8c924,10092a17cc0b
001141255255255255,1,1,0,1,0,0,0,0,0,0,0,0,0,0,0,0,72.0,64.56,7.05,32.3,2,31.4,1,4041,9,4030,1,30.0,7.0,82.0,371,6211,8674,20,362.7,0,0,0,0,0,0,0,0,0,0,0,0,0,0,0,0,0,0,0,0,0,0,0,0,0,0,0,0,0,0,0,0,0,0,0,0,0,0,0,0,0,0,0,0,0,0,0,0,0,0,0,0,0,0,0,0,0,0,0,0,0,0,0,0,0,0,0,0,0,0,0,0,0,0,0,0,0,0,0,0,0,33.3,33.3,32.3,29.6,31.4,32.3,4030,4034,4033,4036,4031,4033,4038,4039,4041,4038,4037,4037,4035,4035,4038,4031,0,0,0,0,0,0,0,0,0,0,0,0,0,0,0,0,65460,15,1138,3273,1,7121,66.4,4035,2019-05-08 08:19:22 362,55e7925b08f8c924,10092a17cc0b
001141255255255255,1,1,0,1,0,0,0,0,0,0,0,0,0,0,0,0,80.0,65.61,7.06,33.4,2,32.4,1,4107,9,4094,16,30.0,7.0,82.0,371,6916,8674,14,403.8,0,0,0,0,0,0,0,0,0,0,0,0,0,0,0,0,0,0,0,0,0,0,0,0,0,0,0,0,0,0,0,0,0,0,0,0,0,0,0,0,0,0,0,0,0,0,0,0,0,0,0,0,0,0,0,0,0,0,0,0,0,0,0,0,0,0,0,0,0,0,0,0,0,0,0,0,0,0,0,0,0,34.7,34.7,33.4,30.6,32.4,33.4,4096,4099,4098,4102,4096,4098,4103,4105,4107,4104,4103,4103,4101,4102,4104,4094,0,0,0,0,0,0,0,0,0,0,0,0,0,0,0,0,65451,27,1140,3271,1,7112,66.4,4100,2019-05-08 08:25:22 395,55e7925b08f8c924,10092a17cc0b
001141255255255255,1,1,0,1,0,0,0,0,0,0,0,0,0,0,0,0,87.0,66.06,4.87,34.2,2,33.2,1,4133,9,4123,16,30.0,5.0,82.0,371,7523,8674,14,439.3,0,0,0,0,0,0,0,0,0,0,0,0,0,0,0,0,0,0,0,0,0,0,0,0,0,0,0,0,0,0,0,0,0,0,0,0,0,0,0,0,0,0,0,0,0,0,0,0,0,0,0,0,0,0,0,0,0,0,0,0,0,0,0,0,0,0,0,0,0,0,0,0,0,0,0,0,0,0,0,0,0,35.4,35.4,34.2,31.2,33.2,34.2,4125,4127,4126,4130,4124,4126,4131,4132,4133,4132,4131,4130,4129,4129,4132,4123,0,0,0,0,0,0,0,0,0,0,0,0,0,0,0,0,65462,11,1132,3271,1,4910,66.4,4127,2019-05-08 08:31:22 479,55e7925b08f8c924,10092a17cc0b
001141255255255255,1,1,0,1,0,0,0,0,0,0,0,0,0,0,0,0,92.0,66.2,3.08,34.4,2,33.3,1,4142,10,4133,5,30.0,4.38,82.0,371,7912,8674,14,462.0,0,0,0,0,0,0,0,0,0,0,0,0,0,0,0,0,0,0,0,0,0,0,0,0,0,0,0,0,0,0,0,0,0,0,0,0,0,0,0,0,0,0,0,0,0,0,0,0,0,0,0,0,0,0,0,0,0,0,0,0,0,0,0,0,0,0,0,0,0,0,0,0,0,0,0,0,0,0,0,0,0,35.4,35.4,34.4,31.2,33.3,34.4,4135,4136,4135,4139,4133,4135,4140,4141,4141,4142,4139,4139,4138,4138,4140,4134,0,0,0,0,0,0,0,0,0,0,0,0,0,0,0,0,65458,27,1140,3271,2,3106,66.4,4134,2019-05-08 08:37:22 660,55e7925b08f8c924,10092a17cc0b
001141255255255255,1,1,0,1,0,0,0,0,0,0,0,0,0,0,0,0,96.0,66.29,1.02,34.3,2,33.1,1,4149,10,4137,16,30.0,1.09,82.0,371,8316,8674,21,485.6,0,0,0,0,0,0,0,0,0,0,0,0,0,0,0,0,0,0,0,0,0,0,0,0,0,0,0,0,0,0,0,0,0,0,0,0,0,0,0,0,0,0,0,0,0,0,0,0,0,0,0,0,0,0,0,0,0,0,0,0,0,0,0,0,0,0,0,0,0,0,0,0,0,0,0,0,0,0,0,0,0,35.2,35.2,34.2,31.0,33.1,34.3,4141,4141,4141,4146,4138,4140,4146,4146,4146,4149,4145,4145,4145,4144,4146,4137,0,0,0,0,0,0,0,0,0,0,0,0,0,0,0,0,65464,31,1134,3270,2,1126,66.4,4139,2019-05-08 08:49:22 727,55e7925b08f8c924,10092a17cc0b
001141255255255255,1,1,0,1,0,0,0,0,0,0,0,0,0,0,0,0,97.0,66.32,0.83,34.0,2,32.9,1,4151,10,4139,16,30.0,0.8,82.0,371,8409,8674,19,491.0,0,0,0,0,0,0,0,0,0,0,0,0,0,0,0,0,0,0,0,0,0,0,0,0,0,0,0,0,0,0,0,0,0,0,0,0,0,0,0,0,0,0,0,0,0,0,0,0,0,0,0,0,0,0,0,0,0,0,0,0,0,0,0,0,0,0,0,0,0,0,0,0,0,0,0,0,0,0,0,0,0,35.1,35.1,34.0,30.9,32.9,34.0,4143,4143,4143,4147,4140,4143,4148,4148,4147,4151,4146,4147,4147,4146,4148,4139,0,0,0,0,0,0,0,0,0,0,0,0,0,0,0,0,65458,23,1130,3271,2,841,66.4,4139,2019-05-08 08:55:22 799,55e7925b08f8c924,10092a17cc0b
001141255255255255,0,0,0,1,0,0,0,0,0,0,0,0,0,0,1,0,100.0,66.13,0.0,33.4,2,32.3,1,4139,10,4128,5,30.0,0.0,82.0,371,8808,8808,0,514.3,0,0,0,0,0,0,0,0,0,0,0,0,0,0,0,0,0,0,0,0,0,0,0,0,0,0,0,0,0,0,0,0,0,0,0,0,0,0,0,0,0,0,0,0,0,0,0,0,0,0,0,0,0,0,0,0,0,0,0,0,0,0,0,0,0,0,0,0,0,0,0,0,0,0,0,0,0,0,0,0,0,34.5,34.5,33.4,30.4,32.3,33.4,4130,4131,4131,4135,4128,4130,4136,4135,4134,4139,4134,4135,4135,4134,4135,4128,0,0,0,0,0,0,0,0,0,0,0,0,0,0,0,0,65454,19,1136,3272,2,0,66.4,4126,2019-05-08 09:13:09 161,55e7925b08f8c924,10092a17cc0b
001141255255255255,1,1,0,1,0,0,0,0,0,0,0,0,0,0,0,0,47.0,60.42,7.08,27.5,2,26.8,1,3784,16,3768,1,24.03,7.0,84.0,372,4048,8656,39,236.2,0,0,0,0,0,0,0,0,0,0,0,0,0,0,0,0,0,0,0,0,0,0,0,0,0,0,0,0,0,0,0,0,0,0,0,0,0,0,0,0,0,0,0,0,0,0,0,0,0,0,0,0,0,0,0,0,0,0,0,0,0,0,0,0,0,0,0,0,0,0,0,0,0,0,0,0,0,0,0,0,0,28.9,28.9,27.4,27.3,26.8,27.5,3768,3775,3773,3777,3774,3774,3777,3777,3779,3776,3780,3779,3775,3778,3779,3784,0,0,0,0,0,0,0,0,0,0,0,0,0,0,0,0,65470,65453,64681,3276,1,7138,66.4,3773,2019-05-08 16:34:13 915,bde7925b08f8c924,10092a17cc0b
001141255255255255,1,1,0,1,0,0,0,0,0,0,0,0,0,0,0,0,64.0,62.54,7.08,31.0,2,30.2,1,3913,9,3901,1,24.8,7.0,84.0,372,5462,8658,27,318.9,0,0,0,0,0,0,0,0,0,0,0,0,0,0,0,0,0,0,0,0,0,0,0,0,0,0,0,0,0,0,0,0,0,0,0,0,0,0,0,0,0,0,0,0,0,0,0,0,0,0,0,0,0,0,0,0,0,0,0,0,0,0,0,0,0,0,0,0,0,0,0,0,0,0,0,0,0,0,0,0,0,32.3,32.3,30.9,29.3,30.2,31.0,3901,3906,3905,3909,3905,3907,3911,3912,3913,3911,3912,3913,3909,3911,3913,3908,0,0,0,0,0,0,0,0,0,0,0,0,0,0,0,0,65472,65460,64683,3274,1,7146,66.4,3905,2019-05-08 16:46:14 066,bde7925b08f8c924,10092a17cc0b
001141255255255255,1,1,0,1,0,0,0,0,0,0,0,0,0,0,0,0,72.0,63.58,7.08,32.5,2,31.5,1,3979,9,3967,1,30.0,7.0,84.0,372,6171,8659,21,360.3,0,0,0,0,0,0,0,0,0,0,0,0,0,0,0,0,0,0,0,0,0,0,0,0,0,0,0,0,0,0,0,0,0,0,0,0,0,0,0,0,0,0,0,0,0,0,0,0,0,0,0,0,0,0,0,0,0,0,0,0,0,0,0,0,0,0,0,0,0,0,0,0,0,0,0,0,0,0,0,0,0,33.9,33.9,32.3,30.2,31.5,32.5,3967,3972,3971,3975,3970,3971,3976,3977,3979,3976,3977,3977,3974,3976,3978,3972,0,0,0,0,0,0,0,0,0,0,0,0,0,0,0,0,65480,65478,64695,3274,1,7146,66.4,3971,2019-05-08 16:52:14 146,bde7925b08f8c924,10092a17cc0b
001141255255255255,1,1,0,1,0,0,0,0,0,0,0,0,0,0,0,0,80.0,64.61,7.08,33.6,2,32.5,1,4044,9,4032,1,30.0,7.0,84.0,372,6877,8661,15,401.6,0,0,0,0,0,0,0,0,0,0,0,0,0,0,0,0,0,0,0,0,0,0,0,0,0,0,0,0,0,0,0,0,0,0,0,0,0,0,0,0,0,0,0,0,0,0,0,0,0,0,0,0,0,0,0,0,0,0,0,0,0,0,0,0,0,0,0,0,0,0,0,0,0,0,0,0,0,0,0,0,0,35.3,35.3,33.4,31.0,32.5,33.6,4032,4037,4036,4039,4034,4036,4040,4042,4044,4041,4041,4041,4039,4039,4042,4033,0,0,0,0,0,0,0,0,0,0,0,0,0,0,0,0,65472,65476,64695,3273,1,7151,66.4,4036,2019-05-08 16:58:14 124,bde7925b08f8c924,10092a17cc0b
001141255255255255,1,1,0,1,0,0,0,0,0,0,0,0,0,0,0,0,93.0,65.94,5.06,34.8,2,33.5,1,4126,9,4116,16,30.0,5.0,84.0,372,8030,8662,7,468.9,0,0,0,0,0,0,0,0,0,0,0,0,0,0,0,0,0,0,0,0,0,0,0,0,0,0,0,0,0,0,0,0,0,0,0,0,0,0,0,0,0,0,0,0,0,0,0,0,0,0,0,0,0,0,0,0,0,0,0,0,0,0,0,0,0,0,0,0,0,0,0,0,0,0,0,0,0,0,0,0,0,36.3,36.3,34.6,31.6,33.5,34.8,4117,4120,4119,4123,4117,4118,4123,4125,4126,4125,4123,4123,4121,4122,4125,4116,0,0,0,0,0,0,0,0,0,0,0,0,0,0,0,0,65468,65472,64689,3271,1,5104,66.4,4119,2019-05-08 17:10:14 435,bde7925b08f8c924,10092a17cc0b
001141255255255255,1,1,0,1,0,0,0,0,0,0,0,0,0,0,0,0,99.0,66.32,2.01,35.0,2,33.6,1,4150,10,4140,5,30.0,2.04,84.0,372,8583,8670,2,501.2,0,0,0,0,0,0,0,0,0,0,0,0,0,0,0,0,0,0,0,0,0,0,0,0,0,0,0,0,0,0,0,0,0,0,0,0,0,0,0,0,0,0,0,0,0,0,0,0,0,0,0,0,0,0,0,0,0,0,0,0,0,0,0,0,0,0,0,0,0,0,0,0,0,0,0,0,0,0,0,0,0,36.2,36.2,34.8,31.6,33.6,35.0,4142,4143,4143,4147,4140,4141,4147,4148,4148,4150,4146,4146,4146,4145,4148,4140,0,0,0,0,0,0,0,0,0,0,0,0,0,0,0,0,65472,65470,64687,3272,2,2035,66.4,4140,2019-05-08 17:22:14 501,bde7925b08f8c924,10092a17cc0b
001181255255255255,1,1,0,1,0,0,0,0,0,0,0,0,0,0,0,0,33.0,58.31,1.8,25.8,2,25.7,1,3654,16,3640,15,22.01,7.0,88.0,175,2879,8763,196,168.0,0,0,0,0,0,0,0,0,0,0,0,0,0,0,0,0,0,0,0,0,0,0,0,0,0,0,0,0,0,0,0,0,0,0,0,0,0,0,0,0,0,0,0,0,0,0,0,0,0,0,0,0,0,0,0,0,0,0,0,0,0,0,0,0,0,0,0,0,0,0,0,0,0,0,0,0,0,0,0,0,0,26.1,26.1,25.9,27.5,25.7,25.8,3643,3645,3644,3641,3641,3645,3647,3646,3646,3647,3642,3644,3642,3645,3640,3654,0,0,0,0,0,0,0,0,0,0,0,0,0,0,0,0,224,65439,888,3283,1,1787,66.4,3648,2019-05-08 04:37:00 329,eba28c5a06f8c924,100933c80dd7
001181255255255255,1,1,0,1,0,0,0,0,0,0,0,0,0,0,0,0,35.0,58.54,1.81,25.9,2,25.7,1,3667,16,3655,15,23.04,7.0,88.0,175,3056,8763,189,178.4,0,0,0,0,0,0,0,0,0,0,0,0,0,0,0,0,0,0,0,0,0,0,0,0,0,0,0,0,0,0,0,0,0,0,0,0,0,0,0,0,0,0,0,0,0,0,0,0,0,0,0,0,0,0,0,0,0,0,0,0,0,0,0,0,0,0,0,0,0,0,0,0,0,0,0,0,0,0,0,0,0,26.2,26.2,25.9,27.1,25.7,25.9,3657,3659,3659,3656,3656,3660,3661,3661,3660,3662,3657,3658,3657,3660,3655,3667,0,0,0,0,0,0,0,0,0,0,0,0,0,0,0,0,222,65441,890,3282,1,1787,66.4,3662,2019-05-08 04:43:00 252,eba28c5a06f8c924,100933c80dd7
001181255255255255,1,1,0,1,0,0,0,0,0,0,0,0,0,0,0,0,37.0,58.7,1.8,26.1,2,25.9,1,3678,16,3665,4,24.14,7.0,88.0,175,3233,8763,184,188.8,0,0,0,0,0,0,0,0,0,0,0,0,0,0,0,0,0,0,0,0,0,0,0,0,0,0,0,0,0,0,0,0,0,0,0,0,0,0,0,0,0,0,0,0,0,0,0,0,0,0,0,0,0,0,0,0,0,0,0,0,0,0,0,0,0,0,0,0,0,0,0,0,0,0,0,0,0,0,0,0,0,26.4,26.4,26.1,27.0,25.9,26.1,3667,3669,3668,3665,3666,3670,3671,3670,3670,3672,3667,3668,3667,3670,3665,3678,0,0,0,0,0,0,0,0,0,0,0,0,0,0,0,0,216,65445,890,3281,1,1787,66.4,3672,2019-05-08 04:49:00 294,eba28c5a06f8c924,100933c80dd7
001181255255255255,1,1,0,1,0,0,0,0,0,0,0,0,0,0,0,0,39.0,58.83,1.8,26.3,2,26.2,1,3685,16,3674,1,24.4,7.0,88.0,175,3410,8763,178,199.1,0,0,0,0,0,0,0,0,0,0,0,0,0,0,0,0,0,0,0,0,0,0,0,0,0,0,0,0,0,0,0,0,0,0,0,0,0,0,0,0,0,0,0,0,0,0,0,0,0,0,0,0,0,0,0,0,0,0,0,0,0,0,0,0,0,0,0,0,0,0,0,0,0,0,0,0,0,0,0,0,0,26.5,26.5,26.3,27.0,26.2,26.3,3674,3677,3677,3674,3674,3679,3679,3679,3679,3680,3676,3676,3676,3678,3674,3685,0,0,0,0,0,0,0,0,0,0,0,0,0,0,0,0,230,65451,894,3281,1,1783,66.4,3680,2019-05-08 04:55:00 355,eba28c5a06f8c924,100933c80dd7
001181255255255255,1,1,0,1,0,0,0,0,0,0,0,0,0,0,0,0,41.0,58.97,1.81,26.5,2,26.4,1,3694,16,3682,4,25.65,7.0,88.0,175,3588,8763,171,209.4,0,0,0,0,0,0,0,0,0,0,0,0,0,0,0,0,0,0,0,0,0,0,0,0,0,0,0,0,0,0,0,0,0,0,0,0,0,0,0,0,0,0,0,0,0,0,0,0,0,0,0,0,0,0,0,0,0,0,0,0,0,0,0,0,0,0,0,0,0,0,0,0,0,0,0,0,0,0,0,0,0,26.8,26.8,26.5,27.0,26.4,26.5,3683,3686,3685,3682,3683,3687,3688,3687,3687,3689,3684,3685,3684,3687,3682,3694,0,0,0,0,0,0,0,0,0,0,0,0,0,0,0,0,212,65441,888,3283,1,1787,66.4,3689,2019-05-08 05:01:00 513,eba28c5a06f8c924,100933c80dd7
001181255255255255,1,1,0,1,0,0,0,0,0,0,0,0,0,0,0,0,43.0,59.11,1.81,26.8,2,26.7,1,3700,16,3691,4,27.04,7.0,88.0,175,3765,8763,165,219.8,0,0,0,0,0,0,0,0,0,0,0,0,0,0,0,0,0,0,0,0,0,0,0,0,0,0,0,0,0,0,0,0,0,0,0,0,0,0,0,0,0,0,0,0,0,0,0,0,0,0,0,0,0,0,0,0,0,0,0,0,0,0,0,0,0,0,0,0,0,0,0,0,0,0,0,0,0,0,0,0,0,27.0,27.0,26.7,27.1,26.7,26.8,3692,3695,3694,3691,3691,3696,3697,3696,3696,3698,3693,3694,3694,3696,3692,3700,0,0,0,0,0,0,0,0,0,0,0,0,0,0,0,0,224,65441,888,3281,1,1787,66.4,3698,2019-05-08 05:07:00 460,eba28c5a06f8c924,100933c80dd7
001181255255255255,1,1,0,1,0,0,0,0,0,0,0,0,0,0,0,0,48.0,59.44,1.81,27.2,2,27.1,1,3720,16,3712,4,30.0,7.0,88.0,175,4119,8763,153,240.5,0,0,0,0,0,0,0,0,0,0,0,0,0,0,0,0,0,0,0,0,0,0,0,0,0,0,0,0,0,0,0,0,0,0,0,0,0,0,0,0,0,0,0,0,0,0,0,0,0,0,0,0,0,0,0,0,0,0,0,0,0,0,0,0,0,0,0,0,0,0,0,0,0,0,0,0,0,0,0,0,0,27.4,27.4,27.2,27.2,27.1,27.2,3713,3715,3715,3712,3712,3717,3718,3717,3717,3719,3714,3715,3715,3717,3713,3720,0,0,0,0,0,0,0,0,0,0,0,0,0,0,0,0,224,65435,890,3281,1,1787,66.4,3719,2019-05-08 05:19:00 659,eba28c5a06f8c924,100933c80dd7
001181255255255255,1,1,0,1,0,0,0,0,0,0,0,0,0,0,0,0,50.0,59.65,1.8,27.5,2,27.4,1,3733,16,3725,4,30.0,7.0,88.0,175,4297,8763,148,250.9,0,0,0,0,0,0,0,0,0,0,0,0,0,0,0,0,0,0,0,0,0,0,0,0,0,0,0,0,0,0,0,0,0,0,0,0,0,0,0,0,0,0,0,0,0,0,0,0,0,0,0,0,0,0,0,0,0,0,0,0,0,0,0,0,0,0,0,0,0,0,0,0,0,0,0,0,0,0,0,0,0,27.6,27.6,27.4,27.3,27.4,27.5,3726,3728,3728,3725,3725,3729,3730,3729,3729,3731,3727,3728,3728,3730,3725,3733,0,0,0,0,0,0,0,0,0,0,0,0,0,0,0,0,222,65443,882,3282,1,1787,66.4,3731,2019-05-08 05:25:00 612,eba28c5a06f8c924,100933c80dd7
001181255255255255,1,1,0,1,0,0,0,0,0,0,0,0,0,0,0,0,51.0,59.84,1.8,27.7,2,27.6,1,3744,16,3737,4,30.0,7.0,88.0,175,4464,8763,143,260.6,0,0,0,0,0,0,0,0,0,0,0,0,0,0,0,0,0,0,0,0,0,0,0,0,0,0,0,0,0,0,0,0,0,0,0,0,0,0,0,0,0,0,0,0,0,0,0,0,0,0,0,0,0,0,0,0,0,0,0,0,0,0,0,0,0,0,0,0,0,0,0,0,0,0,0,0,0,0,0,0,0,27.8,27.8,27.6,27.4,27.6,27.7,3738,3741,3740,3737,3737,3742,3743,3742,3741,3743,3739,3740,3740,3743,3738,3744,0,0,0,0,0,0,0,0,0,0,0,0,0,0,0,0,218,65453,892,3283,1,1787,66.4,3743,2019-05-08 05:31:00 695,eba28c5a06f8c924,100933c80dd7
001181255255255255,1,1,0,1,0,0,0,0,0,0,0,0,0,0,0,0,58.0,60.61,1.81,28.3,2,28.2,1,3792,7,3785,4,30.0,7.0,88.0,175,5005,8763,124,292.2,0,0,0,0,0,0,0,0,0,0,0,0,0,0,0,0,0,0,0,0,0,0,0,0,0,0,0,0,0,0,0,0,0,0,0,0,0,0,0,0,0,0,0,0,0,0,0,0,0,0,0,0,0,0,0,0,0,0,0,0,0,0,0,0,0,0,0,0,0,0,0,0,0,0,0,0,0,0,0,0,0,28.3,28.3,28.2,27.6,28.2,28.3,3786,3789,3789,3785,3786,3791,3792,3791,3789,3792,3787,3788,3789,3791,3786,3787,0,0,0,0,0,0,0,0,0,0,0,0,0,0,0,0,226,65451,886,3282,2,1787,66.4,3792,2019-05-08 05:49:00 882,eba28c5a06f8c924,100933c80dd7
001181255255255255,1,1,0,1,0,0,0,0,0,0,0,0,0,0,0,0,60.0,60.91,1.81,28.4,1,28.4,1,3812,7,3803,4,30.0,7.0,88.0,175,5183,8763,118,302.6,0,0,0,0,0,0,0,0,0,0,0,0,0,0,0,0,0,0,0,0,0,0,0,0,0,0,0,0,0,0,0,0,0,0,0,0,0,0,0,0,0,0,0,0,0,0,0,0,0,0,0,0,0,0,0,0,0,0,0,0,0,0,0,0,0,0,0,0,0,0,0,0,0,0,0,0,0,0,0,0,0,28.5,28.5,28.3,27.7,28.4,28.4,3806,3808,3808,3803,3804,3809,3812,3809,3807,3811,3806,3806,3807,3809,3805,3804,0,0,0,0,0,0,0,0,0,0,0,0,0,0,0,0,222,65437,878,3279,2,1787,66.4,3811,2019-05-08 05:55:00 869,eba28c5a06f8c924,100933c80dd7
001181255255255255,1,1,0,1,0,0,0,0,0,0,0,0,0,0,0,0,62.0,61.25,1.82,28.6,2,28.5,1,3834,7,3824,4,30.0,7.0,88.0,175,5360,8763,112,313.0,0,0,0,0,0,0,0,0,0,0,0,0,0,0,0,0,0,0,0,0,0,0,0,0,0,0,0,0,0,0,0,0,0,0,0,0,0,0,0,0,0,0,0,0,0,0,0,0,0,0,0,0,0,0,0,0,0,0,0,0,0,0,0,0,0,0,0,0,0,0,0,0,0,0,0,0,0,0,0,0,0,28.6,28.6,28.5,27.7,28.5,28.6,3827,3829,3830,3824,3826,3830,3834,3830,3828,3832,3826,3827,3828,3830,3826,3824,0,0,0,0,0,0,0,0,0,0,0,0,0,0,0,0,220,65443,890,3280,2,1791,66.4,3832,2019-05-08 06:01:00 949,eba28c5a06f8c924,100933c80dd7
001181255255255255,1,1,0,1,0,0,0,0,0,0,0,0,0,0,0,0,64.0,61.61,1.82,28.7,2,28.6,1,3856,7,3846,4,30.0,7.0,88.0,175,5537,8763,106,323.3,0,0,0,0,0,0,0,0,0,0,0,0,0,0,0,0,0,0,0,0,0,0,0,0,0,0,0,0,0,0,0,0,0,0,0,0,0,0,0,0,0,0,0,0,0,0,0,0,0,0,0,0,0,0,0,0,0,0,0,0,0,0,0,0,0,0,0,0,0,0,0,0,0,0,0,0,0,0,0,0,0,28.7,28.7,28.6,27.8,28.6,28.7,3850,3852,3852,3846,3847,3853,3856,3854,3851,3854,3849,3848,3850,3853,3849,3849,0,0,0,0,0,0,0,0,0,0,0,0,0,0,0,0,232,65441,882,3280,1,1787,66.4,3855,2019-05-08 06:07:00 998,eba28c5a06f8c924,100933c80dd7
001181255255255255,1,1,0,1,0,0,0,0,0,0,0,0,0,0,0,0,70.0,62.48,1.82,28.7,2,28.6,1,3909,10,3901,4,30.0,7.0,88.0,175,6068,8763,88,354.3,0,0,0,0,0,0,0,0,0,0,0,0,0,0,0,0,0,0,0,0,0,0,0,0,0,0,0,0,0,0,0,0,0,0,0,0,0,0,0,0,0,0,0,0,0,0,0,0,0,0,0,0,0,0,0,0,0,0,0,0,0,0,0,0,0,0,0,0,0,0,0,0,0,0,0,0,0,0,0,0,0,28.8,28.8,28.6,27.8,28.6,28.7,3903,3906,3905,3901,3901,3907,3908,3908,3906,3909,3904,3904,3905,3907,3903,3906,0,0,0,0,0,0,0,0,0,0,0,0,0,0,0,0,224,65451,894,3280,2,1791,66.4,3909,2019-05-08 06:25:01 126,eba28c5a06f8c924,100933c80dd7
001181255255255255,1,1,0,1,0,0,0,0,0,0,0,0,0,0,0,0,72.0,62.73,1.81,28.7,2,28.6,1,3924,7,3917,5,30.0,7.0,88.0,175,6245,8763,83,364.7,0,0,0,0,0,0,0,0,0,0,0,0,0,0,0,0,0,0,0,0,0,0,0,0,0,0,0,0,0,0,0,0,0,0,0,0,0,0,0,0,0,0,0,0,0,0,0,0,0,0,0,0,0,0,0,0,0,0,0,0,0,0,0,0,0,0,0,0,0,0,0,0,0,0,0,0,0,0,0,0,0,28.8,28.8,28.6,27.8,28.6,28.7,3919,3921,3921,3918,3917,3922,3924,3924,3921,3924,3919,3919,3920,3923,3918,3923,0,0,0,0,0,0,0,0,0,0,0,0,0,0,0,0,220,65447,888,3280,2,1791,66.4,3924,2019-05-08 06:31:01 155,eba28c5a06f8c924,100933c80dd7
001181255255255255,1,1,0,1,0,0,0,0,0,0,0,0,0,0,0,0,74.0,62.98,1.81,28.7,2,28.6,1,3939,7,3933,4,30.0,7.0,88.0,175,6423,8763,77,375.1,0,0,0,0,0,0,0,0,0,0,0,0,0,0,0,0,0,0,0,0,0,0,0,0,0,0,0,0,0,0,0,0,0,0,0,0,0,0,0,0,0,0,0,0,0,0,0,0,0,0,0,0,0,0,0,0,0,0,0,0,0,0,0,0,0,0,0,0,0,0,0,0,0,0,0,0,0,0,0,0,0,28.8,28.8,28.6,27.7,28.6,28.7,3934,3937,3936,3933,3933,3938,3939,3939,3937,3939,3935,3935,3936,3938,3934,3937,0,0,0,0,0,0,0,0,0,0,0,0,0,0,0,0,224,65435,892,3280,2,1791,66.4,3940,2019-05-08 06:37:01 244,eba28c5a06f8c924,100933c80dd7
001181255255255255,1,1,0,1,0,0,0,0,0,0,0,0,0,0,0,0,76.0,63.21,1.81,28.6,2,28.5,1,3954,7,3948,4,30.0,7.0,88.0,175,6600,8763,71,385.4,0,0,0,0,0,0,0,0,0,0,0,0,0,0,0,0,0,0,0,0,0,0,0,0,0,0,0,0,0,0,0,0,0,0,0,0,0,0,0,0,0,0,0,0,0,0,0,0,0,0,0,0,0,0,0,0,0,0,0,0,0,0,0,0,0,0,0,0,0,0,0,0,0,0,0,0,0,0,0,0,0,28.7,28.7,28.5,27.7,28.5,28.6,3949,3952,3951,3948,3948,3953,3954,3954,3952,3954,3950,3950,3950,3953,3949,3951,0,0,0,0,0,0,0,0,0,0,0,0,0,0,0,0,214,65453,890,3280,2,1791,66.4,3955,2019-05-08 06:43:01 280,eba28c5a06f8c924,100933c80dd7
001181255255255255,1,1,0,1,0,0,0,0,0,0,0,0,0,0,0,0,78.0,63.46,1.82,28.6,2,28.5,1,3970,10,3963,4,30.0,7.0,88.0,175,6777,8763,65,395.7,0,0,0,0,0,0,0,0,0,0,0,0,0,0,0,0,0,0,0,0,0,0,0,0,0,0,0,0,0,0,0,0,0,0,0,0,0,0,0,0,0,0,0,0,0,0,0,0,0,0,0,0,0,0,0,0,0,0,0,0,0,0,0,0,0,0,0,0,0,0,0,0,0,0,0,0,0,0,0,0,0,28.7,28.7,28.5,27.7,28.5,28.6,3964,3967,3966,3963,3963,3968,3969,3969,3967,3970,3964,3965,3965,3968,3964,3968,0,0,0,0,0,0,0,0,0,0,0,0,0,0,0,0,218,65453,890,3281,1,1791,66.4,3969,2019-05-08 06:49:01 392,eba28c5a06f8c924,100933c80dd7
001181255255255255,1,1,0,1,0,0,0,0,0,0,0,0,0,0,0,0,80.0,63.7,1.81,28.6,2,28.4,1,3985,10,3978,4,30.0,7.0,88.0,175,6954,8763,59,406.1,0,0,0,0,0,0,0,0,0,0,0,0,0,0,0,0,0,0,0,0,0,0,0,0,0,0,0,0,0,0,0,0,0,0,0,0,0,0,0,0,0,0,0,0,0,0,0,0,0,0,0,0,0,0,0,0,0,0,0,0,0,0,0,0,0,0,0,0,0,0,0,0,0,0,0,0,0,0,0,0,0,28.6,28.6,28.4,27.6,28.4,28.6,3979,3982,3981,3978,3978,3983,3984,3984,3982,3985,3980,3980,3981,3984,3979,3982,0,0,0,0,0,0,0,0,0,0,0,0,0,0,0,0,224,65453,888,3279,1,1787,66.4,3985,2019-05-08 06:55:01 404,eba28c5a06f8c924,100933c80dd7
001181255255255255,1,1,0,1,0,0,0,0,0,0,0,0,0,0,0,0,84.0,64.2,1.81,28.5,2,28.4,1,4016,7,4010,4,30.0,7.0,88.0,175,7309,8763,48,426.8,0,0,0,0,0,0,0,0,0,0,0,0,0,0,0,0,0,0,0,0,0,0,0,0,0,0,0,0,0,0,0,0,0,0,0,0,0,0,0,0,0,0,0,0,0,0,0,0,0,0,0,0,0,0,0,0,0,0,0,0,0,0,0,0,0,0,0,0,0,0,0,0,0,0,0,0,0,0,0,0,0,28.6,28.6,28.4,27.6,28.4,28.5,4011,4013,4013,4010,4010,4014,4016,4016,4013,4016,4011,4011,4013,4015,4011,4015,0,0,0,0,0,0,0,0,0,0,0,0,0,0,0,0,224,65439,890,3282,1,1791,66.4,4016,2019-05-08 07:07:01 484,eba28c5a06f8c924,100933c80dd7
001181255255255255,1,1,0,1,0,0,0,0,0,0,0,0,0,0,0,0,86.0,64.46,1.81,28.5,2,28.3,1,4033,10,4026,4,30.0,5.0,88.0,175,7486,8763,42,437.1,0,0,0,0,0,0,0,0,0,0,0,0,0,0,0,0,0,0,0,0,0,0,0,0,0,0,0,0,0,0,0,0,0,0,0,0,0,0,0,0,0,0,0,0,0,0,0,0,0,0,0,0,0,0,0,0,0,0,0,0,0,0,0,0,0,0,0,0,0,0,0,0,0,0,0,0,0,0,0,0,0,28.6,28.6,28.3,27.6,28.3,28.5,4027,4030,4029,4026,4026,4031,4032,4032,4030,4033,4028,4028,4029,4032,4027,4029,0,0,0,0,0,0,0,0,0,0,0,0,0,0,0,0,226,65454,892,3281,2,1791,66.4,4032,2019-05-08 07:13:01 527,eba28c5a06f8c924,100933c80dd7
001181255255255255,1,1,0,1,0,0,0,0,0,0,0,0,0,0,0,0,88.0,64.73,1.81,28.4,2,28.3,1,4050,10,4042,5,30.0,5.0,88.0,175,7663,8763,36,447.5,0,0,0,0,0,0,0,0,0,0,0,0,0,0,0,0,0,0,0,0,0,0,0,0,0,0,0,0,0,0,0,0,0,0,0,0,0,0,0,0,0,0,0,0,0,0,0,0,0,0,0,0,0,0,0,0,0,0,0,0,0,0,0,0,0,0,0,0,0,0,0,0,0,0,0,0,0,0,0,0,0,28.5,28.5,28.3,27.6,28.3,28.4,4043,4046,4046,4043,4042,4047,4049,4049,4046,4050,4044,4045,4045,4048,4045,4046,0,0,0,0,0,0,0,0,0,0,0,0,0,0,0,0,232,65443,878,3280,2,1791,66.4,4049,2019-05-08 07:19:01 549,eba28c5a06f8c924,100933c80dd7
001181255255255255,1,1,0,1,0,0,0,0,0,0,0,0,0,0,0,0,92.0,65.24,1.82,28.4,2,28.2,1,4081,8,4074,5,30.0,5.0,88.0,175,8018,8763,24,468.1,0,0,0,0,0,0,0,0,0,0,0,0,0,0,0,0,0,0,0,0,0,0,0,0,0,0,0,0,0,0,0,0,0,0,0,0,0,0,0,0,0,0,0,0,0,0,0,0,0,0,0,0,0,0,0,0,0,0,0,0,0,0,0,0,0,0,0,0,0,0,0,0,0,0,0,0,0,0,0,0,0,28.5,28.5,28.3,27.5,28.2,28.4,4077,4078,4077,4075,4074,4078,4080,4081,4079,4081,4076,4076,4077,4080,4076,4080,0,0,0,0,0,0,0,0,0,0,0,0,0,0,0,0,214,65451,890,3280,2,1791,66.4,4081,2019-05-08 07:31:01 646,eba28c5a06f8c924,100933c80dd7
001181255255255255,1,1,0,1,0,0,0,0,0,0,0,0,0,0,0,0,94.0,65.48,1.81,28.4,2,28.2,1,4097,10,4090,4,30.0,5.0,88.0,175,8194,8763,18,478.5,0,0,0,0,0,0,0,0,0,0,0,0,0,0,0,0,0,0,0,0,0,0,0,0,0,0,0,0,0,0,0,0,0,0,0,0,0,0,0,0,0,0,0,0,0,0,0,0,0,0,0,0,0,0,0,0,0,0,0,0,0,0,0,0,0,0,0,0,0,0,0,0,0,0,0,0,0,0,0,0,0,28.5,28.5,28.3,27.5,28.2,28.4,4091,4094,4092,4090,4090,4094,4095,4096,4094,4097,4092,4092,4092,4095,4091,4094,0,0,0,0,0,0,0,0,0,0,0,0,0,0,0,0,224,65451,886,3280,2,1791,66.4,4096,2019-05-08 07:37:01 794,eba28c5a06f8c924,100933c80dd7
001181255255255255,1,1,0,1,0,0,0,0,0,0,0,0,0,0,0,0,96.0,65.73,1.81,28.4,2,28.2,1,4112,8,4105,5,30.0,5.0,88.0,175,8372,8763,12,488.9,0,0,0,0,0,0,0,0,0,0,0,0,0,0,0,0,0,0,0,0,0,0,0,0,0,0,0,0,0,0,0,0,0,0,0,0,0,0,0,0,0,0,0,0,0,0,0,0,0,0,0,0,0,0,0,0,0,0,0,0,0,0,0,0,0,0,0,0,0,0,0,0,0,0,0,0,0,0,0,0,0,28.5,28.5,28.3,27.6,28.2,28.4,4106,4109,4108,4106,4105,4110,4111,4112,4110,4112,4108,4108,4108,4111,4107,4108,0,0,0,0,0,0,0,0,0,0,0,0,0,0,0,0,226,65443,894,3281,1,1791,66.4,4112,2019-05-08 07:43:01 757,eba28c5a06f8c924,100933c80dd7
001181255255255255,1,1,0,1,0,0,0,0,0,0,0,0,0,0,0,0,98.0,66.01,1.81,28.4,2,28.2,1,4129,8,4122,5,30.0,4.41,88.0,175,8549,8763,7,499.2,0,0,0,0,0,0,0,0,0,0,0,0,0,0,0,0,0,0,0,0,0,0,0,0,0,0,0,0,0,0,0,0,0,0,0,0,0,0,0,0,0,0,0,0,0,0,0,0,0,0,0,0,0,0,0,0,0,0,0,0,0,0,0,0,0,0,0,0,0,0,0,0,0,0,0,0,0,0,0,0,0,28.5,28.5,28.3,27.5,28.2,28.4,4123,4126,4125,4123,4122,4127,4128,4129,4126,4129,4124,4124,4125,4129,4125,4126,0,0,0,0,0,0,0,0,0,0,0,0,0,0,0,0,226,65443,890,3280,2,1791,66.4,4129,2019-05-08 07:49:01 777,eba28c5a06f8c924,100933c80dd7
001181255255255255,1,1,0,1,0,0,0,0,0,0,0,0,0,0,0,0,99.0,66.16,1.4,28.4,2,28.2,1,4139,10,4132,4,30.0,3.0,88.0,175,8675,8763,3,506.6,0,0,0,0,0,0,0,0,0,0,0,0,0,0,0,0,0,0,0,0,0,0,0,0,0,0,0,0,0,0,0,0,0,0,0,0,0,0,0,0,0,0,0,0,0,0,0,0,0,0,0,0,0,0,0,0,0,0,0,0,0,0,0,0,0,0,0,0,0,0,0,0,0,0,0,0,0,0,0,0,0,28.5,28.5,28.3,27.5,28.2,28.4,4133,4136,4135,4132,4132,4137,4138,4138,4136,4139,4134,4134,4135,4138,4134,4134,0,0,0,0,0,0,0,0,0,0,0,0,0,0,0,0,220,65453,888,3279,2,1390,66.4,4138,2019-05-08 07:55:01 943,eba28c5a06f8c924,100933c80dd7
001181255255255255,1,1,0,1,0,0,0,0,0,0,0,0,0,0,0,0,99.0,66.24,0.7,28.3,2,28.1,1,4144,10,4137,5,30.0,1.8,88.0,175,8691,8779,7,507.5,0,0,0,0,0,0,0,0,0,0,0,0,0,0,0,0,0,0,0,0,0,0,0,0,0,0,0,0,0,0,0,0,0,0,0,0,0,0,0,0,0,0,0,0,0,0,0,0,0,0,0,0,0,0,0,0,0,0,0,0,0,0,0,0,0,0,0,0,0,0,0,0,0,0,0,0,0,0,0,0,0,28.4,28.4,28.2,27.2,28.1,28.3,4138,4141,4140,4138,4137,4142,4143,4143,4140,4144,4139,4139,4140,4143,4139,4139,0,0,0,0,0,0,0,0,0,0,0,0,0,0,0,0,222,65447,896,3280,2,699,66.4,4143,2019-05-08 08:07:01 954,eba28c5a06f8c924,100933c80dd7
001181255255255255,1,1,0,1,0,0,0,0,0,0,0,0,0,0,0,0,99.0,66.26,0.5,28.2,2,28.0,1,4145,8,4138,5,30.0,1.5,88.0,175,8691,8779,10,507.5,0,0,0,0,0,0,0,0,0,0,0,0,0,0,0,0,0,0,0,0,0,0,0,0,0,0,0,0,0,0,0,0,0,0,0,0,0,0,0,0,0,0,0,0,0,0,0,0,0,0,0,0,0,0,0,0,0,0,0,0,0,0,0,0,0,0,0,0,0,0,0,0,0,0,0,0,0,0,0,0,0,28.3,28.3,28.1,27.2,28.0,28.2,4140,4142,4141,4139,4138,4143,4144,4145,4141,4145,4141,4140,4142,4145,4140,4140,0,0,0,0,0,0,0,0,0,0,0,0,0,0,0,0,220,65447,892,3281,2,498,66.4,4144,2019-05-08 08:13:01 996,eba28c5a06f8c924,100933c80dd7
001181255255255255,0,0,0,1,0,0,0,0,0,0,0,0,0,0,1,0,100.0,66.1,0.0,28.1,2,27.9,1,4135,8,4129,1,30.0,0.0,88.0,175,8805,8805,0,514.2,0,0,0,0,0,0,0,0,0,0,0,0,0,0,0,0,0,0,0,0,0,0,0,0,0,0,0,0,0,0,0,0,0,0,0,0,0,0,0,0,0,0,0,0,0,0,0,0,0,0,0,0,0,0,0,0,0,0,0,0,0,0,0,0,0,0,0,0,0,0,0,0,0,0,0,0,0,0,0,0,0,28.2,28.2,28.0,27.0,27.9,28.1,4129,4132,4131,4129,4129,4134,4134,4135,4131,4135,4131,4131,4131,4134,4130,4130,0,0,0,0,0,0,0,0,0,0,0,0,0,0,0,0,220,65437,896,3280,3,0,66.4,4134,2019-05-08 08:19:02 210,eba28c5a06f8c924,100933c80dd7
001181255255255255,0,0,0,1,0,0,0,0,0,0,0,0,0,0,1,0,100.0,66.07,0.0,28.0,2,27.8,1,4133,8,4127,5,30.0,0.0,88.0,175,8805,8805,0,514.2,0,0,0,0,0,0,0,0,0,0,0,0,0,0,0,0,0,0,0,0,0,0,0,0,0,0,0,0,0,0,0,0,0,0,0,0,0,0,0,0,0,0,0,0,0,0,0,0,0,0,0,0,0,0,0,0,0,0,0,0,0,0,0,0,0,0,0,0,0,0,0,0,0,0,0,0,0,0,0,0,0,28.1,28.1,27.9,26.9,27.8,28.0,4128,4130,4129,4128,4127,4132,4132,4133,4129,4133,4129,4129,4129,4132,4128,4129,0,0,0,0,0,0,0,0,0,0,0,0,0,0,0,0,220,65441,896,3281,3,0,66.4,4132,2019-05-08 08:25:02 102,eba28c5a06f8c924,100933c80dd7
