0,30.561618,104.092454,6,88e5925b059ecd24,2,3,0,2019-05-06 14:28:41.705
0,500.0,500.0,12,99998c5a03623c24,2,5,0,2019-05-06 14:28:41.706
0,31.509039,120.297843,12,3d998c5a03623c24,2,0,0,2019-05-06 14:28:41.707
1,500.0,500.0,11,ebcaf35a06987424,2,2,0,2019-05-06 14:28:41.721
1,30.583744,104.195557,11,3d4aae5b04563e24,2,0,0,2019-05-06 14:28:41.780
0,500.0,500.0,12,b236935b08f8c924,2,4,1,2019-05-06 14:28:41.794
1,500.0,500.0,11,12e8925b059ecd24,2,5,0,2019-05-06 14:28:41.815
0,30.670932,103.989384,11,ff35935b03f22124,2,3,0,2019-05-06 14:28:41.870
1,500.0,500.0,10,bc9e8c5a03623c24,2,1,0,2019-05-06 14:28:41.896
1,500.0,500.0,11,2dcff35a03cf4824,2,2,0,2019-05-06 14:28:41.907
0,500.0,500.0,12,8cd81f5c06097f24,2,12,0,2019-05-06 14:28:41.918
0,25.07594,102.727004,12,5533935b06623c24,2,2,0,2019-05-06 14:28:41.924
0,26.579993,106.674978,6,5c48ae5b01097f24,2,5,0,2019-05-06 14:28:41.946
1,30.690498,104.042812,11,1534ae5b08987424,2,3,0,2019-05-06 14:28:41.951
1,500.0,500.0,11,c6caf35a03cf4824,2,3,0,2019-05-06 14:28:41.957
0,500.0,500.0,6,a54aae5b03623c24,2,1,0,2019-05-06 14:28:41.979
1,30.579684,114.282719,5,e544ae5b069ecd24,2,0,0,2019-05-06 14:28:41.980
0,30.594157,114.216377,12,92d91f5c02f22124,2,9,0,2019-05-06 14:28:41.995
0,500.0,500.0,12,7f9f8c5a05cf4824,2,6,0,2019-05-06 14:28:42.006
1,30.650168,104.180432,11,dde5925b08f8c924,2,1,0,2019-05-06 14:28:42.015
1,500.0,500.0,11,5e73b35a03a3b724,2,1,0,2019-05-06 14:28:42.028
0,500.0,500.0,6,5b49ae5b08987424,2,1,0,2019-05-06 14:28:42.033
4,500.0,500.0,8,688d8c5a03623c24,2,2,0,2019-05-06 14:28:42.063
0,30.558774,114.224204,13,2734ae5b04563e24,2,1,0,2019-05-06 14:28:42.069
1,500.0,500.0,11,59a38c5a06f8c924,2,1,0,2019-05-06 14:28:42.085
0,500.0,500.0,12,c6caf35a04097f24,2,0,0,2019-05-06 14:28:42.089
0,31.37001,121.446682,6,744bae5b01097f24,2,5,0,2019-05-06 14:28:42.103
1,30.635065,104.031131,11,7234ae5b08987424,2,2,0,2019-05-06 14:28:42.157
2,500.0,500.0,10,84e7925b03f22124,2,1,0,2019-05-06 14:28:42.164
3,30.645675,104.087839,9,70db1f5c08f8c924,2,0,0,2019-05-06 14:28:42.197
0,31.558907,120.341511,6,4e4bae5b01097f24,2,3,0,2019-05-06 14:28:42.199
0,38.907616,121.606863,12,f833ae5b08987424,2,0,3,2019-05-06 14:28:42.210
0,29.581268,103.763926,6,1f4bae5b03623c24,2,4,0,2019-05-06 14:28:42.248
0,500.0,500.0,12,99998c5a06f8c924,2,9,0,2019-05-06 14:28:42.277
0,500.0,500.0,12,448d8c5a03623c24,2,0,0,2019-05-06 14:28:42.283
0,500.0,500.0,12,c6e7925b08f8c924,2,8,0,2019-05-06 14:28:42.289
1,30.615176,104.159087,11,e031ae5b069ecd24,2,2,0,2019-05-06 14:28:42.300
0,30.544337,114.189972,12,f2e1925b06623c24,2,6,0,2019-05-06 14:28:42.305
0,24.981404,102.721271,12,d134ae5b04563e24,2,4,0,2019-05-06 14:28:42.442
0,31.489829,104.739292,6,6c4aae5b08987424,2,4,0,2019-05-06 14:28:42.465
0,500.0,500.0,12,86998c5a05cf4824,2,0,0,2019-05-06 14:28:42.478
0,26.059684,119.292238,12,c834ae5b08987424,2,12,0,2019-05-06 14:28:42.493
4,500.0,500.0,7,948b8c5a06f8c924,2,6,0,2019-05-06 14:28:42.493
0,500.0,500.0,12,f9cc875a03ee6c24,2,4,0,2019-05-06 14:28:42.509
1,500.0,500.0,11,52e8e35a05ee6c24,2,1,0,2019-05-06 14:28:42.540
0,30.469817,114.41023,12,dae6925b06623c24,2,4,0,2019-05-06 14:28:42.554
0,500.0,500.0,12,ece7925b06623c24,2,7,0,2019-05-06 14:28:42.584
0,32.006406,118.714431,12,97e8925b06623c24,2,8,0,2019-05-06 14:28:42.609
1,500.0,500.0,8,cf8d8c5a06f8c924,2,5,0,2019-05-06 14:28:42.614
0,31.370518,120.622284,12,56e6925b06623c24,2,8,0,2019-05-06 14:28:42.617
0,500.0,500.0,12,978d8c5a05cf4824,2,10,0,2019-05-06 14:28:42.635
0,500.0,500.0,12,f29d8c5a06f8c924,2,2,0,2019-05-06 14:28:42.654
1,30.671938,104.039885,11,52caf35a06987424,2,3,0,2019-05-06 14:28:42.658
1,500.0,500.0,11,01a08c5a03623c24,2,0,0,2019-05-06 14:28:42.690
1,22.498723,113.919555,11,46e2925b06623c24,2,0,10,2019-05-06 14:28:42.710
0,500.0,500.0,12,3fe8e35a04f22124,2,7,0,2019-05-06 14:28:42.716
0,500.0,500.0,12,9d8b8c5a03623c24,2,3,0,2019-05-06 14:28:42.730
1,500.0,500.0,11,a1e8925b059ecd24,2,10,0,2019-05-06 14:28:42.768
1,500.0,500.0,11,a0e7e35a05ee6c24,2,1,0,2019-05-06 14:28:42.792
0,500.0,500.0,12,1ee8e35a05ee6c24,2,6,0,2019-05-06 14:28:42.795
1,30.586225,114.353462,11,89e2925b06623c24,2,4,0,2019-05-06 14:28:42.837
1,500.0,500.0,12,7a36935b02cf4824,2,4,0,2019-05-06 14:28:42.840
1,30.608252,104.129718,11,3de5925b059ecd24,2,2,0,2019-05-06 14:28:42.869
1,500.0,500.0,11,b08b8c5a06f8c924,2,3,0,2019-05-06 14:28:42.876
2,25.068947,102.728764,10,69e6925b02cf4824,2,2,0,2019-05-06 14:28:42.890
2,500.0,500.0,10,7ae8925b03f22124,2,8,0,2019-05-06 14:28:42.957
0,500.0,500.0,12,4b73b35a04ba3124,2,0,0,2019-05-06 14:28:42.966
0,30.662821,104.112236,12,dc33ae5b03623c24,2,0,0,2019-05-06 14:28:42.979
2,30.616643,103.968949,10,7a66f35a03cf4824,2,3,0,2019-05-06 14:28:43.028
3,30.511025,104.063325,9,b0e1925b06623c24,2,3,0,2019-05-06 14:28:43.059
0,500.0,500.0,12,a936935b08f8c924,2,12,0,2019-05-06 14:28:43.081
