"{""bId"":""10172875edf4"",""collectTime"":1558952976542,""pId"":""b333935b08f8c924"",""partRunControlData"":""[00,80,00,00,00,00,00,00,00,00,00,00,00,00,00,00,00,00,00,00,00,00,00,00,00,00,00,00,00,00,00,00,00,00,00,00,00,00,19,05,27,18,19,08,00,00,00,00,00,00,00,00,00,00]"",""port"":1,""type"":4}",1558952974351
"{""bId"":""1016db634829"",""collectTime"":1558952996729,""pId"":""3ecef35a06987424"",""partRunControlData"":""[00,00,00,00,00,00,00,00,00,00,00,00,00,00,00,00,00,00,00,00,00,00,00,00,00,00,00,00,00,00,00,00,00,00,00,00,00,00,19,05,27,18,27,11,00,00,00,00,00,00,00,00,00,00]"",""port"":4,""type"":4}",1558952974992
"{""list"":[{""content"":""[E7,06,01,07,00,00,00,00,00,00,00,00,00,00,00,00,00,00,00,00,00,00,00,00,00,00,00,00,00,00,00,00,00,00,00,00,00,00,00,00,00,00,00,00,00,00,00,00,00,00,00,00,00,00,00,00,00,00,00,00,00,00,00,00,00,00,00,00,00,00,00,00,00,00,00,00,00,00,00,00,00,00,00,00,00,00,00,00,00,00,00,00,00,00,00,00,00,00,00,00,00,00,00,00,00,00,00,00,00,00,00,00,00,00,00,00,00,00,00,00,00,00,00,00,00,00,00,00,00,00,00,00,00,00,00,00,00,00,00]"",""time"":1558952978521}],""pId"":""60e6925b06623c24"",""type"":6}",1558952978418
"{""bId"":""10171bb5a78a"",""collectTime"":1558952981617,""pId"":""b333935b08f8c924"",""partReadOnlyData"":""[00,00,1E,AA,FF,FF,FF,FF,00,1B,03,48,14,4E,77,FB,02,FE,00,02,02,E9,00,01,0F,A5,00,07,0F,99,00,0F,0B,B8,04,1A,03,D4,00,1C,2F,78,38,B4,00,13,1B,B8,00,00,00,00,00,00,00,00,00,00,00,00,03,0E,03,0E,02,F7,02,FA,02,E9,02,FE,0F,9C,0F,A1,0F,A0,0F,A0,0F,9F,0F,9A,0F,A5,0F,9F,FF,FF,0F,A0,0F,9F,0F,9D,0F,A1,FF,FF,0F,99,FF,FF,00,40,00,00,00,00,00,00,0C,CA,00,04,1B,CC,14,D2,0F,A6]"",""port"":4,""type"":3}",1558952979426
"{""bId"":""1016d3b8809d"",""collectTime"":1558952980233,""pId"":""60e6925b06623c24"",""partReadOnlyData"":""[00,00,2F,57,FF,FF,FF,FF,00,08,03,CA,14,8D,75,30,02,B6,00,02,02,B2,00,01,0F,D3,00,0F,0F,CB,00,06,0B,B8,02,96,03,C0,00,24,35,04,36,D8,FF,FF,1E,F6,00,00,00,00,00,00,00,00,00,00,00,00,02,BA,02,BA,02,B4,02,B2,02,B2,02,B6,0F,CD,0F,D0,0F,CE,0F,D1,0F,CD,0F,CB,0F,CC,0F,D1,FF,FF,0F,D0,0F,D1,0F,D2,0F,D2,FF,FF,0F,D3,FF,FF,00,00,00,00,00,00,00,00,0C,E8,00,04,00,00,14,D2,0F,D1]"",""port"":4,""type"":3}",1558952980138
"{""bId"":""1017b2d0c07e"",""collectTime"":1558952996229,""pId"":""4d878c5a03623c24"",""partReadOnlyData"":""[00,00,05,A9,FF,FF,FF,FF,00,0B,03,98,19,68,76,BD,02,CF,00,02,02,C8,00,01,0F,E3,00,08,0F,E0,00,01,0B,B8,01,8C,03,B6,00,37,29,EE,2D,EA,00,0F,18,7C,00,00,00,00,00,00,00,00,00,00,00,00,02,D0,02,D0,02,CD,02,C7,02,C8,02,CF,0F,E0,0F,E1,0F,E1,0F,E2,0F,E0,0F,E2,0F,E1,0F,E3,0F,E0,0F,E2,0F,E0,0F,E1,0F,E1,0F,E1,0F,E1,0F,E0,00,00,00,00,00,00,00,00,0C,D4,00,02,0F,8B,19,A0,0F,E4]"",""port"":6,""type"":3}",1558952980472
"{""bId"":""10175c00a0dd"",""collectTime"":1558953710545,""pId"":""aae7925b059ecd24"",""partRunControlData"":""[00,00,00,00,00,00,00,00,00,00,00,00,00,00,00,00,00,00,00,00,00,00,00,00,00,00,00,00,00,00,00,00,00,00,00,00,00,00,19,05,27,18,26,04,00,00,00,00,00,00,00,00,00,00]"",""port"":0,""type"":4}",1558952983602
"{""bId"":""10172c02819c"",""collectTime"":1558953005938,""pId"":""3ecef35a06987424"",""partRunControlData"":""[00,00,00,00,00,00,00,00,00,00,00,00,00,00,00,00,00,00,00,00,00,00,00,00,00,00,00,00,00,00,00,00,00,00,00,00,00,00,19,05,27,18,26,23,00,00,00,00,00,00,00,00,00,00]"",""port"":6,""type"":4}",1558952984201
"{""bId"":""10171bb5a78a"",""collectTime"":1558952986723,""pId"":""b333935b08f8c924"",""partRunControlData"":""[00,83,00,00,00,00,00,00,00,00,00,00,00,00,00,00,00,00,00,00,00,00,00,00,00,00,00,00,00,00,00,00,00,00,00,00,00,00,19,05,27,18,28,08,00,00,00,00,00,00,00,00,00,00]"",""port"":4,""type"":4}",1558952984537
"{""bId"":""1016d3b8809d"",""collectTime"":1558952985096,""pId"":""60e6925b06623c24"",""partRunControlData"":""[00,00,00,00,00,00,00,00,00,00,00,00,00,00,00,00,00,00,00,00,00,00,00,00,00,00,00,00,00,00,00,00,00,00,00,00,00,00,19,05,27,18,23,12,00,00,00,00,00,00,00,00,00,00]"",""port"":4,""type"":4}",1558952984978
"{""bId"":""1017b2d0c07e"",""collectTime"":1558953001485,""pId"":""4d878c5a03623c24"",""partRunControlData"":""[00,83,00,00,00,00,00,00,00,00,00,00,00,00,00,00,00,00,00,00,00,00,00,00,00,00,00,00,00,00,00,00,00,00,00,00,00,00,19,05,27,18,23,50,00,00,00,00,00,00,00,00,00,00]"",""port"":6,""type"":4}",1558952985733
"{""bId"":""101792b99213"",""collectTime"":1558952990335,""pId"":""60e6925b06623c24"",""partReadOnlyData"":""[00,00,03,C9,FF,FF,FF,FF,00,08,03,CA,14,79,75,30,02,BA,00,02,02,B8,00,01,0F,C4,00,05,0F,BC,00,06,0B,B8,02,EE,03,D4,00,2A,36,3A,38,78,FF,FF,1F,AB,00,00,00,00,00,00,00,00,00,00,00,00,02,B1,02,B1,02,B8,02,B6,02,B8,02,BA,0F,BF,0F,BE,0F,C3,0F,BF,0F,C4,0F,BC,0F,BF,0F,C2,FF,FF,0F,BD,0F,C0,0F,C1,0F,C3,FF,FF,0F,BD,FF,FF,00,00,00,00,00,00,00,00,0C,E4,00,01,00,00,14,D2,0F,C5]"",""port"":5,""type"":3}",1558952990228
"{""bId"":""1016b8dbaef1"",""collectTime"":1558952993101,""pId"":""1234935b01a3b724"",""partRunControlData"":""[00,83,00,00,00,00,00,00,00,00,00,00,00,00,00,00,00,00,00,00,00,00,00,00,00,00,00,00,00,00,00,00,00,00,00,00,00,00,19,05,27,18,18,42,00,00,00,00,00,00,00,00,00,00]"",""port"":1,""type"":4}",1558952992306
"{""bId"":""10172871a779"",""collectTime"":1558952996668,""pId"":""b333935b08f8c924"",""partRunControlData"":""[00,83,00,00,00,00,00,00,00,00,00,00,00,00,00,00,00,00,00,00,00,00,00,00,00,00,00,00,00,00,00,00,00,00,00,00,00,00,19,05,27,18,23,25,00,00,00,00,00,00,00,00,00,00]"",""port"":5,""type"":4}",1558952994483
"{""bId"":""1016b973e2d9"",""collectTime"":1558953016354,""pId"":""3ecef35a06987424"",""partRunControlData"":""[00,00,00,00,00,00,00,00,00,00,00,00,00,00,00,00,00,00,00,00,00,00,00,00,00,00,00,00,00,00,00,00,00,00,00,00,00,00,19,08,27,18,23,06,00,00,00,00,00,00,00,00,00,00]"",""port"":7,""type"":4}",1558952994720
"{""bId"":""101ba3e9c642"",""collectTime"":1558953011328,""pId"":""4d878c5a03623c24"",""partRunControlData"":""[00,00,00,00,00,00,00,00,00,00,00,00,00,00,00,00,00,00,00,00,00,00,00,00,00,00,00,00,00,00,00,00,00,00,00,00,00,00,19,05,27,18,26,46,00,00,00,00,00,00,00,00,00,00]"",""port"":7,""type"":4}",1558952995573
"{""bId"":""101555068d7e"",""collectTime"":1558952997683,""pId"":""c33b935b06623c24"",""partRunControlData"":""[00,00,00,00,00,00,00,00,00,00,00,00,00,00,00,00,00,00,00,00,00,00,00,00,00,00,00,00,00,00,00,00,00,00,00,00,00,00,19,05,27,18,30,32,00,00,00,00,00,00,00,00,00,00]"",""port"":0,""type"":4}",1558952996166
"{""list"":[{""content"":""[88,06,A5,07,00,00,00,00,00,8D,07,C0,01,00,00,00,00,00,00,00,00,00,00,00,00,00,00,00,00,00,00,00,00,00,00,00,00,00,00,00,00,00,00,00,00,00,00,00,00,9A,07,C0,01,00,00,00,00,00,00,00,00,00,00,00,00,00,00,00,00,00,00,00,00,00,00,00,00,00,00,00,00,00,00,00,00,00,00,00,00,31,10,33,10,2F,10,2F,10,8D,07,00,00,00,00,00,00,00,00,00,00,00,00,00,00,00,00,00,00,00,00,00,00,00,00,00,00,00,00,00,00,00,00,00,00,00,00,00,00,00,00]"",""time"":1558891704662}],""pId"":""f533935b08f8c924"",""type"":6}",1558952996328
"{""bId"":""1017321d9ca4"",""collectTime"":1558953730330,""pId"":""aae7925b059ecd24"",""partRunControlData"":""[00,00,00,00,00,00,00,00,00,00,00,00,00,00,00,00,00,00,00,00,00,00,00,00,00,00,00,00,00,00,00,00,00,00,00,00,00,00,19,05,27,18,23,00,00,00,00,00,00,00,00,00,00,00]"",""port"":2,""type"":4}",1558953003297
"{""bId"":""1016b8dbaef1"",""collectTime"":1558952988424,""pId"":""1234935b01a3b724"",""partReadOnlyData"":""[00,00,03,40,FF,FF,FF,FF,00,1B,02,6C,13,03,76,5B,02,DD,00,02,02,D1,00,01,0E,A5,00,02,0E,99,00,04,0B,B8,04,1A,03,D4,00,AF,22,7C,38,68,00,70,14,23,00,00,00,00,00,00,00,00,00,00,00,00,02,D7,02,D7,02,DC,02,CD,02,D1,02,DD,0E,A2,0E,A5,0E,A4,0E,99,0E,A1,0E,A1,0E,9F,0E,A0,FF,FF,0E,A0,0E,9E,0E,A0,0E,A0,FF,FF,0E,A0,FF,FF,00,04,00,00,00,00,00,00,0C,D6,00,02,0B,C8,14,D2,0E,A1]"",""port"":1,""type"":3}",1558952987745
"{""bId"":""10172871a779"",""collectTime"":1558952991802,""pId"":""b333935b08f8c924"",""partReadOnlyData"":""[00,00,18,71,FF,FF,FF,FF,00,1B,03,B6,14,9F,77,91,02,CC,00,02,02,C1,00,01,0F,E1,00,07,0F,D6,00,01,0B,B8,02,EE,03,B6,00,4C,33,76,36,8C,00,07,1E,0D,00,00,00,00,00,00,00,00,00,00,00,00,02,DF,02,DF,02,C7,02,D0,02,C1,02,CC,0F,D6,0F,DE,0F,DD,0F,DB,0F,DF,0F,DF,0F,E1,0F,DF,FF,FF,0F,D9,0F,DE,0F,E1,0F,E1,FF,FF,0F,DA,FF,FF,10,00,00,00,00,00,00,00,0C,CE,00,04,18,0E,14,D2,0F,E7]"",""port"":5,""type"":3}",1558952989619
"{""list"":[{""content"":""[D5,05,35,07,00,00,00,00,00,0C,07,C0,00,00,00,00,00,00,00,08,07,00,00,00,00,00,00,00,00,28,07,00,00,00,00,00,00,00,00,F0,06,00,00,00,00,00,00,00,00,3D,07,00,00,00,00,00,00,00,00,F0,06,00,00,00,00,00,00,00,00,00,00,00,00,00,00,00,00,00,00,00,00,00,00,00,00,00,00,00,00,14,10,FF,FF,10,10,FF,FF,3D,07,00,00,00,00,00,00,00,00,00,00,00,00,00,00,00,00,00,00,00,00,00,00,00,00,00,00,00,00,00,00,00,00,00,00,00,00,00,00,00,00]"",""time"":1558952996330}],""pId"":""e148ae5b03623c24"",""type"":6}",1558952993130
"{""bId"":""1016e414082e"",""collectTime"":1558953720443,""pId"":""aae7925b059ecd24"",""partRunControlData"":""[00,00,00,00,00,00,00,00,00,00,00,00,00,00,00,00,00,00,00,00,00,00,00,00,00,00,00,00,00,00,00,00,00,00,00,00,00,00,19,05,27,18,22,15,00,00,00,00,00,00,00,00,00,00]"",""port"":1,""type"":4}",1558952993396
"{""bId"":""101792b99213"",""collectTime"":1558952995037,""pId"":""60e6925b06623c24"",""partRunControlData"":""[00,00,00,00,00,00,00,00,00,00,00,00,00,00,00,00,00,00,00,00,00,00,00,00,00,00,00,00,00,00,00,00,00,00,00,00,00,00,19,05,27,18,26,46,00,00,00,00,00,00,00,00,00,00]"",""port"":5,""type"":4}",1558952994905
"{""list"":[{""content"":""[1F,07,3D,07,00,00,00,00,00,00,00,00,00,00,00,00,00,00,00,00,00,00,00,00,00,00,00,00,00,00,00,00,00,00,00,00,00,00,00,00,00,00,00,00,00,00,00,00,00,00,00,00,00,00,00,00,00,00,00,00,00,00,00,00,00,00,00,00,00,00,00,00,00,00,00,00,00,00,00,00,00,00,00,00,00,00,00,00,00,00,00,00,00,00,00,00,00,00,00,00,00,00,00,00,00,00,00,00,00,00,00,00,00,00,00,00,00,00,00,00,00,00,00,00,00,00,00,00,00,00,00,00,00,00,00,00,00,00,00]"",""time"":1558952989347}],""pId"":""48dc1f5c02f22124"",""type"":6}",1558953000048
"{""bId"":""1023f5401177"",""collectTime"":1558953016063,""pId"":""4d878c5a03623c24"",""partReadOnlyData"":""[00,00,02,E8,FF,FF,FF,FF,00,0B,03,8E,18,71,75,D8,03,0A,00,02,02,F5,00,01,0F,4D,00,10,0F,44,00,01,0B,B8,01,8C,03,C0,00,21,27,FA,2C,00,00,24,17,58,00,00,00,00,00,00,00,00,00,00,00,00,02,FF,02,FF,03,0A,02,E5,02,F5,03,0A,0F,44,0F,46,0F,46,0F,45,0F,45,0F,45,0F,48,0F,46,0F,4A,0F,47,0F,48,0F,49,0F,47,0F,46,0F,44,0F,4D,00,00,00,00,00,00,00,00,0C,DC,00,02,06,B2,19,A0,0F,4E]"",""port"":8,""type"":3}",1558953000304
"{""bId"":""101783e9782f"",""collectTime"":1558953003069,""pId"":""1234935b01a3b724"",""partRunControlData"":""[00,00,00,00,00,00,00,00,00,00,00,00,00,00,00,00,00,00,00,00,00,00,00,00,00,00,00,00,00,00,00,00,00,00,00,00,00,00,19,05,27,18,23,11,00,00,00,00,00,00,00,00,00,00]"",""port"":2,""type"":4}",1558953002310
"{""bId"":""1016cd2d5a0d"",""collectTime"":1558953062366,""pId"":""25e7925b08f8c924"",""partRunControlData"":""[00,00,00,00,00,00,00,00,00,00,00,00,00,00,00,00,00,00,00,00,00,00,00,00,00,00,00,00,00,00,00,00,00,00,00,00,00,00,19,05,27,18,24,08,00,00,00,00,00,00,00,00,00,00]"",""port"":0,""type"":4}",1558953004405
"{""bId"":""100bc40cca22"",""collectTime"":1558953004935,""pId"":""dde5925b03f22124"",""partRunControlData"":""[00,00,00,00,00,00,00,00,00,00,00,00,00,00,00,00,00,00,00,00,00,00,00,00,00,00,00,00,00,00,00,00,00,00,00,00,00,00,19,05,27,18,33,22,00,00,00,00,00,00,00,00,00,00]"",""port"":0,""type"":4}",1558953004995
"{""bId"":""10172c311f5b"",""collectTime"":1558953005968,""pId"":""60e6925b06623c24"",""partRunControlData"":""[00,00,00,00,00,00,00,00,00,00,00,00,00,00,00,00,00,00,00,00,00,00,00,00,00,00,00,00,00,00,00,00,00,00,00,00,00,00,19,05,27,18,26,49,00,00,00,00,00,00,00,00,00,00]"",""port"":7,""type"":4}",1558953005956
"{""bId"":""1016d955a139"",""collectTime"":1558953061051,""pId"":""c1ccf35a03cf4824"",""partRunControlData"":""[00,00,00,00,00,00,00,00,00,00,00,00,00,00,00,00,00,00,00,00,00,00,00,00,00,00,00,00,00,00,00,00,00,00,00,00,00,00,19,05,27,18,21,58,00,00,00,00,00,00,00,00,00,00]"",""port"":5,""type"":4}",1558953006458
"{""bId"":""10171a56cf2c"",""collectTime"":1558953010740,""pId"":""60e6925b06623c24"",""partReadOnlyData"":""[00,00,37,6C,FF,FF,FF,FF,00,08,03,D4,14,93,75,30,02,BA,00,02,02,B7,00,01,0F,D8,00,01,0F,CE,00,0F,0B,B8,02,58,03,D4,00,1A,36,7C,37,FC,FF,FF,1F,D1,00,00,00,00,00,00,00,00,00,00,00,00,02,B5,02,B5,02,BA,02,B7,02,B7,02,BA,0F,D8,0F,D6,0F,D6,0F,D6,0F,D5,0F,D3,0F,D5,0F,D3,FF,FF,0F,D1,0F,D3,0F,D6,0F,D4,FF,FF,0F,CE,FF,FF,00,00,00,00,00,00,00,00,0C,DE,00,03,00,00,14,D2,0F,D1]"",""port"":8,""type"":3}",1558953010606
"{""bId"":""1016e0743109"",""collectTime"":1558953072449,""pId"":""25e7925b08f8c924"",""partRunControlData"":""[00,00,00,00,00,00,00,00,00,00,00,00,00,00,00,00,00,00,00,00,00,00,00,00,00,00,00,00,00,00,00,00,00,00,00,00,00,00,19,05,27,18,29,08,00,00,00,00,00,00,00,00,00,00]"",""port"":1,""type"":4}",1558953014400
"{""bId"":""100bbce95651"",""collectTime"":1558953015007,""pId"":""dde5925b03f22124"",""partRunControlData"":""[00,00,00,00,00,00,00,00,00,00,00,00,00,00,00,00,00,00,00,00,00,00,00,00,00,00,00,00,00,00,00,00,00,00,00,00,00,00,19,05,27,17,44,46,00,00,00,00,00,00,00,00,00,00]"",""port"":1,""type"":4}",1558953015068
"{""bId"":""10171a56cf2c"",""collectTime"":1558953015784,""pId"":""60e6925b06623c24"",""partRunControlData"":""[00,00,00,00,00,00,00,00,00,00,00,00,00,00,00,00,00,00,00,00,00,00,00,00,00,00,00,00,00,00,00,00,00,00,00,00,00,00,19,05,27,18,25,28,00,00,00,00,00,00,00,00,00,00]"",""port"":8,""type"":4}",1558953015660
"{""bId"":""1017258f4567"",""collectTime"":1558953020375,""pId"":""60e6925b06623c24"",""partReadOnlyData"":""[00,00,1A,32,FF,FF,FF,FF,00,08,03,CA,14,87,75,30,02,BC,00,02,02,BA,00,01,0F,CF,00,0C,0F,C7,00,06,0B,B8,02,C8,03,E8,00,1F,35,EE,37,AE,FF,FF,1F,7E,00,00,00,00,00,00,00,00,00,00,00,00,02,C3,02,C3,02,BC,02,BB,02,BA,02,BC,0F,CA,0F,C9,0F,CC,0F,CE,0F,CB,0F,C7,0F,C9,0F,C9,FF,FF,0F,C9,0F,CA,0F,CF,0F,CF,FF,FF,0F,CA,FF,FF,00,00,00,00,00,00,00,00,0C,DF,00,02,00,00,14,D2,0F,C5]"",""port"":9,""type"":3}",1558953020235
"{""list"":[{""content"":""[95,05,13,07,00,00,00,00,00,1C,07,00,00,00,00,00,00,00,00,04,07,C0,00,00,00,00,00,00,00,F6,06,00,00,00,00,00,00,00,00,F0,06,C0,00,00,00,00,00,00,00,D4,06,C0,00,00,00,00,00,00,00,E9,06,C0,00,00,00,00,00,00,00,D5,06,C0,00,00,00,00,00,00,00,E2,06,C0,00,00,00,00,00,00,00,D2,06,00,00,00,01,00,00,00,00,E5,06,C0,00,00,00,00,00,00,00,FC,06,00,00,00,00,00,00,00,00,A0,06,C0,00,00,00,00,00,00,00,BE,06,00,00,00,00,00,00,00,00]"",""time"":1558953027190}],""pId"":""e031ae5b03623c24"",""type"":6}",1558953020871
"{""bId"":""10156293c747"",""collectTime"":1558953750612,""pId"":""aae7925b059ecd24"",""partRunControlData"":""[00,00,00,00,00,00,00,00,00,00,00,00,00,00,00,00,00,00,00,00,00,00,00,00,00,00,00,00,00,00,00,00,00,00,00,00,00,00,19,05,27,18,28,43,00,00,00,00,00,00,00,00,00,00]"",""port"":5,""type"":4}",1558953023555
"{""bId"":""1017258f4567"",""collectTime"":1558953025427,""pId"":""60e6925b06623c24"",""partRunControlData"":""[00,00,00,00,00,00,00,00,00,00,00,00,00,00,00,00,00,00,00,00,00,00,00,00,00,00,00,00,00,00,00,00,00,00,00,00,00,00,19,05,27,18,29,50,00,00,00,00,00,00,00,00,00,00]"",""port"":9,""type"":4}",1558953025296
"{""bId"":""1017624b008c"",""collectTime"":1558953027854,""pId"":""c33b935b06623c24"",""partRunControlData"":""[00,83,00,00,00,00,00,00,00,00,00,00,00,00,00,00,00,00,00,00,00,00,00,00,00,00,00,00,00,00,00,00,00,00,00,00,00,00,19,05,27,18,29,00,00,00,00,00,00,00,00,00,00,00]"",""port"":4,""type"":4}",1558953026274
"{""bId"":""10155543376f"",""collectTime"":1558953081234,""pId"":""c1ccf35a03cf4824"",""partRunControlData"":""[00,00,00,00,00,00,00,00,00,00,00,00,00,00,00,00,00,00,00,00,00,00,00,00,00,00,00,00,00,00,00,00,00,00,00,00,00,00,19,05,27,18,22,17,00,00,00,00,00,00,00,00,00,00]"",""port"":10,""type"":4}",1558953026639
"{""bId"":""10178b717530"",""collectTime"":1558953037368,""pId"":""cce1925b02cf4824"",""partRunControlData"":""[00,00,00,00,00,00,00,00,00,00,00,00,00,00,00,00,00,00,00,00,00,00,00,00,00,00,00,00,00,00,00,00,00,00,00,00,00,00,19,05,27,18,25,47,00,00,00,00,00,00,00,00,00,00]"",""port"":0,""type"":4}",1558953033890
"{""bId"":""101723c2c9a5"",""collectTime"":1558953056115,""pId"":""3ecef35a06987424"",""partRunControlData"":""[00,00,00,00,00,00,00,00,00,00,00,00,00,00,00,00,00,00,00,00,00,00,00,00,00,00,00,00,00,00,00,00,00,00,00,00,00,00,19,05,27,18,22,41,00,00,00,00,00,00,00,00,00,00]"",""port"":11,""type"":4}",1558953034357
"{""bId"":""101562083200"",""collectTime"":1558953008708,""pId"":""46e2925b06623c24"",""partRunControlData"":""[00,00,00,00,00,00,00,00,00,00,00,00,00,00,00,00,00,00,00,00,00,00,00,00,00,00,00,00,00,00,00,00,00,00,00,00,00,00,19,05,27,18,31,50,00,00,00,00,00,00,00,00,00,00]"",""port"":0,""type"":4}",1558953037971
"{""bId"":""1015628fa4be"",""collectTime"":1558953042962,""pId"":""cce1925b02cf4824"",""partReadOnlyData"":""[00,01,46,B5,FF,FF,FF,FF,00,08,03,CA,14,81,75,30,02,B7,00,03,02,B4,00,01,0F,C7,00,01,0F,BB,00,05,0B,B8,02,EE,03,D4,00,D9,35,EE,37,E2,FF,FF,1F,7E,00,00,00,00,00,00,00,00,00,00,00,00,02,AD,02,AD,02,B7,02,AF,02,B4,02,B5,0F,C7,0F,C6,0F,C6,0F,C7,0F,BB,0F,C7,0F,C5,0F,C7,FF,FF,0F,C7,0F,C6,0F,C7,0F,C7,FF,FF,0F,C7,FF,FF,00,00,00,00,00,00,00,00,0C,D1,00,03,00,00,14,D2,0F,C4]"",""port"":1,""type"":3}",1558953039401
"{""bId"":""1016d4019ece"",""collectTime"":1558953040981,""pId"":""60e6925b06623c24"",""partReadOnlyData"":""[00,00,29,19,FF,FF,FF,FF,00,08,03,CA,14,6A,75,30,02,BF,00,03,02,BC,00,01,0F,B7,00,07,0F,A6,00,0B,0B,B8,02,EE,03,E8,00,29,35,7A,37,42,FF,FF,1F,3A,00,00,00,00,00,00,00,00,00,00,00,00,02,A7,02,A7,02,BF,02,B5,02,BC,02,BD,0F,B5,0F,B5,0F,B6,0F,B5,0F,B6,0F,B6,0F,B7,0F,B6,FF,FF,0F,B5,0F,A6,0F,B6,0F,B6,FF,FF,0F,B6,FF,FF,00,00,00,00,00,00,00,00,0C,DA,00,03,00,00,14,D2,0F,BD]"",""port"":12,""type"":3}",1558953040846
"{""bId"":""10155dd8baa5"",""collectTime"":1558953043278,""pId"":""1234935b01a3b724"",""partRunControlData"":""[00,80,00,00,00,00,00,00,00,00,00,00,00,00,00,00,00,00,00,00,00,00,00,00,00,00,00,00,00,00,00,00,00,00,00,00,00,00,19,05,27,18,31,53,00,00,00,00,00,00,00,00,00,00]"",""port"":6,""type"":4}",1558953042505
"{""bId"":""1015628fa4be"",""collectTime"":1558953047523,""pId"":""cce1925b02cf4824"",""partRunControlData"":""[00,00,00,00,00,00,00,00,00,00,00,00,00,00,00,00,00,00,00,00,00,00,00,00,00,00,00,00,00,00,00,00,00,00,00,00,00,00,19,05,27,18,22,28,00,00,00,00,00,00,00,00,00,00]"",""port"":1,""type"":4}",1558953043930
"{""bId"":""1016d4019ece"",""collectTime"":1558953045791,""pId"":""60e6925b06623c24"",""partRunControlData"":""[00,00,00,00,00,00,00,00,00,00,00,00,00,00,00,00,00,00,00,00,00,00,00,00,00,00,00,00,00,00,00,00,00,00,00,00,00,00,19,05,27,18,28,44,00,00,00,00,00,00,00,00,00,00]"",""port"":12,""type"":4}",1558953045661
"{""bId"":""1016d3edad38"",""collectTime"":1558953047937,""pId"":""c33b935b06623c24"",""partRunControlData"":""[00,00,00,00,00,00,00,00,00,00,00,00,00,00,00,00,00,00,00,00,00,00,00,00,00,00,00,00,00,00,00,00,00,00,00,00,00,00,19,05,27,18,22,31,00,00,00,00,00,00,00,00,00,00]"",""port"":6,""type"":4}",1558953046354
"{""bId"":""1017245646ee"",""collectTime"":1558953041811,""pId"":""51dc1f5c05563e24"",""partRunControlData"":""[00,00,00,00,00,00,00,00,00,00,00,00,00,00,00,00,00,00,00,00,00,00,00,00,00,00,00,00,00,00,00,00,00,00,00,00,00,00,19,05,27,18,27,26,00,00,00,00,00,00,00,00,00,00]"",""port"":0,""type"":4}",1558953047151
"{""bId"":""101728735c6d"",""collectTime"":1558953037529,""pId"":""48dc1f5c02f22124"",""partRunControlData"":""[00,00,00,00,00,00,00,00,00,00,00,00,00,00,00,00,00,00,00,00,00,00,00,00,00,00,00,00,00,00,00,00,00,00,00,00,00,00,19,05,27,18,29,16,00,00,00,00,00,00,00,00,00,00]"",""port"":5,""type"":4}",1558953048166
"{""list"":[{""content"":""[F6,06,1F,07,00,00,00,00,00,00,00,00,00,00,00,00,00,00,00,00,00,00,00,00,00,00,00,00,00,00,00,00,00,00,00,00,00,00,00,00,00,00,00,00,00,00,00,00,00,00,00,00,00,00,00,00,00,00,00,00,00,00,00,00,00,00,00,00,00,00,00,00,00,00,00,00,00,00,00,00,00,00,00,00,00,00,00,00,00,00,00,00,00,00,00,00,00,00,00,00,00,00,00,00,00,00,00,00,00,00,00,00,00,00,00,00,00,00,00,00,00,00,00,00,00,00,00,00,00,00,00,00,00,00,00,00,00,00,00]"",""time"":1558953778673}],""pId"":""aae7925b059ecd24"",""type"":6}",1558953051783
"{""bId"":""10175ba260da"",""collectTime"":1558953046831,""pId"":""51dc1f5c05563e24"",""partReadOnlyData"":""[00,00,26,55,FF,FF,FF,FF,00,08,03,C0,14,AC,75,30,02,B0,00,02,02,AD,00,01,0F,EC,00,0C,0F,E5,00,04,0B,B8,02,EE,03,E8,00,03,39,88,3C,64,FF,FF,21,99,00,00,00,00,00,00,00,00,00,00,00,00,02,AF,02,AF,02,AE,02,AC,02,AD,02,B0,0F,E6,0F,E7,0F,E9,0F,E5,0F,E6,0F,E6,0F,E9,0F,E9,FF,FF,0F,E5,0F,E9,0F,EC,0F,E9,FF,FF,0F,E5,FF,FF,00,00,00,00,00,00,00,00,0C,DC,00,02,00,00,15,13,0F,E9]"",""port"":1,""type"":3}",1558953052061
"{""bId"":""101bba359261"",""collectTime"":1558953057589,""pId"":""e148ae5b03623c24"",""partRunControlData"":""[00,83,00,00,00,00,00,00,00,00,00,00,00,00,00,00,00,00,00,00,00,00,00,00,00,00,00,00,00,00,00,00,00,00,00,00,00,00,19,05,27,18,28,15,00,00,00,00,00,00,00,00,00,00]"",""port"":0,""type"":4}",1558953054319
"{""bId"":""1016db634829"",""collectTime"":1558953076263,""logIndex"":2907,""pId"":""3ecef35a06987424"",""partLog"":""[5B,0B,00,00,19,05,20,11,51,37,40,00,00,09,12,FF,FF,FF,01,40,08,03,E8,14,FB,75,30,03,0B,00,02,03,03,00,01,10,27,00,04,10,1E,00,0A,0B,B8,00,00,03,E8,00,06,3B,AA,3B,AA,FF,FF,22,D8,00,00,00,00,00,00,00,00,00,00,00,00,03,0B,03,0B,03,08,02,F9,03,03,03,0B,10,20,10,25,10,23,10,27,10,24,10,24,10,22,10,26,FF,FF,10,1E,10,26,10,27,10,27,FF,FF,10,22,FF,FF,00,00,00,00,00,00,00,00,00,00,00,D6,29]"",""port"":4,""type"":5}",1558953055070
"{""bId"":""10175ba260da"",""collectTime"":1558953051234,""pId"":""51dc1f5c05563e24"",""partRunControlData"":""[00,00,00,00,00,00,00,00,00,00,00,00,00,00,00,00,00,00,00,00,00,00,00,00,00,00,00,00,00,00,00,00,00,00,00,00,00,00,19,05,27,18,27,34,00,00,00,00,00,00,00,00,00,00]"",""port"":1,""type"":4}",1558953056526
"{""bId"":""101784ef79d3"",""collectTime"":1558953058208,""logIndex"":2350,""pId"":""c33b935b06623c24"",""partLog"":""[2E,09,00,00,19,04,15,15,45,21,40,00,00,02,DE,FF,FF,FF,01,00,08,03,D4,14,D6,75,30,02,A0,00,02,02,9F,00,01,10,0B,00,0D,10,03,00,0F,0B,B8,01,EF,03,E8,00,01,37,D0,39,14,FF,FF,20,98,00,00,00,00,00,00,00,00,00,00,00,00,02,91,02,91,02,9F,02,9E,02,9F,02,A0,10,0A,10,09,10,0A,10,0A,10,05,10,05,10,08,10,07,FF,FF,10,06,10,04,10,09,10,0B,FF,FF,10,03,FF,FF,00,00,00,00,00,00,00,00,00,00,00,1C,3A]"",""port"":3,""type"":5}",1558953056633
"{""bId"":""102325c5105d"",""collectTime"":1558953119485,""pId"":""2fe8925b08f8c924"",""partRunControlData"":""[00,00,00,00,00,00,00,00,00,00,00,00,00,00,00,00,00,00,00,00,00,00,00,00,00,00,00,00,00,00,00,00,00,00,00,00,00,00,19,05,27,18,29,22,00,00,00,00,00,00,00,00,00,00]"",""port"":1,""type"":4}",1558953060812
"{""bId"":""1017239bbdbf"",""collectTime"":1558953122366,""pId"":""25e7925b08f8c924"",""partRunControlData"":""[00,00,00,00,00,00,00,00,00,00,00,00,00,00,00,00,00,00,00,00,00,00,00,00,00,00,00,00,00,00,00,00,00,00,00,00,00,00,19,05,27,18,31,12,00,00,00,00,00,00,00,00,00,00]"",""port"":10,""type"":4}",1558953064310
"{""bId"":""1016baee5127"",""collectTime"":1558953068028,""pId"":""cce1925b02cf4824"",""partRunControlData"":""[00,00,00,00,00,00,00,00,00,00,00,00,00,00,00,00,00,00,00,00,00,00,00,00,00,00,00,00,00,00,00,00,00,00,00,00,00,00,19,05,27,18,21,03,00,00,00,00,00,00,00,00,00,00]"",""port"":3,""type"":4}",1558953064440
"{""bId"":""1016bd198ccb"",""collectTime"":1558953067821,""pId"":""e434ae5b03623c24"",""partRunControlData"":""[00,00,00,00,00,00,00,00,00,00,00,00,00,00,00,00,00,00,00,00,00,00,00,00,00,00,00,00,00,00,00,00,00,00,00,00,00,00,19,05,27,18,22,25,00,00,00,00,00,00,00,00,00,00]"",""port"":1,""type"":4}",1558953065266
"{""bId"":""1016dbde4709"",""collectTime"":1558953060981,""pId"":""51dc1f5c05563e24"",""partRunControlData"":""[00,00,00,00,00,00,00,00,00,00,00,00,00,00,00,00,00,00,00,00,00,00,00,00,00,00,00,00,00,00,00,00,00,00,00,00,00,00,19,05,27,17,59,12,00,00,00,00,00,00,00,00,00,00]"",""port"":2,""type"":4}",1558953066216
"{""bId"":""1015604437b9"",""collectTime"":1558953038927,""pId"":""46e2925b06623c24"",""partRunControlData"":""[00,00,00,00,00,00,00,00,00,00,00,00,00,00,00,00,00,00,00,00,00,00,00,00,00,00,00,00,00,00,00,00,00,00,00,00,00,00,19,05,27,18,24,30,00,00,00,00,00,00,00,00,00,00]"",""port"":4,""type"":4}",1558953067956
"{""bId"":""10172d27e7c8"",""collectTime"":1558953057561,""pId"":""48dc1f5c02f22124"",""partRunControlData"":""[00,00,00,00,00,00,00,00,00,00,00,00,00,00,00,00,00,00,00,00,00,00,00,00,00,00,00,00,00,00,00,00,00,00,00,00,00,00,19,05,27,18,28,35,00,00,00,00,00,00,00,00,00,00]"",""port"":7,""type"":4}",1558953068206
"{""bId"":""10172bedccda"",""collectTime"":1558953072861,""pId"":""e434ae5b03623c24"",""partReadOnlyData"":""[00,00,2A,49,FF,FF,FF,FF,00,08,03,D4,14,95,75,30,02,B3,00,03,02,AF,00,01,0F,DA,00,05,0F,D0,00,0A,0B,B8,02,3F,03,E8,00,2A,36,A0,38,3E,FF,FF,1F,E6,00,00,00,00,00,00,00,00,00,00,00,00,02,B0,02,B0,02,B3,02,AA,02,AF,02,AF,0F,D4,0F,D2,0F,D9,0F,D8,0F,DA,0F,D1,0F,D6,0F,D7,FF,FF,0F,D0,0F,D2,0F,D9,0F,D7,FF,FF,0F,D4,FF,FF,00,00,00,00,00,00,00,00,0C,D6,00,02,00,00,14,D2,0F,D1]"",""port"":2,""type"":3}",1558953070287
"{""bId"":""1021b3b2872c"",""collectTime"":1558953129898,""pId"":""2fe8925b08f8c924"",""partRunControlData"":""[00,00,00,00,00,00,00,00,00,00,00,00,00,00,00,00,00,00,00,00,00,00,00,00,00,00,00,00,00,00,00,00,00,00,00,00,00,00,19,05,27,18,33,04,00,00,00,00,00,00,00,00,00,00]"",""port"":2,""type"":4}",1558953071171
"{""bId"":""101715631a03"",""collectTime"":1558953075477,""pId"":""0fdc1f5c05563e24"",""partRunControlData"":""[00,00,00,00,00,00,00,00,00,00,00,00,00,00,00,00,00,00,00,00,00,00,00,00,00,00,00,00,00,00,00,00,00,00,00,00,00,00,19,05,27,18,28,36,00,00,00,00,00,00,00,00,00,00]"",""port"":2,""type"":4}",1558953071821
"{""bId"":""1017229c3720"",""collectTime"":1558953077119,""pId"":""e148ae5b03623c24"",""partRunControlData"":""[00,00,00,00,00,00,00,00,00,00,00,00,00,00,00,00,00,00,00,00,00,00,00,00,00,00,00,00,00,00,00,00,00,00,00,00,00,00,19,05,27,18,29,32,00,00,00,00,00,00,00,00,00,00]"",""port"":4,""type"":4}",1558953073839
"{""bId"":""10172bedccda"",""collectTime"":1558953077656,""pId"":""e434ae5b03623c24"",""partRunControlData"":""[00,00,00,00,00,00,00,00,00,00,00,00,00,00,00,00,00,00,00,00,00,00,00,00,00,00,00,00,00,00,00,00,00,00,00,00,00,00,19,05,27,18,21,23,00,00,00,00,00,00,00,00,00,00]"",""port"":2,""type"":4}",1558953075086
"{""list"":[{""content"":""[DE,06,5E,07,00,00,00,00,00,00,00,00,00,00,00,00,00,00,00,00,00,00,00,00,00,00,00,00,00,00,00,00,00,00,00,00,00,00,00,00,00,00,00,00,00,00,00,00,00,00,00,00,00,00,00,00,00,00,00,00,00,00,00,00,00,00,00,00,00,00,00,00,00,00,00,00,00,00,00,00,00,00,00,00,00,00,00,00,00,00,00,00,00,00,00,00,00,00,00,00,00,00,00,00,00,00,00,00,00,00,00,00,00,00,00,00,00,00,00,00,00,00,00,00,00,00,00,00,00,00,00,00,00,00,00,00,00,00,00]"",""time"":1558953076084}],""pId"":""7849ae5b03623c24"",""type"":6}",1558953075512
"{""bId"":""1016bd10ab06"",""collectTime"":1558953081216,""pId"":""f833ae5b069ecd24"",""partRunControlData"":""[00,00,00,00,00,00,00,00,00,00,00,00,00,00,00,00,00,00,00,00,00,00,00,00,00,00,00,00,00,00,00,00,00,00,00,00,00,00,19,05,27,18,31,06,00,00,00,00,00,00,00,00,00,00]"",""port"":1,""type"":4}",1558953075847
"{""bId"":""1017624b008c"",""collectTime"":1558953078000,""logIndex"":6510,""pId"":""c33b935b06623c24"",""partLog"":""[6E,19,00,00,19,04,05,06,16,35,40,00,00,08,26,FF,FF,FF,01,00,08,03,B6,14,85,75,30,02,AD,00,02,02,AA,00,01,0F,CE,00,06,0F,C4,00,01,0B,B8,02,EE,03,E8,00,24,36,90,39,D1,FF,FF,1F,DD,00,00,00,00,00,00,00,00,00,00,00,00,02,A9,02,A9,02,AB,02,A4,02,AA,02,AD,0F,C4,0F,C9,0F,CA,0F,CA,0F,CA,0F,CE,0F,CB,0F,CA,FF,FF,0F,C8,0F,C6,0F,C9,0F,C9,FF,FF,0F,C5,FF,FF,00,00,00,00,00,00,00,00,00,00,00,A9,20]"",""port"":4,""type"":5}",1558953076424
"{""bId"":""1016c8e5afc5"",""collectTime"":1558953067529,""pId"":""48dc1f5c02f22124"",""partRunControlData"":""[00,00,00,00,00,00,00,00,00,00,00,00,00,00,00,00,00,00,00,00,00,00,00,00,00,00,00,00,00,00,00,00,00,00,00,00,00,00,19,05,27,18,32,05,00,00,00,00,00,00,00,00,00,00]"",""port"":8,""type"":4}",1558953078157
"{""bId"":""101871473d67"",""collectTime"":1558953082607,""pId"":""e148ae5b03623c24"",""partReadOnlyData"":""[00,00,0A,E4,FF,FF,FF,FF,00,98,03,48,18,A0,75,30,02,D1,00,02,02,CB,00,01,10,34,00,09,0F,37,00,0A,0B,B8,00,00,03,E8,00,46,2A,96,33,31,FF,FF,18,DE,00,00,00,00,00,00,00,00,04,00,00,00,02,EB,02,EB,02,CF,02,C9,02,CB,02,D1,0F,5B,0F,5A,0F,5B,0F,5B,0F,5B,0F,58,0F,58,0F,59,10,34,0F,37,0F,59,0F,59,0F,5A,0F,58,0F,59,0F,4B,55,55,00,00,00,00,00,00,0C,D1,00,02,00,00,19,A0,0F,55]"",""port"":5,""type"":3}",1558953079340
"{""bId"":""1021ab88988c"",""collectTime"":1558953140059,""pId"":""2fe8925b08f8c924"",""partRunControlData"":""[00,00,00,00,00,00,00,00,00,00,00,00,00,00,00,00,00,00,00,00,00,00,00,00,00,00,00,00,00,00,00,00,00,00,00,00,00,00,19,05,27,18,31,36,00,00,00,00,00,00,00,00,00,00]"",""port"":3,""type"":4}",1558953081331
"{""bId"":""10243b367c7d"",""collectTime"":1558953156985,""pId"":""52cef35a06987424"",""partReadOnlyData"":""[00,00,00,B3,FF,FF,FF,FF,00,0B,01,D6,17,2F,77,EF,02,D0,00,03,02,CE,00,02,0E,82,00,09,0E,7B,00,01,0B,B8,03,48,03,E8,00,0E,15,98,2E,71,00,36,0C,9C,00,00,00,00,00,00,00,00,00,00,00,00,02,DD,02,DD,02,D0,02,CC,02,CF,02,CE,0E,7B,0E,7F,0E,7F,0E,7F,0E,7E,0E,7E,0E,7F,0E,7D,0E,82,0E,7E,0E,7E,0E,7E,0E,7D,0E,7E,0E,7C,0E,7B,00,00,00,00,00,00,00,00,0C,D6,00,01,1B,E7,19,A0,0E,80]"",""port"":3,""type"":3}",1558953127718
"{""bId"":""10241b369242"",""collectTime"":1558953099367,""pId"":""46e2925b06623c24"",""partRunControlData"":""[00,80,00,00,00,00,00,00,00,00,00,00,00,00,00,00,00,00,00,00,00,00,00,00,00,00,00,00,00,00,00,00,00,00,00,00,00,00,19,05,27,18,32,31,00,00,00,00,00,00,00,00,00,00]"",""port"":12,""type"":4}",1558953128364
"{""bId"":""101c1be420b7"",""collectTime"":1558953116867,""pId"":""dfe1925b08f8c924"",""partProtectionParameter"":""[10,CE,10,04,0C,80,00,08,0D,AC,00,14,00,08,00,3C,0B,B4,0D,AC,04,B0,00,20,0F,A0,00,10,18,39,1D,F1,03,84,00,14,03,52,04,1A,00,14,03,E8,01,90,00,14,01,A4,00,96,00,14,00,C8,04,B0,00,04,04,4C,04,B0,00,04,04,4C,10,68,00,08,10,36,0D,7A,00,08,0D,AC,03,E8,00,10,03,B6,0B,B8,00,10,0B,54,03,20,00,08,03,0C,03,B6,00,08,03,AC,01,AE,00,08,01,C2,00,FA,00,08,01,04,04,89,1E,B1]"",""port"":3,""type"":2}",1558953130637
"{""bId"":""10181069d6fe"",""collectTime"":1558953189585,""pId"":""2fe8925b08f8c924"",""partRunControlData"":""[00,00,00,00,00,00,00,00,00,00,00,00,00,00,00,00,00,00,00,00,00,00,00,00,00,00,00,00,00,00,00,00,00,00,00,00,00,00,19,05,27,18,38,25,00,00,00,00,00,00,00,00,00,00]"",""port"":9,""type"":4}",1558953130854
"{""bId"":""10155c2b0548"",""collectTime"":1558953136624,""pId"":""f833ae5b069ecd24"",""partReadOnlyData"":""[00,00,2F,A3,FF,FF,FF,FF,00,08,03,D4,14,9B,75,30,02,AD,00,02,02,A9,00,01,0F,DD,00,06,0F,D4,00,0A,0B,B8,02,19,03,E8,00,03,36,62,37,DE,FF,FF,1F,C2,00,00,00,00,00,00,00,00,00,00,00,00,02,AA,02,AA,02,AB,02,A9,02,A9,02,AD,0F,D5,0F,DB,0F,DA,0F,D7,0F,DA,0F,DD,0F,DC,0F,DD,FF,FF,0F,D4,0F,DB,0F,DC,0F,DA,FF,FF,0F,DC,FF,FF,00,00,00,00,00,00,00,00,0C,D7,00,02,00,00,14,D2,0F,D1]"",""port"":7,""type"":3}",1558953131255
"{""bId"":""10243b367c7d"",""collectTime"":1558953161794,""pId"":""52cef35a06987424"",""partRunControlData"":""[00,83,00,00,00,00,00,00,00,00,00,00,00,00,00,00,00,00,00,00,00,00,00,00,00,00,00,00,00,00,00,00,00,00,00,00,00,00,19,05,27,18,34,48,00,00,00,00,00,00,00,00,00,00]"",""port"":3,""type"":4}",1558953132518
"{""bId"":""1016dd48b8fa"",""collectTime"":1558953137751,""logIndex"":5418,""pId"":""cce1925b02cf4824"",""partLog"":""[2A,15,00,00,19,04,13,17,03,49,80,00,00,06,CD,FF,FF,FF,02,00,00,01,5E,12,34,75,30,02,93,00,02,02,8E,00,01,0E,04,00,08,0D,FE,00,0A,0B,B8,03,E7,03,E8,00,16,15,43,3C,C5,FF,FF,0C,6A,00,00,00,00,00,00,00,00,00,00,00,00,02,A3,02,A3,02,94,02,8F,02,8E,02,93,0D,FF,0E,02,0E,03,0E,01,0E,00,0E,00,0E,02,0E,04,FF,FF,0D,FE,0E,01,0E,01,0E,00,FF,FF,0D,FE,FF,FF,00,00,00,00,00,00,00,00,00,00,00,09,AE]"",""port"":9,""type"":5}",1558953134186
"{""bId"":""1024099367a8"",""collectTime"":1558953121418,""pId"":""dfe1925b08f8c924"",""partDeviceInfo"":""[00,09,0D,64,01,05,01,01,00,1B,00,00,01,E7,24,48,CF,08,5C,51,59,51,00,06,16,80,2E,E0,FF,FF,10,24,09,93,67,A8,00,00,00,01,00,00,0D,02,00,00,10,09,00,10,0C,F3,00,02,03,57,00,02,02,50,00,01,05,81,0C,32]"",""port"":5,""type"":1}",1558953135168
"{""bId"":""10139863ef59"",""collectTime"":1558891844275,""pId"":""f533935b08f8c924"",""partReadOnlyData"":""[00,00,00,0F,FF,FF,FF,FF,00,0B,03,DE,19,EB,75,88,02,C5,00,02,02,BE,00,01,10,36,00,02,10,2F,00,06,0B,B8,00,5F,03,E8,00,08,30,B0,31,2E,00,08,1C,6E,00,00,00,00,00,00,00,00,00,00,00,00,02,C7,02,C7,02,C3,02,AD,02,BE,02,C5,10,33,10,36,10,36,10,36,10,36,10,2F,10,33,10,34,10,33,10,32,10,30,10,34,10,32,10,34,10,30,10,31,00,00,00,00,00,00,00,00,0C,D1,00,02,03,77,19,F0,10,36]"",""port"":0,""type"":3}",1558953135937
"{""bId"":""101814265b14"",""collectTime"":1558953194762,""pId"":""2fe8925b08f8c924"",""partReadOnlyData"":""[00,00,05,4C,FF,FF,FF,FF,40,C8,02,1C,15,F6,75,30,02,BC,00,02,02,B8,00,01,10,4D,00,08,00,76,00,09,00,00,00,00,03,E8,00,CE,1B,7A,33,23,FF,FF,10,0B,00,00,00,00,00,05,00,00,08,03,00,00,02,98,02,98,02,BC,02,B1,02,B8,02,BC,0E,58,0E,59,0E,5A,0E,5A,0E,54,0E,58,0E,59,10,4D,00,76,10,4D,0E,5B,0E,5E,0E,5F,0E,5D,0E,59,0E,5C,00,00,00,00,00,00,00,00,0C,E3,00,02,00,00,19,A0,0E,60]"",""port"":11,""type"":3}",1558953136033
"{""bId"":""10171c1ecc6d"",""collectTime"":1558953127897,""logIndex"":4764,""pId"":""48dc1f5c02f22124"",""partLog"":""[9C,12,00,00,19,05,09,11,11,22,80,00,00,04,A0,FF,FF,FF,02,00,0F,03,AC,14,DC,75,14,02,77,00,02,02,72,00,01,10,10,00,02,10,04,00,0A,0B,B8,01,EF,03,E8,00,01,38,9E,3C,3C,FF,FF,21,10,00,00,00,00,00,00,00,00,00,00,00,00,02,7A,02,7A,02,77,02,73,02,72,02,76,10,0E,10,10,10,0E,10,0D,10,0F,10,0E,10,0D,10,0D,FF,FF,10,04,10,09,10,0D,10,0B,FF,FF,10,0C,FF,FF,00,00,00,00,00,00,00,00,00,83,00,4F,45]"",""port"":6,""type"":5}",1558953138539
"{""bId"":""10139863ef59"",""collectTime"":1558891849316,""pId"":""f533935b08f8c924"",""partRunControlData"":""[00,83,00,00,00,00,00,00,00,00,00,00,00,00,00,00,00,00,00,00,00,00,00,00,00,00,00,00,00,00,00,00,00,00,00,00,00,00,19,05,27,18,26,42,00,00,00,00,00,00,00,00,00,00]"",""port"":0,""type"":4}",1558953140998
"{""list"":[{""content"":""[17,07,4D,07,00,00,00,00,00,00,00,00,00,00,00,00,00,00,00,00,00,00,00,00,00,00,00,00,00,00,00,00,00,00,00,00,00,00,00,00,00,00,00,00,00,00,00,00,00,00,00,00,00,00,00,00,00,00,00,00,00,00,00,00,00,00,00,00,00,00,00,00,00,00,00,00,00,00,00,00,00,00,00,00,00,00,00,00,00,00,00,00,00,00,00,00,00,00,00,00,00,00,00,00,00,00,00,00,00,00,00,00,00,00,00,00,00,00,00,00,00,00,00,00,00,00,00,00,00,00,00,00,00,00,00,00,00,00,00]"",""time"":1558953138752}],""pId"":""51dc1f5c05563e24"",""type"":6}",1558953143986
"{""bId"":""100000004001"",""collectTime"":1558891854561,""pId"":""f533935b08f8c924"",""partReadOnlyData"":""[00,00,0E,04,FF,FF,FF,FF,40,1B,03,DE,15,10,75,4B,02,B8,00,03,02,AF,00,01,10,36,00,03,10,29,00,07,0B,B8,00,21,03,E8,00,03,3A,E6,3A,E6,00,00,22,65,00,00,00,00,00,00,00,00,00,00,00,00,02,BE,02,BE,02,B8,02,A6,02,AF,02,B5,10,33,10,35,10,36,10,35,10,36,10,35,10,29,10,35,FF,FF,10,36,10,33,10,34,10,35,FF,FF,10,34,FF,FF,10,AA,00,00,00,00,00,00,0C,CE,00,01,01,16,15,13,10,3A]"",""port"":4,""type"":3}",1558953146220
"{""bId"":""1016e444af5b"",""collectTime"":1558953151816,""pId"":""f833ae5b069ecd24"",""partRunControlData"":""[00,00,00,00,00,00,00,00,00,00,00,00,00,00,00,00,00,00,00,00,00,00,00,00,00,00,00,00,00,00,00,00,00,00,00,00,00,00,19,05,27,18,09,40,00,00,00,00,00,00,00,00,00,00]"",""port"":9,""type"":4}",1558953146444
"{""bId"":""101baaaa2138"",""collectTime"":1558953209517,""pId"":""2fe8925b08f8c924"",""partRunControlData"":""[00,00,00,00,00,00,00,00,00,00,00,00,00,00,00,00,00,00,00,00,00,00,00,00,00,00,00,00,00,00,00,00,00,00,00,00,00,00,19,05,27,18,30,50,00,00,00,00,00,00,00,00,00,00]"",""port"":12,""type"":4}",1558953150773
"{""bId"":""100000004001"",""collectTime"":1558891859226,""pId"":""f533935b08f8c924"",""partRunControlData"":""[00,83,00,00,00,00,00,00,00,00,00,00,00,00,00,00,00,00,00,00,00,00,00,00,00,00,00,00,00,00,00,00,00,00,00,00,00,00,00,01,24,02,58,16,00,00,00,00,00,00,00,00,00,00]"",""port"":4,""type"":4}",1558953150891
"{""bId"":""101c332daba1"",""collectTime"":1558953137243,""pId"":""dfe1925b08f8c924"",""partProtectionParameter"":""[10,CE,10,04,0C,80,00,08,0D,AC,00,14,00,08,00,3C,0B,B7,0D,AC,04,B0,00,20,0F,A0,00,10,18,14,1D,C3,03,84,00,14,03,52,04,1A,00,14,03,E8,01,90,00,14,01,A4,00,96,00,14,00,C8,04,B0,00,04,04,4C,04,B0,00,04,04,4C,10,68,00,08,10,36,0D,7A,00,08,0D,AC,03,E8,00,10,03,B6,0B,B8,00,10,0B,54,03,20,00,08,03,0C,03,B6,00,08,03,AC,01,AE,00,08,01,C2,00,FA,00,08,01,04,04,90,1E,B6]"",""port"":12,""type"":2}",1558953150997
"{""bId"":""102322c98c75"",""collectTime"":1558953182203,""pId"":""52cef35a06987424"",""partRunControlData"":""[00,83,00,00,00,00,00,00,00,00,00,00,00,00,00,00,00,00,00,00,00,00,00,00,00,00,00,00,00,00,00,00,00,00,00,00,00,00,19,05,27,18,30,45,00,00,00,00,00,00,00,00,00,00]"",""port"":5,""type"":4}",1558953152928
"{""bId"":""101b15d54799"",""collectTime"":1558953214739,""logIndex"":403,""pId"":""2fe8925b08f8c924"",""partLog"":""[93,01,00,00,19,05,23,20,04,01,80,00,00,00,2C,FF,FF,FF,01,00,00,03,A2,19,7E,75,30,03,19,00,02,03,0C,00,01,0F,F6,00,08,0F,EA,00,03,0B,B8,02,58,03,E8,00,02,31,FA,35,E4,00,11,1D,2F,00,00,00,00,00,00,00,00,00,00,00,00,03,1B,03,1B,03,1D,02,FF,03,0C,03,19,0F,EC,0F,EC,0F,EA,0F,EC,0F,EA,0F,ED,0F,EB,0F,F6,0F,F4,0F,F5,0F,EF,0F,EE,0F,F2,0F,EF,0F,F1,0F,EE,00,00,00,00,00,00,00,00,00,00,00,67,24]"",""port"":8,""type"":5}",1558953155994
"{""bId"":""101c9a69e919"",""collectTime"":1558953142239,""pId"":""dfe1925b08f8c924"",""partReadOnlyData"":""[00,00,00,82,FF,FF,FF,FF,00,0B,01,F4,16,FC,78,03,02,D4,00,02,02,CD,00,01,0E,64,00,09,0E,59,00,01,0B,B8,03,48,03,AC,00,A1,15,F6,2C,96,00,30,0C,D3,00,00,00,00,00,00,00,00,00,00,00,00,02,DC,02,DC,02,CE,02,D2,02,CD,02,D4,0E,59,0E,5D,0E,5E,0E,5C,0E,59,0E,5B,0E,5D,0E,5C,0E,64,0E,5D,0E,5D,0E,5E,0E,60,0E,5F,0E,5D,0E,63,00,00,00,00,00,00,00,00,0C,DE,00,01,1C,8E,19,A0,0E,65]"",""port"":0,""type"":3}",1558953155997
"{""bId"":""101732160009"",""collectTime"":1558953151184,""pId"":""51dc1f5c05563e24"",""partRunControlData"":""[00,00,00,00,00,00,00,00,00,00,00,00,00,00,00,00,00,00,00,00,00,00,00,00,00,00,00,00,00,00,00,00,00,00,00,00,00,00,19,05,27,18,30,44,00,00,00,00,00,00,00,00,00,00]"",""port"":11,""type"":4}",1558953156488
"{""bId"":""10172ab5ad86"",""collectTime"":1558953160347,""pId"":""0fdc1f5c05563e24"",""partReadOnlyData"":""[00,00,16,10,FF,FF,FF,FF,40,08,03,DE,14,B8,75,30,02,AF,00,02,02,AD,00,01,0F,F3,00,08,0F,EB,00,04,0B,B8,01,06,03,E8,00,65,38,16,38,38,00,00,20,C1,00,00,00,00,00,00,00,00,00,00,00,00,02,B0,02,B0,02,AE,02,AD,02,AD,02,AF,0F,ED,0F,F2,0F,EE,0F,EB,0F,ED,0F,F2,0F,F0,0F,F3,FF,FF,0F,EE,0F,F3,0F,F3,0F,F3,FF,FF,0F,F2,FF,FF,00,00,00,00,00,00,00,00,0C,D5,00,02,00,00,14,D2,0F,EF]"",""port"":12,""type"":3}",1558953156684
"{""bId"":""101bd8ece62a"",""collectTime"":1558953206839,""pId"":""52cef35a06987424"",""partReadOnlyData"":""[00,00,02,CB,FF,FF,FF,FF,00,0B,02,C6,17,C0,77,EE,03,13,00,02,03,0A,00,01,0E,DB,00,09,0E,D3,00,10,0B,B8,03,48,03,C0,00,B3,1F,E6,2C,F0,00,1C,12,A0,00,00,00,00,00,00,00,00,00,00,00,00,03,1B,03,1B,03,12,03,15,03,0A,03,13,0E,D6,0E,D4,0E,DA,0E,D9,0E,DA,0E,D7,0E,D9,0E,D8,0E,DB,0E,D8,0E,DA,0E,DB,0E,D8,0E,DA,0E,DA,0E,D3,00,00,00,00,00,00,00,00,0C,D5,00,03,1C,31,19,A0,0E,E4]"",""port"":8,""type"":3}",1558953177556
