"{""list"":[{""content"":""[8B,07,85,07,00,00,00,00,00,BB,07,00,00,00,00,00,00,00,00,B5,07,00,00,00,00,00,00,00,00,BD,07,00,00,00,00,00,00,00,00,00,00,00,00,00,00,00,00,00,00,00,00,00,00,00,00,00,00,00,00,00,00,00,00,00,00,00,00,00,00,00,00,00,00,00,00,00,00,00,00,00,00,00,00,00,00,00,00,00,00,00,00,00,00,00,00,00,00,00,00,00,00,00,00,00,00,00,00,00,00,CA,07,00,00,00,00,00,00,00,00,BA,07,00,00,00,00,00,00,00,00,00,00,00,00,00,00,00,00,00,00]"",""time"":1262307658360}],""pId"":""dde5925b03f22124"",""type"":6}",1557315429416
"{""bId"":""100bbd5d2242"",""collectTime"":1262307743340,""pId"":""dde5925b03f22124"",""partReadOnlyData"":""[00,00,05,50,FF,FF,FF,FF,40,08,03,DE,19,CB,75,30,02,9C,00,03,02,98,00,01,10,23,00,08,10,1B,00,01,0B,B8,00,00,03,AC,00,10,23,A3,24,00,00,00,14,CF,00,00,00,00,00,00,00,00,00,00,00,00,02,A2,02,A2,02,9C,02,95,02,98,02,9A,10,1B,10,1D,10,1E,10,21,10,1E,10,20,10,21,10,23,10,1F,10,21,10,1C,10,1E,10,1F,10,21,10,1E,10,1E,00,00,01,A9,00,80,03,BD,0C,DF,00,01,00,00,19,F0,10,18]"",""port"":1,""type"":3}",1557315514266
"{""bId"":""100bbc07838a"",""collectTime"":1262307752903,""pId"":""dde5925b03f22124"",""partReadOnlyData"":""[00,00,FA,FF,FF,FF,FF,FF,40,08,03,E8,19,CC,75,30,02,99,00,01,02,97,00,03,10,22,00,0B,10,1B,00,02,0B,B8,00,00,03,D4,00,0A,23,DB,23,DB,00,00,14,F0,00,00,00,00,00,00,00,00,00,00,00,00,02,9B,02,9B,02,97,02,96,02,99,02,99,10,1D,10,1B,10,1E,10,21,10,21,10,20,10,1D,10,1D,10,20,10,21,10,22,10,22,10,22,10,22,10,22,10,1F,00,00,FE,8F,FF,E1,03,D2,0C,E6,00,02,00,00,19,F0,10,21]"",""port"":2,""type"":3}",1557315523846
"{""bId"":""10090c095d27"",""collectTime"":1557315550007,""pId"":""af61f35a05f22124"",""partDeviceInfo"":""[00,09,0D,11,01,04,01,01,00,1A,00,00,01,DD,24,7F,09,08,59,03,AC,7C,00,01,16,D0,27,10,FF,FF,10,09,0C,09,5D,27,00,00,00,01,00,00,0E,4A,00,02,10,76,00,10,0B,0B,00,08,03,6C,00,02,02,80,00,01,02,CC,09,49]"",""port"":6,""type"":1}",1557315550688
"{""bId"":""10090c095d27"",""collectTime"":1557315560178,""pId"":""af61f35a05f22124"",""partReadOnlyData"":""[00,00,00,8F,FF,FF,FF,FF,00,0C,03,66,18,A7,75,2F,02,8A,00,02,02,88,00,01,0F,70,00,10,0F,64,00,01,0B,B8,01,F4,03,B6,00,0A,1F,84,24,44,00,10,12,67,00,00,00,00,00,00,00,00,00,00,00,00,02,8B,02,8B,02,8E,02,8E,02,88,02,8A,0F,64,0F,68,0F,68,0F,66,0F,65,0F,69,0F,68,0F,65,0F,6B,0F,69,0F,6C,0F,6B,0F,6B,0F,6A,0F,67,0F,70,00,00,FE,D8,00,03,FC,45,0C,D0,00,0B,FF,FA,19,F0,0F,69]"",""port"":6,""type"":3}",1557315560772
"{""bId"":""10090c095d27"",""collectTime"":1557315555197,""pId"":""af61f35a05f22124"",""partProtectionParameter"":""[10,CE,10,04,0D,48,00,08,0D,AC,00,32,00,08,00,3C,0B,B4,0D,AC,04,B0,00,20,0F,A0,00,10,17,53,1E,FC,03,84,00,14,03,52,04,1A,00,14,03,E8,01,90,00,14,01,A4,00,96,00,14,00,C8,04,B0,00,04,04,4C,04,B0,00,04,04,4C,10,68,00,08,10,36,0D,AC,00,08,0D,AC,03,E8,00,10,03,B6,0B,B8,00,10,0B,54,03,20,00,08,03,0C,03,B6,00,08,03,AC,01,AE,00,08,01,C2,00,FA,00,08,01,04,04,62,1E,D1]"",""port"":6,""type"":2}",1557315555772
"{""bId"":""10090c095d27"",""collectTime"":1557315565078,""pId"":""af61f35a05f22124"",""partRunControlData"":""[00,84,00,00,00,00,00,00,00,00,00,00,00,00,00,00,00,00,00,00,00,00,00,00,00,00,00,00,00,00,00,00,00,00,00,00,00,00,19,05,08,19,39,32,00,00,00,00,00,00,00,00,00,00]"",""port"":6,""type"":4}",1557315565667
"{""list"":[{""content"":""[B5,07,A0,07,00,00,00,00,00,00,00,00,00,00,00,00,00,00,00,00,00,00,00,00,00,00,00,00,00,00,00,00,00,00,00,00,00,00,00,00,00,00,00,00,00,00,00,00,00,00,00,00,00,00,00,00,00,00,00,00,00,00,00,00,00,00,00,00,00,E1,07,00,00,00,00,00,00,00,00,00,00,00,00,00,00,00,00,00,00,00,00,00,00,00,00,00,00,00,00,00,00,00,00,00,00,00,00,00,00,00,00,00,00,00,00,00,00,00,00,00,00,00,00,00,00,00,00,00,00,00,00,00,00,00,00,00,00,00,00]"",""time"":1557315583728}],""pId"":""af61f35a05f22124"",""type"":6}",1557315584308
"{""bId"":""100bbd8e0213"",""collectTime"":1262308098133,""pId"":""dde5925b03f22124"",""partRunControlData"":""[00,80,00,00,00,00,00,00,00,00,00,00,00,00,00,00,00,00,00,00,00,00,00,00,00,00,00,00,00,00,00,00,00,00,00,00,00,00,19,05,08,19,54,44,00,00,00,00,00,00,00,00,00,00]"",""port"":0,""type"":4}",1557315869064
"{""bId"":""100bbd5d2242"",""collectTime"":1262308108342,""pId"":""dde5925b03f22124"",""partRunControlData"":""[00,80,00,00,00,00,00,00,00,00,00,00,00,00,00,00,00,00,00,00,00,00,00,00,00,00,00,00,00,00,00,00,00,00,00,00,00,00,19,05,08,19,59,49,00,00,00,00,00,00,00,00,00,00]"",""port"":1,""type"":4}",1557315879275
"{""bId"":""100bbc07838a"",""collectTime"":1262308113085,""pId"":""dde5925b03f22124"",""partReadOnlyData"":""[00,00,FA,FF,FF,FF,FF,FF,40,08,03,E8,19,CC,75,30,02,99,00,01,02,97,00,03,10,22,00,0B,10,1B,00,02,0B,B8,00,00,03,D4,00,0A,23,DB,23,DB,00,00,14,F0,00,00,00,00,00,00,00,00,00,00,00,00,02,9B,02,9B,02,97,02,96,02,99,02,99,10,1D,10,1B,10,1E,10,21,10,21,10,20,10,1D,10,1D,10,20,10,21,10,22,10,22,10,21,10,22,10,22,10,1E,00,00,FE,91,FF,D2,03,CE,0C,E6,00,02,00,00,19,F0,10,21]"",""port"":2,""type"":3}",1557315884014
"{""bId"":""10090c095d27"",""collectTime"":1557316304275,""pId"":""af61f35a05f22124"",""partReadOnlyData"":""[00,00,00,8F,FF,FF,FF,FF,00,0B,03,C0,19,AC,77,24,02,91,00,02,02,8E,00,01,10,11,00,09,10,04,00,01,0B,B8,01,F4,03,B6,00,0A,22,8F,24,46,00,05,14,2E,00,00,00,00,00,00,00,00,00,00,00,00,02,95,02,95,02,93,02,90,02,8E,02,91,10,04,10,0C,10,0B,10,0A,10,09,10,0C,10,0B,10,07,10,11,10,0C,10,10,10,0F,10,0D,10,0D,10,08,10,0E,00,00,FE,D0,00,03,FC,42,0C,D0,00,01,13,AA,19,F0,10,0F]"",""port"":6,""type"":3}",1557316304942
"{""bId"":""10090c095d27"",""collectTime"":1557316309267,""pId"":""af61f35a05f22124"",""partRunControlData"":""[00,83,00,00,00,00,00,00,00,00,00,00,00,00,00,00,00,00,00,00,00,00,00,00,00,00,00,00,00,00,00,00,00,00,00,00,00,00,19,05,08,19,51,56,00,00,00,00,00,00,00,00,00,00]"",""port"":6,""type"":4}",1557316309843
"{""list"":[{""content"":""[1F,07,A3,07,00,00,00,00,00,00,00,00,00,00,00,00,00,00,00,00,00,00,00,00,00,00,00,00,00,00,00,00,00,00,00,00,00,00,00,00,00,00,00,00,00,00,00,00,00,00,00,00,00,00,00,00,00,00,00,00,00,00,00,00,00,00,00,00,00,DC,07,C0,00,00,00,00,00,00,00,00,00,00,00,00,00,00,00,00,00,00,00,00,00,00,00,00,00,00,00,00,00,00,00,00,00,00,00,00,00,00,00,00,00,00,00,00,00,00,00,00,00,00,00,00,00,00,00,00,00,00,00,00,00,00,00,00,00,00,00]"",""time"":1557316337668}],""pId"":""af61f35a05f22124"",""type"":6}",1557316338267
"{""bId"":""100bbd8e0213"",""collectTime"":1262308818187,""pId"":""dde5925b03f22124"",""partRunControlData"":""[00,80,00,00,00,00,00,00,00,00,00,00,00,00,00,00,00,00,00,00,00,00,00,00,00,00,00,00,00,00,00,00,00,00,00,00,00,00,19,05,08,20,06,44,00,00,00,00,00,00,00,00,00,00]"",""port"":0,""type"":4}",1557316589129
"{""bId"":""100bbd5d2242"",""collectTime"":1262308823314,""pId"":""dde5925b03f22124"",""partReadOnlyData"":""[00,00,05,50,FF,FF,FF,FF,40,08,03,DE,19,CA,75,30,02,9C,00,03,02,98,00,01,10,22,00,08,10,1B,00,01,0B,B8,00,00,03,AC,00,10,23,A3,24,00,00,00,14,CF,00,00,00,00,00,00,00,00,00,00,00,00,02,A2,02,A2,02,9C,02,96,02,98,02,9A,10,1B,10,1D,10,1D,10,20,10,1D,10,1F,10,21,10,22,10,1F,10,20,10,1C,10,1E,10,1E,10,20,10,1E,10,1D,00,00,01,B7,00,86,03,C4,0C,DF,00,01,00,05,19,F0,10,18]"",""port"":1,""type"":3}",1557316594244
"{""bId"":""100bbd5d2242"",""collectTime"":1262308828622,""pId"":""dde5925b03f22124"",""partRunControlData"":""[00,80,00,00,00,00,00,00,00,00,00,00,00,00,00,00,00,00,00,00,00,00,00,00,00,00,00,00,00,00,00,00,00,00,00,00,00,00,19,05,08,20,11,49,00,00,00,00,00,00,00,00,00,00]"",""port"":1,""type"":4}",1557316599554
"{""bId"":""100bbc07838a"",""collectTime"":1262308833364,""pId"":""dde5925b03f22124"",""partReadOnlyData"":""[00,00,FA,FF,FF,FF,FF,FF,40,08,03,E8,19,CC,75,30,02,99,00,01,02,97,00,03,10,22,00,0B,10,1B,00,02,0B,B8,00,00,03,D4,00,0A,23,DB,23,DB,00,00,14,F0,00,00,00,00,00,00,00,00,00,00,00,00,02,9B,02,9B,02,97,02,96,02,99,02,99,10,1D,10,1B,10,1E,10,21,10,21,10,20,10,1D,10,1D,10,20,10,21,10,22,10,22,10,21,10,22,10,22,10,20,00,00,FE,91,FF,D6,03,CE,0C,E6,00,02,00,00,19,F0,10,21]"",""port"":2,""type"":3}",1557316604295
"{""bId"":""10090c095d27"",""collectTime"":1557316676079,""pId"":""af61f35a05f22124"",""partReadOnlyData"":""[00,00,00,8F,FF,FF,FF,FF,00,0B,03,DE,19,E3,76,CD,02,95,00,02,02,91,00,01,10,34,00,0C,10,27,00,01,0B,B8,01,E3,03,B6,00,0A,23,EA,24,47,00,01,14,F9,00,00,00,00,00,00,00,00,00,00,00,00,02,99,02,99,02,97,02,91,02,91,02,95,10,27,10,2D,10,2D,10,2E,10,2C,10,2F,10,2E,10,2A,10,32,10,2F,10,33,10,34,10,32,10,30,10,29,10,30,00,00,FE,CA,00,03,FC,47,0C,D1,00,01,0F,B5,19,F0,10,30]"",""port"":6,""type"":3}",1557316676642
"{""bId"":""10090c095d27"",""collectTime"":1557316686255,""logIndex"":145,""pId"":""af61f35a05f22124"",""partLog"":""[91,00,00,00,18,04,16,10,34,06,08,FF,FF,FF,FF,FF,FF,FF,FF,00,1B,02,80,16,39,6D,08,02,E6,00,02,02,DF,00,01,0D,F4,00,10,0D,DA,00,09,0B,B8,02,BC,03,E8,00,08,19,C5,28,C5,00,00,0F,0C,00,00,00,00,00,00,00,00,00,00,00,00,03,18,03,18,02,DE,02,DC,02,DF,02,E6,0D,E8,0D,DE,0D,E1,0D,E7,0D,E0,0D,DD,0D,EB,0D,DF,0D,DA,0D,DE,0D,E2,0D,DF,0D,EE,0D,E1,0D,EB,0D,F4,80,00,FE,AB,FC,36,00,27,00,83,00,8C,B2]"",""port"":6,""type"":5}",1557316686812
"{""bId"":""100bbd8e0213"",""collectTime"":1262309178551,""pId"":""dde5925b03f22124"",""partRunControlData"":""[00,80,00,00,00,00,00,00,00,00,00,00,00,00,00,00,00,00,00,00,00,00,00,00,00,00,00,00,00,00,00,00,00,00,00,00,00,00,19,05,08,20,12,44,00,00,00,00,00,00,00,00,00,00]"",""port"":0,""type"":4}",1557316949483
"{""bId"":""10090c095d27"",""collectTime"":1557317047888,""pId"":""af61f35a05f22124"",""partReadOnlyData"":""[00,00,00,8F,FF,FF,FF,FF,00,0B,03,DE,19,E5,76,0C,02,97,00,02,02,94,00,01,10,37,00,10,10,29,00,01,0B,B8,00,D2,03,B6,00,0A,23,E9,24,46,00,02,14,F8,00,00,00,00,00,00,00,00,00,00,00,00,02,9B,02,9B,02,99,02,91,02,94,02,97,10,29,10,2F,10,2F,10,2E,10,2C,10,2F,10,2F,10,2C,10,33,10,2F,10,33,10,33,10,31,10,30,10,2B,10,37,00,00,FE,C8,00,05,FC,40,0C,D1,00,01,08,4D,19,F0,10,30]"",""port"":6,""type"":3}",1557317048542
"{""bId"":""10090c095d27"",""collectTime"":1557317052845,""pId"":""af61f35a05f22124"",""partRunControlData"":""[00,83,00,00,00,00,00,00,00,00,00,00,00,00,00,00,00,00,00,00,00,00,00,00,00,00,00,00,00,00,00,00,00,00,00,00,00,00,19,05,08,20,04,20,00,00,00,00,00,00,00,00,00,00]"",""port"":6,""type"":4}",1557317053417
"{""bId"":""10090c095d27"",""collectTime"":1557317058257,""logIndex"":146,""pId"":""af61f35a05f22124"",""partLog"":""[92,00,00,00,18,04,16,10,34,11,08,FF,FF,FF,FF,FF,FF,FF,FF,00,1B,02,76,16,34,6D,05,02,E6,00,02,02,E0,00,01,0D,F0,00,10,0D,CF,00,09,0B,B8,02,BC,03,E8,00,08,19,A6,28,C5,00,00,0E,FA,00,00,00,00,00,00,00,00,00,00,00,00,03,18,03,18,02,DE,02,DC,02,E0,02,E6,0D,E9,0D,DF,0D,DE,0D,DB,0D,D9,0D,DD,0D,DF,0D,DC,0D,CF,0D,E9,0D,E5,0D,E1,0D,E6,0D,E3,0D,E4,0D,F0,10,01,FE,A5,FC,32,00,23,00,83,00,38,9B]"",""port"":6,""type"":5}",1557317058822
"{""bId"":""100bbd8e0213"",""collectTime"":1262307733173,""pId"":""dde5925b03f22124"",""partReadOnlyData"":""[00,01,FF,29,FF,FF,FF,FF,40,08,03,E8,19,C7,75,30,02,9F,00,02,02,99,00,01,10,1E,00,0A,10,19,00,02,0B,B8,00,00,03,98,00,0B,26,4A,26,A7,00,00,16,5C,00,00,00,00,00,00,00,00,00,00,00,00,02,9A,02,9A,02,9B,02,12,02,99,02,9F,10,1A,10,19,10,1B,10,1C,10,1D,10,1A,10,1D,10,1D,10,1D,10,1E,10,1E,10,1C,10,1E,10,1D,10,1E,10,1E,00,00,FF,4F,00,86,03,EB,0C,DD,00,01,00,00,19,F0,10,1F]"",""port"":0,""type"":3}",1557315504226
"{""bId"":""100bbd8e0213"",""collectTime"":1262307737881,""pId"":""dde5925b03f22124"",""partRunControlData"":""[00,80,00,00,00,00,00,00,00,00,00,00,00,00,00,00,00,00,00,00,00,00,00,00,00,00,00,00,00,00,00,00,00,00,00,00,00,00,19,05,08,19,48,44,00,00,00,00,00,00,00,00,00,00]"",""port"":0,""type"":4}",1557315508806
"{""bId"":""100bbd5d2242"",""collectTime"":1262307748016,""pId"":""dde5925b03f22124"",""partRunControlData"":""[00,80,00,00,00,00,00,00,00,00,00,00,00,00,00,00,00,00,00,00,00,00,00,00,00,00,00,00,00,00,00,00,00,00,00,00,00,00,19,05,08,19,53,49,00,00,00,00,00,00,00,00,00,00]"",""port"":1,""type"":4}",1557315518936
"{""bId"":""100bbc07838a"",""collectTime"":1262307757833,""pId"":""dde5925b03f22124"",""partRunControlData"":""[00,80,00,00,00,00,00,00,00,00,00,00,00,00,00,00,00,00,00,00,00,00,00,00,00,00,00,00,00,00,00,00,00,00,00,00,00,00,19,05,08,19,49,55,00,00,00,00,00,00,00,00,00,00]"",""port"":2,""type"":4}",1557315528756
"{""list"":[{""content"":""[31,07,BA,07,00,00,00,00,00,BA,07,00,00,00,00,08,00,00,00,00,00,00,00,00,00,00,00,00,00,00,00,00,00,00,00,00,00,00,00,00,00,00,00,00,00,00,00,00,00,00,00,00,00,00,00,00,00,00,00,00,00,00,00,00,00,00,00,00,00,00,00,00,00,00,00,00,00,00,00,00,00,00,00,00,00,00,00,00,00,00,00,00,00,00,00,00,00,00,00,00,00,00,00,00,00,00,00,00,00,00,00,00,00,00,00,00,00,00,00,00,00,00,00,00,00,00,00,00,00,00,00,00,00,00,00,00,00,00,00]"",""time"":1557294116841}],""pId"":""f533935b08f8c924"",""type"":6}",1557315747852
"{""bId"":""100bbd8e0213"",""collectTime"":1262308093414,""pId"":""dde5925b03f22124"",""partReadOnlyData"":""[00,01,FF,29,FF,FF,FF,FF,40,08,03,E8,19,C6,75,30,02,9F,00,02,02,99,00,01,10,1F,00,0F,10,19,00,02,0B,B8,00,00,03,98,00,0B,26,4A,26,A7,00,00,16,5C,00,00,00,00,00,00,00,00,00,00,00,00,02,9A,02,9A,02,9B,02,12,02,99,02,9F,10,1A,10,19,10,1B,10,1C,10,1C,10,1A,10,1D,10,1D,10,1D,10,1E,10,1E,10,1C,10,1E,10,1D,10,1F,10,1C,00,00,FF,5C,00,7E,03,F3,0C,DD,00,01,00,00,19,F0,10,1F]"",""port"":0,""type"":3}",1557315864483
"{""bId"":""100bbd5d2242"",""collectTime"":1262308103048,""pId"":""dde5925b03f22124"",""partReadOnlyData"":""[00,00,05,50,FF,FF,FF,FF,40,08,03,DE,19,CA,75,30,02,9C,00,03,02,98,00,01,10,23,00,08,10,1B,00,01,0B,B8,00,00,03,AC,00,10,23,A3,24,00,00,00,14,CF,00,00,00,00,00,00,00,00,00,00,00,00,02,A2,02,A2,02,9C,02,96,02,98,02,9A,10,1B,10,1D,10,1E,10,21,10,1D,10,1F,10,21,10,23,10,1F,10,20,10,1C,10,1F,10,1F,10,20,10,1F,10,1E,00,00,01,A3,00,82,03,C4,0C,E0,00,01,00,00,19,F0,10,18]"",""port"":1,""type"":3}",1557315873989
"{""bId"":""100bbc07838a"",""collectTime"":1262308117812,""pId"":""dde5925b03f22124"",""partRunControlData"":""[00,80,00,00,00,00,00,00,00,00,00,00,00,00,00,00,00,00,00,00,00,00,00,00,00,00,00,00,00,00,00,00,00,00,00,00,00,00,19,05,08,19,55,55,00,00,00,00,00,00,00,00,00,00]"",""port"":2,""type"":4}",1557315888742
"{""bId"":""10090c095d27"",""collectTime"":1557315932438,""pId"":""af61f35a05f22124"",""partReadOnlyData"":""[00,00,00,8F,FF,FF,FF,FF,00,0B,03,84,19,44,77,24,02,8D,00,02,02,8A,00,01,0F,D1,00,09,0F,C4,00,01,0B,B8,01,F4,03,B6,00,0A,20,8C,24,45,00,0B,13,01,00,00,00,00,00,00,00,00,00,00,00,00,02,91,02,91,02,90,02,8E,02,8A,02,8D,0F,C4,0F,CA,0F,C9,0F,CA,0F,C8,0F,CB,0F,C8,0F,C4,0F,D1,0F,CB,0F,CF,0F,CE,0F,CD,0F,CC,0F,C8,0F,CF,00,00,FE,D2,FF,FF,FC,47,0C,D0,00,01,13,AA,19,F0,0F,CE]"",""port"":6,""type"":3}",1557315933112
"{""bId"":""10090c095d27"",""collectTime"":1557315937136,""pId"":""af61f35a05f22124"",""partRunControlData"":""[00,83,00,00,00,00,00,00,00,00,00,00,00,00,00,00,00,00,00,00,00,00,00,00,00,00,00,00,00,00,00,00,00,00,00,00,00,00,19,05,08,19,45,44,00,00,00,00,00,00,00,00,00,00]"",""port"":6,""type"":4}",1557315937712
"{""bId"":""10090c095d27"",""collectTime"":1557315942357,""logIndex"":143,""pId"":""af61f35a05f22124"",""partLog"":""[8F,00,00,00,18,04,16,10,33,56,08,FF,FF,FF,FF,FF,FF,FF,FF,00,1B,02,80,16,40,6D,05,02,E4,00,02,02,DE,00,01,0D,F6,00,10,0D,D7,00,09,0B,B8,02,BC,03,E8,00,08,1A,01,28,C5,00,00,0F,2F,00,00,00,00,00,00,00,00,00,00,00,00,03,15,03,15,02,DD,02,DB,02,DE,02,E4,0D,F4,0D,EA,0D,E8,0D,E8,0D,E5,0D,E7,0D,E4,0D,DE,0D,D7,0D,ED,0D,E7,0D,EE,0D,EC,0D,E8,0D,EA,0D,F6,80,08,FE,AB,FC,38,00,27,00,83,00,EF,B8]"",""port"":6,""type"":5}",1557315942948
"{""list"":[{""content"":""[8C,07,81,07,00,00,00,00,00,BB,07,00,00,00,00,00,00,00,00,B4,07,00,00,00,00,00,00,00,00,BD,07,00,00,00,00,00,00,00,00,00,00,00,00,00,00,00,00,00,00,00,00,00,00,00,00,00,00,00,00,00,00,00,00,00,00,00,00,00,00,00,00,00,00,00,00,00,00,00,00,00,00,00,00,00,00,00,00,00,00,00,00,00,00,00,00,00,00,00,00,00,00,00,00,00,00,00,00,00,00,CD,07,00,00,00,00,00,00,00,00,B8,07,00,00,00,00,00,00,00,00,00,00,00,00,00,00,00,00,00,00]"",""time"":1262308294569}],""pId"":""dde5925b03f22124"",""type"":6}",1557316065499
"{""bId"":""100bbd8e0213"",""collectTime"":1262308453203,""pId"":""dde5925b03f22124"",""partReadOnlyData"":""[00,01,FF,29,FF,FF,FF,FF,40,08,03,E8,19,C7,75,30,02,9F,00,02,02,99,00,01,10,20,00,10,10,19,00,01,0B,B8,00,00,03,98,00,0B,26,48,26,A7,00,00,16,5B,00,00,00,00,00,00,00,00,00,00,00,00,02,9A,02,9A,02,9B,02,12,02,99,02,9F,10,19,10,19,10,1B,10,1C,10,1C,10,1A,10,1D,10,1D,10,1C,10,1E,10,1E,10,1C,10,1E,10,1D,10,1E,10,20,00,00,FF,5C,00,84,03,EF,0C,DF,00,01,00,00,19,F0,10,1F]"",""port"":0,""type"":3}",1557316224264
"{""bId"":""100bbc07838a"",""collectTime"":1262308478115,""pId"":""dde5925b03f22124"",""partRunControlData"":""[00,80,00,00,00,00,00,00,00,00,00,00,00,00,00,00,00,00,00,00,00,00,00,00,00,00,00,00,00,00,00,00,00,00,00,00,00,00,19,05,08,20,01,55,00,00,00,00,00,00,00,00,00,00]"",""port"":2,""type"":4}",1557316249041
"{""bId"":""100bbd8e0213"",""collectTime"":1262308457949,""pId"":""dde5925b03f22124"",""partRunControlData"":""[00,80,00,00,00,00,00,00,00,00,00,00,00,00,00,00,00,00,00,00,00,00,00,00,00,00,00,00,00,00,00,00,00,00,00,00,00,00,19,05,08,20,00,44,00,00,00,00,00,00,00,00,00,00]"",""port"":0,""type"":4}",1557316228874
"{""bId"":""100bbd5d2242"",""collectTime"":1262308468340,""pId"":""dde5925b03f22124"",""partRunControlData"":""[00,80,00,00,00,00,00,00,00,00,00,00,00,00,00,00,00,00,00,00,00,00,00,00,00,00,00,00,00,00,00,00,00,00,00,00,00,00,19,05,08,20,05,49,00,00,00,00,00,00,00,00,00,00]"",""port"":1,""type"":4}",1557316239273
"{""bId"":""100bbc07838a"",""collectTime"":1262308473207,""pId"":""dde5925b03f22124"",""partReadOnlyData"":""[00,00,FA,FF,FF,FF,FF,FF,40,08,03,E8,19,CC,75,30,02,99,00,01,02,97,00,03,10,22,00,0C,10,1B,00,02,0B,B8,00,00,03,D4,00,0A,23,DB,23,DB,00,00,14,F0,00,00,00,00,00,00,00,00,00,00,00,00,02,9B,02,9B,02,97,02,97,02,99,02,99,10,1D,10,1B,10,1E,10,21,10,21,10,20,10,1D,10,1D,10,20,10,21,10,21,10,22,10,21,10,22,10,21,10,1E,00,00,FE,93,FF,D6,03,D0,0C,E6,00,02,00,00,19,F0,10,21]"",""port"":2,""type"":3}",1557316244150
"{""bId"":""10090c095d27"",""collectTime"":1557316314484,""logIndex"":144,""pId"":""af61f35a05f22124"",""partLog"":""[90,00,00,00,18,04,16,10,34,01,08,FF,FF,FF,FF,FF,FF,FF,FF,00,1B,02,80,16,3C,6D,16,02,E5,00,02,02,DF,00,01,0D,F8,00,10,0D,DF,00,07,0B,B8,02,BC,03,E8,00,08,19,E3,28,C5,00,00,0F,1E,00,00,00,00,00,00,00,00,00,00,00,00,03,16,03,16,02,DD,02,DB,02,DF,02,E5,0D,EC,0D,E4,0D,E3,0D,E6,0D,E2,0D,E4,0D,DF,0D,E6,0D,E4,0D,E3,0D,E5,0D,E1,0D,E6,0D,E3,0D,E6,0D,F8,10,00,FE,AB,FC,3E,00,29,00,83,00,FE,1F]"",""port"":6,""type"":5}",1557316315068
"{""list"":[{""content"":""[30,07,BF,07,00,00,00,00,00,BA,07,00,00,00,00,08,00,00,00,00,00,00,00,00,00,00,00,00,00,00,00,00,00,00,00,00,00,00,00,00,00,00,00,00,00,00,00,00,00,00,00,00,00,00,00,00,00,00,00,00,00,00,00,00,00,00,00,00,00,00,00,00,00,00,00,00,00,00,00,00,00,00,00,00,00,00,00,00,00,00,00,00,00,00,00,00,00,00,00,00,00,00,00,00,00,00,00,00,00,00,00,00,00,00,00,00,00,00,00,00,00,00,00,00,00,00,00,00,00,00,00,00,00,00,00,00,00,00,00]"",""time"":1557294866602}],""pId"":""f533935b08f8c924"",""type"":6}",1557316494595
"{""bId"":""100bbd8e0213"",""collectTime"":1262308813661,""pId"":""dde5925b03f22124"",""partReadOnlyData"":""[00,01,FF,29,FF,FF,FF,FF,40,08,03,E8,19,C6,75,30,02,9F,00,02,02,99,00,01,10,1E,00,0A,10,19,00,02,0B,B8,00,00,03,98,00,0B,26,45,26,A7,00,00,16,59,00,00,00,00,00,00,00,00,00,00,00,00,02,9A,02,9A,02,9B,02,12,02,99,02,9F,10,1A,10,19,10,1A,10,1C,10,1C,10,1A,10,1C,10,1D,10,1C,10,1E,10,1D,10,1C,10,1D,10,1D,10,1E,10,1D,00,00,FF,4F,00,8C,03,E6,0C,DC,00,01,00,00,19,F0,10,1F]"",""port"":0,""type"":3}",1557316584714
"{""bId"":""100bbc07838a"",""collectTime"":1262308838063,""pId"":""dde5925b03f22124"",""partRunControlData"":""[00,80,00,00,00,00,00,00,00,00,00,00,00,00,00,00,00,00,00,00,00,00,00,00,00,00,00,00,00,00,00,00,00,00,00,00,00,00,19,05,08,20,07,55,00,00,00,00,00,00,00,00,00,00]"",""port"":2,""type"":4}",1557316608974
"{""bId"":""10090c095d27"",""collectTime"":1557316681091,""pId"":""af61f35a05f22124"",""partRunControlData"":""[00,83,00,00,00,00,00,00,00,00,00,00,00,00,00,00,00,00,00,00,00,00,00,00,00,00,00,00,00,00,00,00,00,00,00,00,00,00,19,05,08,19,58,08,00,00,00,00,00,00,00,00,00,00]"",""port"":6,""type"":4}",1557316681653
"{""list"":[{""content"":""[90,07,7B,07,00,00,00,00,00,BA,07,00,00,00,00,00,00,00,00,B3,07,00,00,00,00,00,00,00,00,BE,07,00,00,00,00,00,00,00,00,00,00,00,00,00,00,00,00,00,00,00,00,00,00,00,00,00,00,00,00,00,00,00,00,00,00,00,00,00,00,00,00,00,00,00,00,00,00,00,00,00,00,00,00,00,00,00,00,00,00,00,00,00,00,00,00,00,00,00,00,00,00,00,00,00,00,00,00,00,00,D1,07,00,00,00,00,00,00,00,00,B7,07,00,00,00,00,00,00,00,00,00,00,00,00,00,00,00,00,00,00]"",""time"":1262308930551}],""pId"":""dde5925b03f22124"",""type"":6}",1557316701593
"{""bId"":""100bbd8e0213"",""collectTime"":1262309173402,""pId"":""dde5925b03f22124"",""partReadOnlyData"":""[00,01,FF,29,FF,FF,FF,FF,40,08,03,DE,19,C6,75,30,02,A0,00,02,02,99,00,01,10,1E,00,0A,10,19,00,02,0B,B8,00,00,03,98,00,0B,26,42,26,A7,00,00,16,57,00,00,00,00,00,00,00,00,00,00,00,00,02,9A,02,9A,02,9B,02,12,02,99,02,A0,10,1A,10,19,10,1B,10,1C,10,1C,10,1A,10,1C,10,1C,10,1C,10,1E,10,1D,10,1C,10,1D,10,1D,10,1E,10,1E,00,00,FF,51,00,92,03,E8,0C,DD,00,01,00,00,19,F0,10,1F]"",""port"":0,""type"":3}",1557316944461
"{""bId"":""100bbd5d2242"",""collectTime"":1262309183666,""pId"":""dde5925b03f22124"",""partReadOnlyData"":""[00,00,05,50,FF,FF,FF,FF,40,08,03,DE,19,CA,75,30,02,9C,00,03,02,98,00,01,10,22,00,08,10,1B,00,01,0B,B8,00,00,03,AC,00,10,23,A3,24,00,00,00,14,CF,00,00,00,00,00,00,00,00,00,00,00,00,02,A2,02,A2,02,9C,02,96,02,98,02,9A,10,1B,10,1D,10,1E,10,20,10,1D,10,1F,10,21,10,22,10,1F,10,20,10,1C,10,1E,10,1F,10,20,10,1E,10,1D,00,00,01,B3,00,80,03,B9,0C,DE,00,01,00,00,19,F0,10,18]"",""port"":1,""type"":3}",1557316954604
"{""bId"":""100bbd5d2242"",""collectTime"":1262309188207,""pId"":""dde5925b03f22124"",""partRunControlData"":""[00,80,00,00,00,00,00,00,00,00,00,00,00,00,00,00,00,00,00,00,00,00,00,00,00,00,00,00,00,00,00,00,00,00,00,00,00,00,19,05,08,20,17,49,00,00,00,00,00,00,00,00,00,00]"",""port"":1,""type"":4}",1557316959133
"{""bId"":""100bbc07838a"",""collectTime"":1262309198184,""pId"":""dde5925b03f22124"",""partRunControlData"":""[00,00,00,00,00,00,00,00,00,00,00,00,00,00,00,00,00,00,00,00,00,00,00,00,00,00,00,00,00,00,00,00,00,00,00,00,00,00,19,05,08,20,13,56,00,00,00,00,00,00,00,00,00,00]"",""port"":2,""type"":4}",1557316969104
"{""bId"":""100bbd8e0213"",""collectTime"":1262304111067,""pId"":""dde5925b03f22124"",""partDeviceInfo"":""[00,09,0D,12,01,05,FE,FE,00,1B,00,00,01,E7,24,4F,40,05,59,97,7F,D1,00,01,16,D0,27,10,FF,FF,10,0B,BD,8E,02,13,00,02,06,A1,00,02,2E,95,00,02,10,3B,00,10,0F,ED,00,02,02,BF,00,02,02,6C,00,01,00,F7,00,27]"",""port"":3,""type"":1}",1557295733178
"{""bId"":""100bbd8e0213"",""collectTime"":1262304115973,""pId"":""dde5925b03f22124"",""partProtectionParameter"":""[10,CE,10,04,0C,80,00,08,0D,AC,00,14,00,08,00,3C,0B,B4,0D,AC,04,B0,00,20,0F,A0,00,10,17,29,1E,C4,03,84,00,14,03,52,04,1A,00,14,03,E8,01,90,00,14,01,A4,00,96,00,14,00,C8,04,B0,00,04,04,4C,04,B0,00,04,04,4C,10,68,00,08,10,36,0D,7A,00,08,0D,AC,03,E8,00,10,03,B6,0B,B8,00,10,0B,54,03,20,00,08,03,0C,03,B6,00,08,03,AC,01,AE,00,08,01,C2,00,FA,00,08,01,04,04,6A,1E,B3]"",""port"":3,""type"":2}",1557295738088
"{""bId"":""100bbc07838a"",""collectTime"":1262304121093,""pId"":""dde5925b03f22124"",""partDeviceInfo"":""[00,0A,0D,12,01,05,01,02,00,1F,00,00,02,70,24,7F,09,06,59,70,F5,64,00,01,16,D0,27,10,FF,FF,10,0B,BC,07,83,8A,00,01,05,41,00,01,2D,28,00,02,10,3B,00,0E,07,6A,00,10,02,D3,00,02,02,73,00,03,00,F4,04,23]"",""port"":6,""type"":1}",1557295743207
"{""bId"":""100bbc07838a"",""collectTime"":1262304126320,""pId"":""dde5925b03f22124"",""partProtectionParameter"":""[10,98,10,04,0C,80,00,08,0D,AC,00,14,00,08,00,3C,0B,B4,0D,AC,02,A3,00,24,0F,A0,00,10,17,68,1F,18,03,84,00,0C,03,52,04,1A,00,14,03,E8,01,90,00,0C,01,A4,00,96,00,14,00,C8,04,B0,00,04,04,4C,04,B0,00,04,04,4C,10,68,00,08,10,36,0D,7A,00,08,0D,AC,00,A0,00,04,00,78,0B,B8,00,10,0B,54,03,20,00,08,03,0C,03,B6,00,08,03,AC,01,AE,00,08,01,C2,00,FA,00,08,01,04,04,5E,1E,AE]"",""port"":6,""type"":2}",1557295748425
"{""bId"":""100bbd5d2242"",""collectTime"":1262304131105,""pId"":""dde5925b03f22124"",""partReadOnlyData"":""[00,00,05,50,FF,FF,FF,FF,40,08,03,DE,19,C8,75,30,02,9D,00,03,02,98,00,01,10,21,00,08,10,1A,00,01,0B,B8,00,00,03,AC,00,10,23,A2,23,FF,00,00,14,CF,00,00,00,00,00,00,00,00,00,00,00,00,02,A2,02,A2,02,9D,02,95,02,98,02,9B,10,1A,10,1C,10,1D,10,1F,10,1C,10,1E,10,1F,10,21,10,1E,10,1F,10,1A,10,1D,10,1D,10,1F,10,1D,10,1C,00,00,01,C3,00,8C,03,BB,0C,DF,00,01,00,00,19,F0,10,17]"",""port"":1,""type"":3}",1557295753222
"{""list"":[{""content"":""[D2,07,B0,07,00,00,00,00,00,00,00,00,00,00,00,00,00,00,00,00,00,00,00,00,00,00,00,00,00,00,00,00,00,00,00,00,00,00,00,00,00,00,00,00,00,00,00,00,00,00,00,00,00,00,00,00,00,00,00,00,00,00,00,00,00,00,00,00,00,E5,07,00,00,00,00,00,00,00,00,00,00,00,00,00,00,00,00,00,00,00,00,00,00,00,00,00,00,00,00,00,00,00,00,00,00,00,00,00,00,00,00,00,00,00,00,00,00,00,00,00,00,00,00,00,00,00,00,00,00,00,00,00,00,00,00,00,00,00,00]"",""time"":1557295781450}],""pId"":""af61f35a05f22124"",""type"":6}",1557295786195
"{""bId"":""100bbd5d2242"",""collectTime"":1557295994067,""pId"":""dde5925b03f22124"",""partDeviceInfo"":""[00,0A,0D,12,01,05,01,01,00,1F,00,00,02,70,24,CB,70,03,59,97,0B,28,00,01,16,D0,27,10,FF,FF,10,0B,BD,5D,22,42,00,00,6D,A1,00,00,95,9B,00,00,10,39,00,08,07,06,00,10,03,40,00,02,02,6E,00,02,02,C8,04,BD]"",""port"":1,""type"":1}",1557295994148
"{""bId"":""100bbd5d2242"",""collectTime"":1557295999553,""pId"":""dde5925b03f22124"",""partProtectionParameter"":""[10,9C,10,04,0C,80,00,08,0D,AC,00,14,00,08,00,3C,0B,B2,0D,AC,02,A3,00,24,0F,A0,00,10,17,3E,1E,E0,03,84,00,0C,03,52,04,1A,00,14,03,E8,01,90,00,0C,01,A4,00,96,00,14,00,C8,04,B0,00,04,04,4C,04,B0,00,04,04,4C,10,68,00,08,10,36,0D,7A,00,08,0D,AC,00,A0,00,04,00,78,0B,B8,00,10,0B,54,03,20,00,08,03,0C,03,B6,00,08,03,AC,01,AE,00,08,01,C2,00,FA,00,08,01,04,04,66,1E,B0]"",""port"":1,""type"":2}",1557295999649
"{""bId"":""100bbd8e0213"",""collectTime"":1557296009235,""pId"":""dde5925b03f22124"",""partProtectionParameter"":""[10,CE,10,04,0C,80,00,08,0D,AC,00,14,00,08,00,3C,0B,B4,0D,AC,04,B0,00,20,0F,A0,00,10,17,29,1E,C4,03,84,00,14,03,52,04,1A,00,14,03,E8,01,90,00,14,01,A4,00,96,00,14,00,C8,04,B0,00,04,04,4C,04,B0,00,04,04,4C,10,68,00,08,10,36,0D,7A,00,08,0D,AC,03,E8,00,10,03,B6,0B,B8,00,10,0B,54,03,20,00,08,03,0C,03,B6,00,08,03,AC,01,AE,00,08,01,C2,00,FA,00,08,01,04,04,6A,1E,B3]"",""port"":3,""type"":2}",1557296009295
"{""bId"":""100bbc07838a"",""collectTime"":1557296019506,""pId"":""dde5925b03f22124"",""partProtectionParameter"":""[10,98,10,04,0C,80,00,08,0D,AC,00,14,00,08,00,3C,0B,B4,0D,AC,02,A3,00,24,0F,A0,00,10,17,68,1F,18,03,84,00,0C,03,52,04,1A,00,14,03,E8,01,90,00,0C,01,A4,00,96,00,14,00,C8,04,B0,00,04,04,4C,04,B0,00,04,04,4C,10,68,00,08,10,36,0D,7A,00,08,0D,AC,00,A0,00,04,00,78,0B,B8,00,10,0B,54,03,20,00,08,03,0C,03,B6,00,08,03,AC,01,AE,00,08,01,C2,00,FA,00,08,01,04,04,5E,1E,AE]"",""port"":6,""type"":2}",1557296019604
"{""bId"":""100bbc07838a"",""collectTime"":1557296014946,""pId"":""dde5925b03f22124"",""partDeviceInfo"":""[00,0A,0D,12,01,05,01,02,00,1F,00,00,02,70,24,7F,09,06,59,70,F5,64,00,01,16,D0,27,10,FF,FF,10,0B,BC,07,83,8A,00,01,05,41,00,01,2D,28,00,02,10,3B,00,0E,07,6A,00,10,02,D3,00,02,02,73,00,03,00,F4,04,23]"",""port"":6,""type"":1}",1557296015018
"{""bId"":""100bbd5d2242"",""collectTime"":1557296029341,""pId"":""dde5925b03f22124"",""partRunControlData"":""[00,80,00,00,00,00,00,00,00,00,00,00,00,00,00,00,00,00,00,00,00,00,00,00,00,00,00,00,00,00,00,00,00,00,00,00,00,00,19,05,08,14,28,59,00,00,00,00,00,00,00,00,00,00]"",""port"":1,""type"":4}",1557296029413
"{""bId"":""100bbd8e0213"",""collectTime"":1557296034252,""pId"":""dde5925b03f22124"",""partReadOnlyData"":""[00,01,FF,29,FF,FF,FF,FF,40,08,03,E8,19,CB,75,30,02,96,00,02,02,90,00,01,10,23,00,10,10,1C,00,02,0B,B8,00,00,03,98,00,0B,26,64,26,A7,FF,FF,16,6B,00,00,00,00,00,00,00,00,00,00,00,00,02,91,02,91,02,92,02,0B,02,90,02,96,10,1D,10,1C,10,1D,10,1F,10,1F,10,1D,10,1F,10,20,10,1F,10,21,10,21,10,1F,10,21,10,20,10,21,10,23,00,00,FF,51,00,94,03,E8,0C,DF,00,01,00,00,19,F0,10,22]"",""port"":3,""type"":3}",1557296034334
"{""bId"":""100bbd8e0213"",""collectTime"":1557296039389,""pId"":""dde5925b03f22124"",""partRunControlData"":""[00,00,00,00,00,00,00,00,00,00,00,00,00,00,00,00,00,00,00,00,00,00,00,00,00,00,00,00,00,00,00,00,00,00,00,00,00,00,19,05,08,14,24,14,00,00,00,00,00,00,00,00,00,00]"",""port"":3,""type"":4}",1557296039462
"{""bId"":""100bbc07838a"",""collectTime"":1557296044256,""pId"":""dde5925b03f22124"",""partReadOnlyData"":""[00,00,FA,FF,FF,FF,FF,FF,40,08,03,E8,19,CC,75,30,02,92,00,01,02,90,00,03,10,22,00,0C,10,1B,00,02,0B,B8,00,00,03,D4,00,0A,23,C8,23,C8,FF,FF,14,E5,00,00,00,00,00,00,00,00,00,00,00,00,02,95,02,95,02,90,02,91,02,92,02,91,10,1D,10,1B,10,1E,10,21,10,21,10,20,10,1D,10,1D,10,20,10,20,10,21,10,22,10,22,10,22,10,22,10,20,00,00,FE,8B,00,34,FC,0B,0C,E9,00,02,00,00,19,F0,10,21]"",""port"":6,""type"":3}",1557296044324
"{""bId"":""100bbc07838a"",""collectTime"":1557296049171,""pId"":""dde5925b03f22124"",""partRunControlData"":""[00,00,00,00,00,00,00,00,00,00,00,00,00,00,00,00,00,00,00,00,00,00,00,00,00,00,00,00,00,00,00,00,00,00,00,00,00,00,19,05,08,14,25,15,00,00,00,00,00,00,00,00,00,00]"",""port"":6,""type"":4}",1557296049246
"{""bId"":""100bbd5d2242"",""collectTime"":1557296208875,""pId"":""dde5925b03f22124"",""partDeviceInfo"":""[00,0A,0D,12,01,05,01,01,00,1F,00,00,02,70,24,CB,70,03,59,97,0B,28,00,01,16,D0,27,10,FF,FF,10,0B,BD,5D,22,42,00,00,6D,A1,00,00,95,9B,00,00,10,39,00,08,07,06,00,10,03,40,00,02,02,6E,00,02,02,C8,04,BD]"",""port"":1,""type"":1}",1557296209095
"{""bId"":""100bbd5d2242"",""collectTime"":1557296213855,""pId"":""dde5925b03f22124"",""partProtectionParameter"":""[10,9C,10,04,0C,80,00,08,0D,AC,00,14,00,08,00,3C,0B,B2,0D,AC,02,A3,00,24,0F,A0,00,10,17,3E,1E,E0,03,84,00,0C,03,52,04,1A,00,14,03,E8,01,90,00,0C,01,A4,00,96,00,14,00,C8,04,B0,00,04,04,4C,04,B0,00,04,04,4C,10,68,00,08,10,36,0D,7A,00,08,0D,AC,00,A0,00,04,00,78,0B,B8,00,10,0B,54,03,20,00,08,03,0C,03,B6,00,08,03,AC,01,AE,00,08,01,C2,00,FA,00,08,01,04,04,66,1E,B0]"",""port"":1,""type"":2}",1557296213968
"{""bId"":""100bbd8e0213"",""collectTime"":1557296218822,""pId"":""dde5925b03f22124"",""partDeviceInfo"":""[00,09,0D,12,01,05,FE,FE,00,1B,00,00,01,E7,24,4F,40,05,59,97,7F,D1,00,01,16,D0,27,10,FF,FF,10,0B,BD,8E,02,13,00,02,06,A1,00,02,2E,95,00,02,10,3B,00,10,0F,ED,00,02,02,BF,00,02,02,6C,00,01,00,F7,00,27]"",""port"":3,""type"":1}",1557296218894
"{""bId"":""100bbc07838a"",""collectTime"":1557296229008,""pId"":""dde5925b03f22124"",""partDeviceInfo"":""[00,0A,0D,12,01,05,01,02,00,1F,00,00,02,70,24,7F,09,06,59,70,F5,64,00,01,16,D0,27,10,FF,FF,10,0B,BC,07,83,8A,00,01,05,41,00,01,2D,28,00,02,10,3B,00,0E,07,6A,00,10,02,D3,00,02,02,73,00,03,00,F4,04,23]"",""port"":6,""type"":1}",1557296229093
"{""bId"":""100bbd8e0213"",""collectTime"":1557296223891,""pId"":""dde5925b03f22124"",""partProtectionParameter"":""[10,CE,10,04,0C,80,00,08,0D,AC,00,14,00,08,00,3C,0B,B4,0D,AC,04,B0,00,20,0F,A0,00,10,17,29,1E,C4,03,84,00,14,03,52,04,1A,00,14,03,E8,01,90,00,14,01,A4,00,96,00,14,00,C8,04,B0,00,04,04,4C,04,B0,00,04,04,4C,10,68,00,08,10,36,0D,7A,00,08,0D,AC,03,E8,00,10,03,B6,0B,B8,00,10,0B,54,03,20,00,08,03,0C,03,B6,00,08,03,AC,01,AE,00,08,01,C2,00,FA,00,08,01,04,04,6A,1E,B3]"",""port"":3,""type"":2}",1557296223986
"{""bId"":""100bbc07838a"",""collectTime"":1557296233740,""pId"":""dde5925b03f22124"",""partProtectionParameter"":""[10,98,10,04,0C,80,00,08,0D,AC,00,14,00,08,00,3C,0B,B4,0D,AC,02,A3,00,24,0F,A0,00,10,17,68,1F,18,03,84,00,0C,03,52,04,1A,00,14,03,E8,01,90,00,0C,01,A4,00,96,00,14,00,C8,04,B0,00,04,04,4C,04,B0,00,04,04,4C,10,68,00,08,10,36,0D,7A,00,08,0D,AC,00,A0,00,04,00,78,0B,B8,00,10,0B,54,03,20,00,08,03,0C,03,B6,00,08,03,AC,01,AE,00,08,01,C2,00,FA,00,08,01,04,04,5E,1E,AE]"",""port"":6,""type"":2}",1557296233841
"{""bId"":""100bbce432af"",""collectTime"":1557296244004,""pId"":""dde5925b03f22124"",""partProtectionParameter"":""[10,9A,10,04,0C,80,00,08,0D,AC,00,14,00,08,00,3C,0B,B6,0D,AC,02,A3,00,24,0F,A0,00,10,17,73,1F,26,03,84,00,0C,03,52,04,1A,00,14,03,E8,01,90,00,0C,01,A4,00,96,00,14,00,C8,04,B0,00,04,04,4C,04,B0,00,04,04,4C,10,68,00,08,10,36,0D,7A,00,08,0D,AC,00,A0,00,04,00,78,0B,B8,00,10,0B,54,03,20,00,08,03,0C,03,B6,00,08,03,AC,01,AE,00,08,01,C2,00,FA,00,08,01,04,04,5C,1E,A3]"",""port"":9,""type"":2}",1557296244095
"{""bId"":""100bc28991b5"",""collectTime"":1557296248704,""pId"":""dde5925b03f22124"",""partDeviceInfo"":""[00,0A,0D,12,01,05,01,01,00,1F,00,00,02,70,24,48,CF,07,59,97,0C,42,00,01,16,D0,27,10,FF,FF,10,0B,C2,89,91,B5,00,00,9D,81,00,00,C5,72,00,02,10,3A,00,09,0F,FF,00,0B,02,B6,00,02,02,68,00,02,01,4C,00,28]"",""port"":10,""type"":1}",1557296248785
"{""bId"":""100bc28991b5"",""collectTime"":1557296254208,""pId"":""dde5925b03f22124"",""partProtectionParameter"":""[10,9C,10,04,0C,80,00,08,0D,AC,00,14,00,08,00,3C,0B,B2,0D,AC,02,A3,00,24,0F,A0,00,10,17,09,1E,9A,03,84,00,0C,03,52,04,1A,00,14,03,E8,01,90,00,0C,01,A4,00,96,00,14,00,C8,04,B0,00,04,04,4C,04,B0,00,04,04,4C,10,68,00,08,10,36,0D,7A,00,08,0D,AC,00,A0,00,04,00,78,0B,B8,00,10,0B,54,03,20,00,08,03,0C,03,B6,00,08,03,AC,01,AE,00,08,01,C2,00,FA,00,08,01,04,04,70,1E,A4]"",""port"":10,""type"":2}",1557296254302
"{""bId"":""100bbd5d2242"",""collectTime"":1557296259117,""pId"":""dde5925b03f22124"",""partReadOnlyData"":""[00,00,05,50,FF,FF,FF,FF,40,08,03,DE,19,C8,75,30,02,9D,00,03,02,99,00,01,10,21,00,08,10,1A,00,01,0B,B8,00,00,03,AC,00,10,23,A4,24,01,00,00,14,D0,00,00,00,00,00,00,00,00,00,00,00,00,02,A2,02,A2,02,9D,02,95,02,99,02,9B,10,1A,10,1C,10,1D,10,1F,10,1C,10,1E,10,1F,10,21,10,1E,10,1F,10,1A,10,1D,10,1D,10,1F,10,1D,10,1C,00,00,01,BB,00,7D,03,C4,0C,DF,00,01,00,00,19,F0,10,16]"",""port"":1,""type"":3}",1557296259223
"{""bId"":""100bbd5d2242"",""collectTime"":1557296264058,""pId"":""dde5925b03f22124"",""partRunControlData"":""[00,80,00,00,00,00,00,00,00,00,00,00,00,00,00,00,00,00,00,00,00,00,00,00,00,00,00,00,00,00,00,00,00,00,00,00,00,00,19,05,08,14,32,53,00,00,00,00,00,00,00,00,00,00]"",""port"":1,""type"":4}",1557296264135
"{""bId"":""100bbd8e0213"",""collectTime"":1557296268998,""pId"":""dde5925b03f22124"",""partReadOnlyData"":""[00,01,FF,29,FF,FF,FF,FF,40,08,03,E8,19,CC,75,30,02,96,00,02,02,90,00,01,10,25,00,10,10,1C,00,02,0B,B8,00,00,03,98,00,0B,26,64,26,A7,FF,FF,16,6B,00,00,00,00,00,00,00,00,00,00,00,00,02,91,02,91,02,92,02,0B,02,90,02,96,10,1D,10,1C,10,1D,10,1F,10,1F,10,1D,10,20,10,20,10,1F,10,21,10,21,10,1F,10,20,10,20,10,22,10,25,00,00,FF,5A,00,84,03,EB,0C,E1,00,01,00,00,19,F0,10,22]"",""port"":3,""type"":3}",1557296269075
"{""bId"":""100bbd8e0213"",""collectTime"":1557296273901,""pId"":""dde5925b03f22124"",""partRunControlData"":""[00,00,00,00,00,00,00,00,00,00,00,00,00,00,00,00,00,00,00,00,00,00,00,00,00,00,00,00,00,00,00,00,00,00,00,00,00,00,19,05,08,14,28,08,00,00,00,00,00,00,00,00,00,00]"",""port"":3,""type"":4}",1557296273974
"{""bId"":""100bbc07838a"",""collectTime"":1557296284158,""pId"":""dde5925b03f22124"",""partRunControlData"":""[00,00,00,00,00,00,00,00,00,00,00,00,00,00,00,00,00,00,00,00,00,00,00,00,00,00,00,00,00,00,00,00,00,00,00,00,00,00,19,05,08,14,29,10,00,00,00,00,00,00,00,00,00,00]"",""port"":6,""type"":4}",1557296284246
"{""bId"":""100bbc07838a"",""collectTime"":1557296278846,""pId"":""dde5925b03f22124"",""partReadOnlyData"":""[00,00,FA,FF,FF,FF,FF,FF,40,08,03,E8,19,CC,75,30,02,92,00,01,02,90,00,03,10,22,00,0C,10,1C,00,02,0B,B8,00,00,03,D4,00,0A,23,C8,23,C8,FF,FF,14,E5,00,00,00,00,00,00,00,00,00,00,00,00,02,95,02,95,02,90,02,91,02,92,02,92,10,1D,10,1C,10,1E,10,21,10,21,10,20,10,1D,10,1D,10,20,10,21,10,21,10,22,10,22,10,22,10,22,10,22,00,00,FE,80,00,32,FC,0F,0C,E8,00,02,00,00,19,F0,10,21]"",""port"":6,""type"":3}",1557296278924
"{""bId"":""100bbce432af"",""collectTime"":1557296293683,""pId"":""dde5925b03f22124"",""partRunControlData"":""[00,80,00,00,00,00,00,00,00,00,00,00,00,00,00,00,00,00,00,00,00,00,00,00,00,00,00,00,00,00,00,00,00,00,00,00,00,00,19,05,08,14,23,04,00,00,00,00,00,00,00,00,00,00]"",""port"":9,""type"":4}",1557296293765
"{""list"":[1,2,3,5,8,9,10,11,12,13],""pId"":""af61f35a05f22124"",""type"":8}",1557296405496
"{""bId"":""100bbce432af"",""collectTime"":1557296599110,""pId"":""dde5925b03f22124"",""partDeviceInfo"":""[00,0A,0D,12,01,05,01,02,00,1F,00,00,02,70,24,74,98,06,59,97,78,E4,00,01,16,D0,27,10,FF,FF,10,0B,BC,E4,32,AF,00,00,6C,E1,00,00,94,C5,00,02,10,39,00,10,0F,FA,00,05,02,B7,00,01,02,8C,00,03,00,EA,00,28]"",""port"":9,""type"":1}",1557296599304
"{""bId"":""100bbd5d2242"",""collectTime"":1557296619398,""pId"":""dde5925b03f22124"",""partReadOnlyData"":""[00,00,05,50,FF,FF,FF,FF,40,08,03,DE,19,C8,75,30,02,9D,00,03,02,99,00,01,10,21,00,08,10,1A,00,01,0B,B8,00,00,03,AC,00,10,23,A5,24,02,00,00,14,D1,00,00,00,00,00,00,00,00,00,00,00,00,02,A2,02,A2,02,9D,02,96,02,99,02,9B,10,1A,10,1C,10,1C,10,1F,10,1C,10,1E,10,1F,10,21,10,1E,10,1F,10,1A,10,1D,10,1D,10,1E,10,1D,10,1D,00,00,01,B3,00,80,03,C2,0C,DF,00,01,00,05,19,F0,10,17]"",""port"":1,""type"":3}",1557296619473
"{""bId"":""100bbd8e0213"",""collectTime"":1557296628907,""pId"":""dde5925b03f22124"",""partReadOnlyData"":""[00,01,FF,29,FF,FF,FF,FF,40,08,03,E8,19,CB,75,30,02,96,00,02,02,90,00,01,10,23,00,10,10,1C,00,02,0B,B8,00,00,03,98,00,0B,26,65,26,A7,FF,FF,16,6C,00,00,00,00,00,00,00,00,00,00,00,00,02,92,02,92,02,92,02,0C,02,90,02,96,10,1D,10,1C,10,1D,10,1F,10,1F,10,1D,10,1F,10,1F,10,1F,10,21,10,21,10,1F,10,21,10,20,10,21,10,23,00,00,FF,59,00,90,03,F1,0C,DE,00,01,00,00,19,F0,10,22]"",""port"":3,""type"":3}",1557296628985
"{""1"":""2""}",1557297201254
"{""1"":""2""}",1557297201975
"{""1"":""2""}",1557297202802
"{""1"":""2""}",1557297203440
"{""1"":""2""}",1557297204170
"{""1"":""2""}",1557297204747
"{""1"":""2""}",1557297205296
"{""1"":""2""}",1557297205862
"{""1"":""2""}",1557297206105
"{""1"":""2""}",1557297206751
"{""1"":""2""}",1557297207212
"{""1"":""2""}",1557297207773
"{""1"":""2""}",1557297208393
