76d91f5c02f22124,3.734,20.0,77.0,366,2019-05-08 11:29:08 293,7.0,24.6
76d91f5c02f22124,3.803,30.0,77.0,366,2019-05-08 11:35:08 401,7.0,26.6
76d91f5c02f22124,3.856,39.0,77.0,366,2019-05-08 11:41:08 471,7.0,28.8
76d91f5c02f22124,3.914,48.0,77.0,366,2019-05-08 11:47:08 541,7.0,30.8
76d91f5c02f22124,4.034,67.0,77.0,366,2019-05-08 11:59:08 700,7.0,34.0
76d91f5c02f22124,4.099,76.0,77.0,366,2019-05-08 12:05:08 719,7.0,35.1
76d91f5c02f22124,4.135,85.0,77.0,366,2019-05-08 12:11:08 875,6.61,36.0
76d91f5c02f22124,4.143,90.0,77.0,366,2019-05-08 12:17:08 943,3.78,36.3
76d91f5c02f22124,4.144,96.0,77.0,366,2019-05-08 12:29:09 030,1.1,36.1
76d91f5c02f22124,4.137,97.0,77.0,366,2019-05-08 12:35:09 113,1.17,35.9
76d91f5c02f22124,4.133,100.0,77.0,366,2019-05-08 12:41:09 171,0.0,35.6
55e7925b08f8c924,3.646,29.0,78.0,366,2019-05-08 17:43:13 088,7.0,28.9
55e7925b08f8c924,3.843,55.0,78.0,366,2019-05-08 18:01:13 257,7.0,33.4
55e7925b08f8c924,3.878,60.0,78.0,366,2019-05-08 18:07:13 311,7.0,33.9
55e7925b08f8c924,3.915,65.0,78.0,366,2019-05-08 18:13:13 392,7.0,34.4
55e7925b08f8c924,3.998,71.0,78.0,366,2019-05-08 18:19:13 453,7.0,34.9
55e7925b08f8c924,4.062,81.0,78.0,366,2019-05-08 18:25:13 512,7.0,35.9
55e7925b08f8c924,4.096,90.0,78.0,366,2019-05-08 18:31:13 727,5.0,36.6
55e7925b08f8c924,4.135,97.0,78.0,366,2019-05-08 18:37:13 682,5.0,37.0
55e7925b08f8c924,4.143,99.0,78.0,366,2019-05-08 18:43:13 728,3.36,37.1
55e7925b08f8c924,4.143,99.0,78.0,366,2019-05-08 18:49:13 786,1.63,37.0
55e7925b08f8c924,4.143,99.0,78.0,366,2019-05-08 19:01:14 014,0.51,36.7
55e7925b08f8c924,4.135,100.0,78.0,366,2019-05-08 19:07:14 012,0.0,36.4
55e7925b08f8c924,4.132,100.0,78.0,366,2019-05-08 19:19:14 153,0.0,36.0
55e7925b08f8c924,4.131,100.0,78.0,366,2019-05-08 19:25:14 276,0.0,35.8
55e7925b08f8c924,4.13,100.0,78.0,366,2019-05-08 19:31:14 312,0.0,35.6
55e7925b08f8c924,4.129,100.0,78.0,366,2019-05-08 19:37:14 383,0.0,35.4
e031ae5b03623c24,4.14,99.0,84.0,407,2019-05-08 00:10:21 944,0.98,37.0
43e6925b02cf4824,3.903,66.0,84.0,407,2019-05-08 02:00:26 261,7.0,35.8
43e6925b02cf4824,3.99,75.0,84.0,407,2019-05-08 02:06:26 672,7.0,36.7
43e6925b02cf4824,4.058,83.0,84.0,407,2019-05-08 02:12:26 432,7.0,37.4
43e6925b02cf4824,4.091,90.0,84.0,407,2019-05-08 02:18:26 502,5.0,37.8
43e6925b02cf4824,4.116,95.0,84.0,407,2019-05-08 02:24:26 572,5.0,37.9
43e6925b02cf4824,4.124,99.0,84.0,407,2019-05-08 02:30:26 687,4.47,37.6
43e6925b02cf4824,4.132,99.0,84.0,407,2019-05-08 02:42:26 955,2.25,36.7
43e6925b02cf4824,4.133,99.0,84.0,407,2019-05-08 02:48:26 962,1.73,36.2
43e6925b02cf4824,4.129,100.0,84.0,407,2019-05-08 02:54:27 017,0.0,35.8
55e7925b08f8c924,3.572,22.0,84.0,408,2019-05-08 18:31:13 658,7.0,25.8
55e7925b08f8c924,3.727,30.0,84.0,408,2019-05-08 18:37:13 657,7.0,26.9
55e7925b08f8c924,3.761,38.0,84.0,408,2019-05-08 18:43:13 692,7.0,28.5
55e7925b08f8c924,3.808,47.0,84.0,408,2019-05-08 18:49:13 786,7.0,30.3
55e7925b08f8c924,3.926,63.0,84.0,408,2019-05-08 19:01:13 973,7.0,33.7
55e7925b08f8c924,3.989,72.0,84.0,408,2019-05-08 19:07:13 997,7.0,35.1
55e7925b08f8c924,4.052,80.0,84.0,408,2019-05-08 19:13:14 062,7.0,36.3
55e7925b08f8c924,4.088,88.0,84.0,408,2019-05-08 19:19:14 152,5.0,37.1
55e7925b08f8c924,4.128,94.0,84.0,408,2019-05-08 19:25:14 187,5.0,37.5
55e7925b08f8c924,4.139,98.0,84.0,408,2019-05-08 19:31:14 267,3.37,37.6
55e7925b08f8c924,4.139,99.0,84.0,408,2019-05-08 19:37:14 367,1.61,37.5
55e7925b08f8c924,4.139,99.0,84.0,408,2019-05-08 19:49:14 507,0.61,37.1
55e7925b08f8c924,4.132,100.0,84.0,408,2019-05-08 19:55:14 537,0.0,36.8
55e7925b08f8c924,3.722,23.0,82.0,371,2019-05-08 07:43:22 051,7.0,22.8
55e7925b08f8c924,3.757,31.0,82.0,371,2019-05-08 07:49:22 069,7.0,24.3
55e7925b08f8c924,3.797,40.0,82.0,371,2019-05-08 07:55:22 101,7.0,26.0
55e7925b08f8c924,3.846,48.0,82.0,371,2019-05-08 08:01:22 164,7.0,27.8
55e7925b08f8c924,3.904,56.0,82.0,371,2019-05-08 08:07:22 215,7.0,29.5
55e7925b08f8c924,3.967,64.0,82.0,371,2019-05-08 08:13:22 269,7.0,31.0
55e7925b08f8c924,4.03,72.0,82.0,371,2019-05-08 08:19:22 362,7.0,32.3
55e7925b08f8c924,4.096,80.0,82.0,371,2019-05-08 08:25:22 395,7.0,33.4
55e7925b08f8c924,4.125,87.0,82.0,371,2019-05-08 08:31:22 479,5.0,34.2
55e7925b08f8c924,4.135,92.0,82.0,371,2019-05-08 08:37:22 660,4.38,34.4
55e7925b08f8c924,4.141,96.0,82.0,371,2019-05-08 08:49:22 727,1.09,34.2
55e7925b08f8c924,4.143,97.0,82.0,371,2019-05-08 08:55:22 799,0.8,34.0
55e7925b08f8c924,4.13,100.0,82.0,371,2019-05-08 09:13:09 161,0.0,33.4
bde7925b08f8c924,3.768,47.0,84.0,372,2019-05-08 16:34:13 915,7.0,27.4
bde7925b08f8c924,3.901,64.0,84.0,372,2019-05-08 16:46:14 066,7.0,30.9
bde7925b08f8c924,3.967,72.0,84.0,372,2019-05-08 16:52:14 146,7.0,32.3
bde7925b08f8c924,4.032,80.0,84.0,372,2019-05-08 16:58:14 124,7.0,33.4
bde7925b08f8c924,4.117,93.0,84.0,372,2019-05-08 17:10:14 435,5.0,34.6
bde7925b08f8c924,4.142,99.0,84.0,372,2019-05-08 17:22:14 501,2.04,34.8
eba28c5a06f8c924,3.643,33.0,88.0,175,2019-05-08 04:37:00 329,7.0,25.9
eba28c5a06f8c924,3.657,35.0,88.0,175,2019-05-08 04:43:00 252,7.0,25.9
eba28c5a06f8c924,3.667,37.0,88.0,175,2019-05-08 04:49:00 294,7.0,26.1
eba28c5a06f8c924,3.674,39.0,88.0,175,2019-05-08 04:55:00 355,7.0,26.3
eba28c5a06f8c924,3.683,41.0,88.0,175,2019-05-08 05:01:00 513,7.0,26.5
eba28c5a06f8c924,3.692,43.0,88.0,175,2019-05-08 05:07:00 460,7.0,26.7
eba28c5a06f8c924,3.713,48.0,88.0,175,2019-05-08 05:19:00 659,7.0,27.2
eba28c5a06f8c924,3.726,50.0,88.0,175,2019-05-08 05:25:00 612,7.0,27.4
eba28c5a06f8c924,3.738,51.0,88.0,175,2019-05-08 05:31:00 695,7.0,27.6
eba28c5a06f8c924,3.786,58.0,88.0,175,2019-05-08 05:49:00 882,7.0,28.2
eba28c5a06f8c924,3.806,60.0,88.0,175,2019-05-08 05:55:00 869,7.0,28.3
eba28c5a06f8c924,3.827,62.0,88.0,175,2019-05-08 06:01:00 949,7.0,28.5
eba28c5a06f8c924,3.85,64.0,88.0,175,2019-05-08 06:07:00 998,7.0,28.6
eba28c5a06f8c924,3.903,70.0,88.0,175,2019-05-08 06:25:01 126,7.0,28.6
eba28c5a06f8c924,3.919,72.0,88.0,175,2019-05-08 06:31:01 155,7.0,28.6
eba28c5a06f8c924,3.934,74.0,88.0,175,2019-05-08 06:37:01 244,7.0,28.6
eba28c5a06f8c924,3.949,76.0,88.0,175,2019-05-08 06:43:01 280,7.0,28.5
eba28c5a06f8c924,3.964,78.0,88.0,175,2019-05-08 06:49:01 392,7.0,28.5
eba28c5a06f8c924,3.979,80.0,88.0,175,2019-05-08 06:55:01 404,7.0,28.4
eba28c5a06f8c924,4.011,84.0,88.0,175,2019-05-08 07:07:01 484,7.0,28.4
eba28c5a06f8c924,4.027,86.0,88.0,175,2019-05-08 07:13:01 527,5.0,28.3
eba28c5a06f8c924,4.043,88.0,88.0,175,2019-05-08 07:19:01 549,5.0,28.3
eba28c5a06f8c924,4.077,92.0,88.0,175,2019-05-08 07:31:01 646,5.0,28.3
eba28c5a06f8c924,4.091,94.0,88.0,175,2019-05-08 07:37:01 794,5.0,28.3
eba28c5a06f8c924,4.106,96.0,88.0,175,2019-05-08 07:43:01 757,5.0,28.3
eba28c5a06f8c924,4.123,98.0,88.0,175,2019-05-08 07:49:01 777,4.41,28.3
eba28c5a06f8c924,4.133,99.0,88.0,175,2019-05-08 07:55:01 943,3.0,28.3
eba28c5a06f8c924,4.138,99.0,88.0,175,2019-05-08 08:07:01 954,1.8,28.2
eba28c5a06f8c924,4.14,99.0,88.0,175,2019-05-08 08:13:01 996,1.5,28.1
eba28c5a06f8c924,4.129,100.0,88.0,175,2019-05-08 08:19:02 210,0.0,28.0
eba28c5a06f8c924,4.128,100.0,88.0,175,2019-05-08 08:25:02 102,0.0,27.9
