929d8c5a06f8c924,STA6011171000006,1,1024815d96ce,2B17194S00405,2019-06-24 01:11:00 319,4149,4150,4147,4147,4147,4143,4142,4144,4148,4150,4144,4148,4149,4150,4147,4144,0,0
929d8c5a06f8c924,STA6011171000006,3,1022d08218cf,1B16193G02187,2019-06-24 01:11:00 319,3900,3899,3899,3899,3898,3900,3899,3900,3897,3900,3900,3900,3900,3900,3900,3900,0,0
929d8c5a06f8c924,STA6011171000006,4,10235beb9d19,3B16193400340,2019-06-24 01:11:00 319,4089,4085,4085,4086,4088,4086,4083,4085,4080,4085,4084,4084,4083,4084,4085,4089,0,0
929d8c5a06f8c924,STA6011171000006,5,1022e54b16cd,1B16193G01399,2019-06-24 01:11:00 319,3709,3710,3712,3711,3709,3709,3710,3712,3707,3710,3709,3709,3710,3712,3710,3709,0,0
929d8c5a06f8c924,STA6011171000006,6,1021856bbe4b,3B16191B01106,2019-06-24 01:11:00 319,3722,3722,3720,3721,3721,3720,3720,3720,3716,3721,3720,3720,3720,3720,3720,3721,0,0
929d8c5a06f8c924,STA6011171000006,7,1016612cb41f,1B15186L02142,2019-06-24 01:11:00 319,3740,3738,3737,3734,3740,3738,3740,3740,3736,3739,3732,3732,3735,3736,3735,3737,0,0
929d8c5a06f8c924,STA6011171000006,8,1019e2f114e5,1B15189A04120,2019-06-24 01:11:00 319,3959,3958,3757,3958,3958,3958,3957,3958,3952,3956,3957,3956,3958,3957,3955,3944,128,0
929d8c5a06f8c924,STA6011171000006,9,1014c110b2af,1B15185F01862,2019-06-24 01:11:00 319,3907,3908,3908,3907,3906,3907,3903,3907,3897,3907,3908,3908,3907,3908,3905,3907,0,0
929d8c5a06f8c924,STA6011171000006,10,101a909d3cce,1B1518AS03386,2019-06-24 01:11:00 319,4094,4092,4092,4093,4092,4092,4091,4095,4086,4092,4091,4090,4092,4092,4093,4085,0,0
929d8c5a06f8c924,STA6011171000006,11,1024704d2b25,3B16193T08342,2019-06-24 01:11:00 319,3897,3899,3899,3900,3899,3899,3901,3900,3903,3900,3899,3900,3899,3900,3900,3897,0,0
929d8c5a06f8c924,STA6011171000006,12,102192717138,3B16191B01196,2019-06-24 01:11:00 319,3944,3942,3942,3942,3942,3942,3942,3944,3938,3942,3942,3942,3942,3942,3941,3940,0,0
929d8c5a06f8c924,STA6011171000006,13,102371267b5b,1B16193L00331,2019-06-24 01:11:00 319,3664,3664,3664,3663,3663,3664,3664,3666,3661,3664,3663,3665,3665,3665,3664,3665,64,0
c59e8c5a06f8c924,STA601800021,1,1017b41e26af,2B15186500750,2019-06-24 01:11:01 704,3458,3458,3458,3458,3458,3456,3458,3458,3453,3459,3454,3456,3454,3457,3457,3462,0,0
c59e8c5a06f8c924,STA601800021,3,1016a088459f,1B15186L02887,2019-06-24 01:11:01 704,3563,3565,3567,3565,3564,3562,3567,3565,3563,3568,3564,3564,3565,3565,3563,3570,0,0
c59e8c5a06f8c924,STA601800021,4,101bf22cc35e,2B16191A01080,2019-06-24 01:11:01 704,4087,4083,4084,4086,4088,4083,4082,4084,4082,4085,4081,4088,4085,4085,4085,4087,0,0
c59e8c5a06f8c924,STA601800021,5,1022e1aa807d,2B16192P03075,2019-06-24 01:11:01 704,4088,4087,4087,4087,4087,4088,4088,4088,4085,4088,4087,4089,4087,4089,4087,4091,0,0
c59e8c5a06f8c924,STA601800021,6,102452a22b0d,2B16194A01694,2019-06-24 01:11:01 704,4087,4088,4087,4087,4086,4086,4088,4089,4085,4086,4087,4089,4088,4089,4088,4088,0,0
c59e8c5a06f8c924,STA601800021,7,10245d44007b,2B16194A01704,2019-06-24 01:11:01 704,4081,4084,4082,4082,4082,4085,4084,4087,4081,4080,4080,4082,4079,4083,4087,4085,0,0
c59e8c5a06f8c924,STA601800021,8,102184cbd960,3B16191B00171,2019-06-24 01:11:01 704,4059,4059,4058,4058,4060,4057,4058,4059,4065,4061,4060,4060,4061,4060,4061,4060,0,0
c59e8c5a06f8c924,STA601800021,9,101c7cf7a635,2B16191E00740,2019-06-24 01:11:01 704,4041,4040,4038,4041,4041,4039,4038,4039,4037,4039,4039,4041,4039,4041,4040,4043,0,0
c59e8c5a06f8c924,STA601800021,11,102442f64203,2B16193T03277,2019-06-24 01:11:01 704,4080,4084,4082,4080,4085,4084,4082,4083,4081,4083,4081,4081,4082,4082,4084,4084,0,0
c59e8c5a06f8c924,STA601800021,12,10167a2c848d,1B15186L02893,2019-06-24 01:11:01 704,3574,3574,3572,3574,3576,3576,3571,3574,3576,3573,3575,3573,3574,3573,3577,3569,0,0
c59e8c5a06f8c924,STA601800021,13,1017bd84b953,2B15188101910,2019-06-24 01:11:01 704,3769,3769,3768,3770,3769,3770,3769,3770,3766,3768,3771,3772,3771,3771,3771,3768,16,0
a08d8c5a03623c24,STA601800431,1,101a3197de89,1B1518AS09558,2019-06-24 01:11:02 864,3614,3614,3609,3610,3603,3613,3610,3614,3612,3614,3613,3613,3613,3613,3614,3609,0,0
a08d8c5a03623c24,STA601800431,2,1023e556569f,3B16193T01356,2019-06-24 01:11:02 864,3743,3745,3746,3745,3745,3744,3746,3746,3749,3747,3745,3745,3745,3745,3744,3733,0,0
a08d8c5a03623c24,STA601800431,3,1021bad82714,3B16193404861,2019-06-24 01:11:02 864,4083,4085,4086,4086,4083,4082,4084,4084,4085,4085,4085,4083,4086,4087,4083,4088,0,0
a08d8c5a03623c24,STA601800431,4,1021ba76975d,3B16193404867,2019-06-24 01:11:02 864,3825,3828,3827,3828,3826,3826,3827,3827,3830,3828,3827,3828,3827,3828,3827,3825,0,0
a08d8c5a03623c24,STA601800431,5,1023f3c682d2,3B16193T06038,2019-06-24 01:11:02 864,4078,4081,4081,4084,4081,4085,4085,4086,4079,4085,4083,4084,4084,4087,4082,4087,0,0
a08d8c5a03623c24,STA601800431,6,101bf33045b5,2B16191E01829,2019-06-24 01:11:02 864,4084,4086,4088,4089,4086,4089,4088,4089,4084,4089,4088,4090,4088,4090,4089,4088,0,0
a08d8c5a03623c24,STA601800431,8,101bd5aa907d,2B1618BW01859,2019-06-24 01:11:02 864,4091,4089,4088,4090,4091,4090,4089,4090,4084,4089,4089,4089,4089,4089,4089,4088,0,0
a08d8c5a03623c24,STA601800431,9,10199379bf03,1B15189A02486,2019-06-24 01:11:02 864,4085,4084,4085,4085,4085,4083,4084,4085,4078,4084,4084,4085,4085,4085,4085,4087,0,0
a08d8c5a03623c24,STA601800431,10,1022adbb1ac2,1B16193102158,2019-06-24 01:11:02 864,4087,4085,4084,4087,4085,4087,4086,4088,4078,4086,4082,4084,4082,4084,4082,4086,0,0
a08d8c5a03623c24,STA601800431,11,1025709ddeee,2B16194F01508,2019-06-24 01:11:02 864,3599,3600,3601,3600,3600,3599,3600,3601,3600,3600,3599,3601,3600,3601,3600,3601,0,0
a08d8c5a03623c24,STA601800431,12,10141a9f476f,2B15184C04839,2019-06-24 01:11:02 864,4089,4086,4084,4083,4086,4087,4085,4084,4080,4088,4087,4088,4084,4087,4087,4086,0,0
3da38c5a06f8c924,STA601800018,1,10139108a396,1B15184600831,2019-06-24 01:11:03 049,3776,3776,3774,3774,3773,3773,3775,3773,3772,3772,3767,3776,3776,3775,3776,3776,0,0
3da38c5a06f8c924,STA601800018,2,10195d6ebde1,1B15189A00555,2019-06-24 01:11:03 049,3786,3785,3787,3785,3785,3785,3787,3788,3782,3787,3785,3784,3787,3787,3785,3784,0,0
3da38c5a06f8c924,STA601800018,3,100bf454a909,2B1317BJ01235,2019-06-24 01:11:03 049,4000,4000,3997,3999,3996,4002,4002,4002,3997,4001,4001,4000,4002,4002,4002,4000,0,0
3da38c5a06f8c924,STA601800018,5,10146b938815,1B14184601124,2019-06-24 01:11:03 049,3687,3686,3684,3688,3687,3690,3687,3684,3687,3690,3687,3688,3689,3690,3689,3686,0,0
3da38c5a06f8c924,STA601800018,6,1023c3ba4957,1B16193L02973,2019-06-24 01:11:03 049,3679,3680,3678,3680,3678,3677,3678,3678,3677,3677,3674,3675,3675,3675,3674,3666,0,0
3da38c5a06f8c924,STA601800018,7,102174b23ab1,3B16193404752,2019-06-24 01:11:03 049,3958,3959,3959,3959,3958,3960,3960,3961,3960,3961,3959,3960,3959,3960,3960,3956,0,0
3da38c5a06f8c924,STA601800018,9,1021aa38ed30,3B16191B00443,2019-06-24 01:11:03 049,3952,3952,3952,3955,3948,3954,3952,3952,3955,3957,3955,3953,3957,3955,3957,3953,0,0
3da38c5a06f8c924,STA601800018,10,101aa1288e51,1B1518AS02240,2019-06-24 01:11:03 049,3736,3736,3736,3736,3736,3737,3735,3736,3733,3736,3736,3736,3736,3736,3735,3737,0,0
3da38c5a06f8c924,STA601800018,11,1014c1c31170,1B15185F02230,2019-06-24 01:11:03 049,3727,3729,3727,3729,3727,3728,3727,3729,3727,3727,3729,3728,3728,3729,3728,3727,0,0
3da38c5a06f8c924,STA601800018,12,102351c07261,3B16193400463,2019-06-24 01:11:03 049,3899,3899,3903,3900,3898,3899,3900,3902,3901,3902,3901,3903,3903,3903,3901,3900,0,0
3da38c5a06f8c924,STA601800018,13,10143a2b3f1e,1B15184602736,2019-06-24 01:11:03 049,3586,3585,3584,3585,3585,3583,3581,3583,3581,3583,3583,3583,3583,3578,3584,3581,0,0
3da38c5a06f8c924,STA601800018,8,1019745849c5,2B15188104287,2019-06-24 01:11:03 049,3630,3630,3626,3629,3629,3627,3629,3628,3628,3626,3629,3629,3624,3628,3628,3631,0,0
25e8925b01a3b724,STA601801671,1,1022b5301631,1B16193103293,2019-06-24 01:11:00 855,4077,4078,4080,4079,4079,4079,4080,4073,4075,4075,4080,4078,4081,4079,4079,4080,0,0
25e8925b01a3b724,STA601801671,2,10230b67706d,1B16193G03786,2019-06-24 01:11:00 855,4073,4071,4074,4073,4074,4073,4073,4075,4070,4073,4075,4073,4074,4076,4074,4077,0,0
25e8925b01a3b724,STA601801671,3,10246da0306d,3B16193T09943,2019-06-24 01:11:00 855,4074,4080,4078,4078,4076,4076,4078,4080,4079,4078,4076,4079,4078,4078,4079,4078,0,0
25e8925b01a3b724,STA601801671,4,1023abad667d,3B16193M00865,2019-06-24 01:11:00 855,4079,4081,4081,4081,4081,4079,4077,4081,4073,4078,4081,4081,4082,4081,4079,4081,0,0
25e8925b01a3b724,STA601801671,5,10257d63a5b5,3B16193T05826,2019-06-24 01:11:00 855,3774,3775,3774,3775,3775,3774,3775,3775,3775,3775,3774,3776,3776,3776,3775,3775,0,0
25e8925b01a3b724,STA601801671,6,101c7067b000,1B16193L04300,2019-06-24 01:11:00 855,4080,4077,4077,4078,4078,4078,4078,4081,4071,4076,4076,4076,4075,4075,4078,4078,0,0
25e8925b01a3b724,STA601801671,7,102335072e80,1B16193G03632,2019-06-24 01:11:00 855,3730,3730,3731,3732,3729,3730,3732,3732,3729,3731,3731,3732,3730,3732,3730,3733,0,0
25e8925b01a3b724,STA601801671,8,10244b146557,3B16193T02665,2019-06-24 01:11:00 855,4090,4094,4094,4093,4094,4092,4094,4094,4092,4095,4094,4094,4094,4094,4093,4094,0,0
25e8925b01a3b724,STA601801671,9,101c60f4a87d,3B1518AS03281,2019-06-24 01:11:00 855,3741,3741,3742,3740,3740,3741,3728,3741,3740,3741,3740,3740,3741,3740,3740,3741,0,0
25e8925b01a3b724,STA601801671,10,101a28727efd,2B15188105266,2019-06-24 01:11:00 855,4084,4083,4083,4083,4084,4084,4084,4083,4083,4082,4084,4084,4074,4084,4084,4083,0,0
25e8925b01a3b724,STA601801671,11,1023bdd10d19,1B16193L04389,2019-06-24 01:11:00 855,3730,3730,3730,3728,3728,3729,3729,3731,3727,3730,3728,3730,3728,3730,3729,3730,0,0
25e8925b01a3b724,STA601801671,13,101be8c43a15,1B1618C805060,2019-06-24 01:11:00 855,4073,4074,4072,4075,4074,4073,4074,4076,4070,4075,4073,4076,4076,4076,4076,4076,0,0
84878c5a03623c24,STA601800365,1,101c6051e75b,1B16192D00667,2019-06-24 01:11:01 168,4086,4087,4086,4084,4086,4086,4087,4090,4081,4088,4086,4087,4087,4087,4087,4087,0,0
84878c5a03623c24,STA601800365,2,1025cdcc0c6f,3B16196A00004,2019-06-24 01:11:01 168,4088,4086,4085,4085,4081,4081,4085,4083,4086,4087,4082,4085,4088,4084,4082,4083,0,0
84878c5a03623c24,STA601800365,3,1025ed725e0e,3B16196A00114,2019-06-24 01:11:01 168,3972,3973,3973,3973,3972,3972,3973,3973,3973,3973,3972,3972,3972,3972,3972,3970,0,0
84878c5a03623c24,STA601800365,5,10188d5a954b,1B15188V00671,2019-06-24 01:11:01 168,3994,3995,3994,3995,3994,3995,3995,3994,3995,3995,3995,3995,3993,3996,3993,3991,0,0
84878c5a03623c24,STA601800365,7,1014a135518b,1b15185f00115,2019-06-24 01:11:01 168,4091,4090,4091,4091,4090,4090,4081,4091,4084,4091,4087,4088,4085,4087,4090,4090,0,0
84878c5a03623c24,STA601800365,8,1024b4aa5b2c,3B16193T04735,2019-06-24 01:11:01 168,4087,4088,4088,4090,4089,4087,4088,4089,4092,4090,4085,4088,4088,4090,4089,4081,0,0
84878c5a03623c24,STA601800365,9,101b69dd4622,2B16189502933,2019-06-24 01:11:01 168,4082,4084,4084,4086,4087,4084,4082,4085,4083,4084,4084,4086,4087,4082,4083,4084,0,0
84878c5a03623c24,STA601800365,10,1025b42ec7ad,3B16193T13261,2019-06-24 01:11:01 168,4085,4084,4086,4084,4084,4087,4083,4088,4085,4086,4081,4083,4081,4085,4082,4085,0,0
84878c5a03623c24,STA601800365,11,1022d258ef6b,2B16192P02447,2019-06-24 01:11:01 168,4089,4090,4088,4086,4086,4087,4087,4090,4085,4088,4087,4089,4090,4090,4089,4089,0,0
84878c5a03623c24,STA601800365,12,102154357d6f,1B16192D00806,2019-06-24 01:11:01 168,4086,4087,4087,4087,4086,4085,4087,4087,4081,4084,4083,4084,4085,4087,4085,4088,0,0
84878c5a03623c24,STA601800365,13,101a74a3e26d,2B1518AG01850,2019-06-24 01:11:01 168,4089,4089,4088,4089,4089,4089,4089,4089,4082,4080,4084,4086,4084,4087,4085,4083,0,0
894aae5b03623c24,STA601900870,2,10258229b3e2,1B16194A02738,2019-06-24 01:11:01 187,4073,4074,4075,4073,4072,4071,4071,4073,4071,4071,4072,4072,4072,4072,4072,4079,0,0
894aae5b03623c24,STA601900870,3,101b916debb9,2B1618B801041,2019-06-24 01:11:01 187,4097,4098,4099,4099,4098,4097,4098,4100,4098,4099,4097,4099,4097,4099,4099,4094,0,0
894aae5b03623c24,STA601900870,5,1023141fa0ad,1B16193G04227,2019-06-24 01:11:01 187,4096,4095,4095,4095,4095,4095,4096,4098,4094,4095,4096,4095,4096,4095,4095,4089,0,0
894aae5b03623c24,STA601900870,6,1024219dd9e4,1B16194A01382,2019-06-24 01:11:01 187,4067,4067,4067,4067,4067,4067,4070,4067,4071,4068,4067,4069,4071,4071,4069,4081,0,0
894aae5b03623c24,STA601900870,7,101b69b7ad19,2B16189502605,2019-06-24 01:11:01 187,3711,3714,3712,3712,3709,3712,3716,3717,3717,3710,3709,3712,3715,3713,3711,3718,0,0
894aae5b03623c24,STA601900870,8,1024438eeb1c,1B16194A01438,2019-06-24 01:11:01 187,4077,4078,4078,4078,4076,4078,4079,4077,4077,4078,4076,4079,4077,4080,4079,4084,0,0
894aae5b03623c24,STA601900870,9,101c9b6644da,1B16193101037,2019-06-24 01:11:01 187,4078,4077,4076,4076,4076,4077,4076,4076,4070,4076,4078,4079,4079,4079,4079,4078,0,0
894aae5b03623c24,STA601900870,10,1022cde5070d,1B16193G00040,2019-06-24 01:11:01 187,4062,4062,4062,4062,4063,4061,4062,4063,4059,4062,4062,4062,4063,4063,4062,4058,0,0
894aae5b03623c24,STA601900870,11,1024b384a4ea,3B16193T04130,2019-06-24 01:11:01 187,4045,4046,4046,4046,4045,4046,4046,4047,4049,4048,4048,4047,4046,4046,4047,4043,0,0
894aae5b03623c24,STA601900870,12,1024ba3bd93a,3B16193T04409,2019-06-24 01:11:01 187,3982,3986,3985,3983,3983,3983,3981,3984,3984,3983,3984,3982,3984,3983,3981,3991,0,0
894aae5b03623c24,STA601900870,13,101c6325d42e,1B16191203073,2019-06-24 01:11:01 187,4075,4076,4076,4076,4077,4074,4076,4072,4071,4074,4075,4075,4074,4075,4075,4078,0,0
e99d8c5a05cf4824,STA601800007,1,101a71992efd,3B15189S00403,2019-06-24 01:11:01 201,4101,4100,4100,4099,4100,4099,4099,4082,4099,4100,4101,4100,4100,4100,4102,4098,0,0
e99d8c5a05cf4824,STA601800007,2,1021c221e2d3,3B16191B01599,2019-06-24 01:11:01 201,4094,4091,4093,4091,4092,4092,4091,4094,4093,4094,4094,4094,4094,4094,4093,4095,0,0
e99d8c5a05cf4824,STA601800007,3,10144b72dd9a,2B15184C01318,2019-06-24 01:11:01 201,4092,4090,4090,4090,4090,4090,4091,4091,4082,4090,4091,4089,4091,4090,4091,4091,0,0
e99d8c5a05cf4824,STA601800007,5,10148983a95b,1B15185F01830,2019-06-24 01:11:01 201,4091,4090,4089,4089,4090,4088,4086,4090,4081,4088,4090,4090,4089,4090,4090,4088,0,0
e99d8c5a05cf4824,STA601800007,6,101a7898b0da,2B16189500684,2019-06-24 01:11:01 201,3548,3550,3550,3548,3548,3546,3547,3547,3546,3545,3547,3548,3549,3548,3547,3550,0,0
e99d8c5a05cf4824,STA601800007,7,1019aa618b88,1B15189A04049,2019-06-24 01:11:01 201,4092,4090,4091,4092,4092,4092,4092,4092,4086,4091,4092,4091,4082,4092,4092,4093,0,0
e99d8c5a05cf4824,STA601800007,8,10217abaebd7,3B16191B01446,2019-06-24 01:11:01 201,4091,4091,4090,4091,4090,4090,4090,4092,4092,4092,4091,4092,4091,4092,4092,4091,0,0
e99d8c5a05cf4824,STA601800007,9,1023ad3a97c1,3B16193M00458,2019-06-24 01:11:01 201,4087,4085,4086,4086,4086,4086,4085,4087,4080,4087,4083,4084,4084,4086,4085,4087,0,0
e99d8c5a05cf4824,STA601800007,10,101ac19d4c6d,1B1518AS03380,2019-06-24 01:11:01 201,3916,4099,4097,3778,4099,4026,4099,4099,4097,4098,4096,4096,4097,4012,4097,4090,0,0
e99d8c5a05cf4824,STA601800007,11,101ab29b3796,2B1518AG01504,2019-06-24 01:11:01 201,3672,3671,3671,3672,3672,3672,3670,3671,3674,3679,3669,3669,3670,3670,3669,3668,0,0
e99d8c5a05cf4824,STA601800007,12,1013aa6dec4e,1B15184602084,2019-06-24 01:11:01 201,3666,3670,3667,3668,3668,3667,3660,3670,3666,3665,3667,3669,3667,3669,3666,3669,0,0
e99d8c5a05cf4824,STA601800007,13,1014c90d620e,1B15185F03910,2019-06-24 01:11:01 201,4087,4085,4085,4086,4087,4087,4086,4084,4080,4086,4084,4088,4085,4087,4085,4090,0,0
5b49ae5b07a3b724,STA481900058,1,102653cc9a29,3B16196A00893,2019-06-24 01:11:01 243,3938,3939,3939,3937,3937,3938,3939,3941,3938,3939,3938,3939,3938,3939,3939,3941,0,0
5b49ae5b07a3b724,STA481900058,3,1022c8c7574d,1B16193103243,2019-06-24 01:11:01 243,3990,3991,3991,3992,3991,3990,3991,3993,3985,3990,3990,3991,3991,3991,3991,3998,0,0
5b49ae5b07a3b724,STA481900058,4,10237174a09f,1B16193L00256,2019-06-24 01:11:01 243,4061,4060,4059,4062,4059,4061,4059,4063,4056,4061,4059,4062,4060,4061,4060,4066,0,0
5b49ae5b07a3b724,STA481900058,5,10233b09d48e,1B16193G03654,2019-06-24 01:11:01 243,4076,4077,4076,4077,4077,4073,4075,4075,4070,4073,4075,4076,4075,4077,4077,4085,0,0
5b49ae5b07a3b724,STA481900058,6,1023b3a4b167,3B16193M00880,2019-06-24 01:11:01 243,4069,4071,4072,4075,4072,4069,4073,4073,4068,4072,4072,4074,4072,4071,4071,4078,0,0
5b49ae5b07a3b724,STA481900058,7,10258d2c3767,3B16193T12185,2019-06-24 01:11:01 243,4003,4000,4001,4000,4001,3998,3998,3999,3995,3997,3995,3996,3997,3996,3996,4008,0,0
57da1f5c06097f24,STA601900647,2,102333a57580,1B16193G04676,2019-06-24 01:11:01 345,4089,4086,4086,4088,4086,4087,4086,4090,4080,4086,4084,4085,4084,4085,4087,4087,0,0
57da1f5c06097f24,STA601900647,3,101a68746376,1B1518AS01165,2019-06-24 01:11:01 345,3987,3988,3989,3988,3989,3989,3989,3977,3992,3989,3989,3989,3989,3989,3989,3983,0,0
