4799,2019-04-17 11:12:57,128,020327255255255,1,1,1,1,0,0,0,0,0,0,0,0,0,0,0,0,42.0,58.14,0.0,27.5,2,26.7,1,3636,13,3630,16,29.37,8.4,93.0,39,4650,11122,353,271.5,0,0,0,0,0,0,0,0,0,0,0,0,0,0,0,0,0,0,0,0,0,0,0,0,0,0,0,0,0,0,0,0,0,0,0,0,0,0,0,0,0,0,0,0,0,0,0,0,0,0,0,0,0,0,0,0,0,0,0,0,0,0,0,0,0,0,0,0,0,0,0,0,0,0,0,0,0,0,0,0,0,29.7,29.7,28.0,40.3,26.7,27.5,3633,3634,3633,3634,3633,3635,3635,3635,3634,3635,3635,3635,3636,3636,3635,3630,0,0,0,0,0,0,0,0,0,0,0,0,0,0,0,0,0,0,0,2019-06-10 00:00:00 106,0649ae5b069ecd24,101c2829776b,1,1
89,2019-06-03 18:59:37,128,02009255255255,0,0,0,1,0,0,0,0,0,0,0,0,0,0,0,0,26.0,56.18,0.0,37.2,2,36.6,1,3514,4,3509,11,30.0,8.4,100.0,2,3118,12214,-100,182.0,0,0,0,0,0,0,0,0,0,0,0,0,0,0,0,0,0,0,0,0,0,0,0,0,0,0,0,0,0,0,0,0,0,0,0,0,0,0,0,0,0,0,0,0,0,0,0,0,0,0,0,0,0,0,0,0,0,0,0,0,0,0,0,0,0,0,0,0,0,0,0,0,0,0,0,0,0,0,0,0,0,36.8,36.8,36.4,36.7,36.6,37.2,3512,3512,3512,3514,3510,3511,3511,3513,3512,3511,3509,3511,3512,3512,3509,3512,0,0,0,0,0,0,0,0,0,0,0,0,0,0,0,0,0,0,0,2019-06-10 00:00:00 181,b7e5925b06623c24,10257c8c12ca,1,1
13032,2019-06-03 23:29:36,128,0102105255255255,0,0,0,1,1,0,0,1,0,0,0,0,0,0,1,0,99.0,65.52,0.0,41.0,2,39.0,1,4099,3,4079,16,30.0,0.1,93.0,115,11756,11756,0,686.5,0,0,0,0,0,0,0,0,0,0,0,0,0,0,0,0,0,0,0,0,0,0,0,0,0,0,0,0,0,0,0,0,0,0,0,0,0,0,0,0,0,0,0,0,0,0,0,0,0,0,0,0,0,0,0,0,0,0,0,0,0,0,0,0,0,0,0,0,1,0,0,0,0,0,0,0,0,0,0,0,0,41.3,41.3,41.0,37.9,39.0,41.0,4098,4096,4099,4098,4099,4098,4098,4099,4095,4094,4096,4094,4095,4097,4094,4079,0,0,0,0,0,0,0,0,0,1,0,1,0,1,0,1,0,0,0,2019-06-10 00:00:00 248,0936935b08f8c924,101c7123d119,1,1
2050,2019-04-01 15:19:04,128,0102190255255255,0,0,0,1,0,0,0,0,0,0,0,0,0,0,0,0,49.0,58.09,0.0,25.3,2,25.0,1,3637,16,3628,1,30.0,8.4,97.0,15,4909,10070,218,286.6,0,0,0,0,0,0,0,0,0,0,0,0,0,0,0,0,0,0,0,0,0,0,0,0,0,0,0,0,0,0,0,0,0,0,0,0,0,0,0,0,0,0,0,0,0,0,0,0,0,0,0,0,0,0,0,0,0,0,0,0,0,0,0,0,0,0,0,0,0,0,0,0,0,0,0,0,0,0,0,0,0,25.9,25.9,25.6,25.8,25.0,25.3,3628,3630,3629,3628,3629,3632,3633,3631,3633,3632,3630,3629,3631,3631,3628,3637,0,0,0,0,0,0,0,0,0,0,0,0,0,0,0,0,0,0,0,2019-06-10 00:00:00 315,f5e7925b059ecd24,1022d89c22f5,1,1
4749,2019-04-23 09:35:51,128,020243255255255,1,1,0,1,0,0,0,0,0,0,0,0,0,0,0,0,69.0,59.81,-0.01,27.8,2,26.9,1,3746,16,3736,5,30.0,8.4,90.0,41,7417,10756,33,433.1,0,0,0,0,0,0,0,0,0,0,0,0,0,0,0,0,0,0,0,0,0,0,0,0,0,0,0,0,0,0,0,0,0,0,0,0,0,0,0,0,0,0,0,0,0,0,0,0,0,0,0,0,0,0,0,0,0,0,0,0,0,0,0,0,0,0,0,0,0,0,0,0,0,0,0,0,0,0,0,0,0,27.5,27.5,28.0,25.7,26.9,27.8,3737,3739,3738,3738,3736,3737,3739,3738,3740,3737,3738,3739,3739,3738,3739,3746,0,0,0,0,0,0,0,0,0,0,0,0,0,0,0,0,0,0,0,2019-06-10 00:00:00 420,dde5925b059ecd24,10231155a637,1,1
66,2019-06-08 11:46:16,128,2552255255255255255255,0,1,0,1,0,0,0,0,0,0,0,0,0,0,0,0,49.0,58.4,0.0,24.8,1,24.2,2,3652,7,3649,2,30.0,8.4,100.0,1,5859,12038,278,342.1,0,0,0,0,0,0,0,0,0,0,0,0,0,0,0,0,0,0,0,0,0,0,0,0,0,0,0,0,0,0,0,0,0,0,0,0,0,0,0,0,0,0,0,0,0,0,0,0,0,0,0,0,0,0,0,0,0,0,0,0,0,0,0,0,0,0,0,0,0,0,0,0,0,0,0,0,0,0,0,0,0,25.1,25.1,24.7,25.1,24.8,24.2,3650,3649,3650,3650,3650,3649,3652,3651,3650,3652,3651,3652,3650,3649,3650,3651,0,0,0,0,0,0,0,0,0,0,0,0,0,0,0,0,0,0,0,2019-06-10 00:00:00 551,d649ae5b03623c24,1025a856d088,1,1
2411,2019-04-16 20:10:39,32,025505174255255255,0,0,0,1,0,0,0,0,0,0,0,0,0,0,1,0,100.0,65.32,0.0,26.1,2,25.6,1,4091,16,4079,5,30.0,0.0,100.0,21,11856,11856,-100,692.3,0,0,0,0,0,0,0,0,0,0,0,0,0,0,0,0,0,0,0,0,0,0,0,0,0,0,0,0,0,0,0,0,0,0,0,0,0,0,0,0,0,0,0,0,0,0,0,0,0,0,0,0,0,0,0,0,0,0,0,0,0,0,0,0,0,0,0,0,0,0,0,0,0,0,0,0,0,0,0,0,0,25.4,25.4,26.0,24.2,25.6,26.1,4081,4084,4082,4083,4079,4081,4083,4084,4085,4082,4081,4084,4082,4085,4082,4091,0,0,0,0,0,0,0,0,0,0,0,0,0,0,0,0,0,0,0,2019-06-10 00:00:00 769,49cdf35a06987424,101c7a0b70b0,1,1
3919,2019-04-12 00:46:28,128,020481255255255,1,1,0,1,0,0,0,0,0,0,0,0,0,0,1,0,100.0,64.75,-6.17,26.3,2,25.2,1,4075,16,4009,6,30.0,0.0,88.0,35,11707,11711,-100,683.6,0,0,0,0,0,0,0,0,0,0,0,0,0,0,0,0,0,0,0,0,0,0,0,0,0,0,0,0,0,0,0,0,0,0,0,0,0,0,0,0,0,0,0,0,0,0,0,0,0,0,0,0,0,0,0,0,0,0,0,0,0,0,0,0,0,0,0,0,0,0,0,0,0,0,0,0,0,0,0,0,0,26.6,26.6,26.3,24.3,25.2,26.3,4065,4067,4042,4064,4065,4009,4013,4046,4063,4069,4024,4054,4072,4013,4013,4075,0,0,0,0,0,0,0,0,0,0,0,0,0,0,0,0,0,0,0,2019-06-10 00:00:00 852,f2e1925b06623c24,1022cb490557,1,1
739,2019-04-24 01:18:17,128,010092255255255,1,0,0,1,0,0,0,0,0,0,0,0,0,0,0,0,70.0,60.28,0.48,28.9,2,28.2,1,3775,16,3766,1,30.0,8.4,100.0,3,6688,9657,371,390.5,0,0,0,0,0,0,0,0,0,0,0,0,0,0,0,0,0,0,0,0,0,0,0,0,0,0,0,0,0,0,0,0,0,0,0,0,0,0,0,0,0,0,0,0,0,0,0,0,0,0,0,0,0,0,0,0,0,0,0,0,0,0,0,0,0,0,0,0,0,0,0,0,0,0,0,0,0,0,0,0,0,28.8,28.8,28.6,27.6,28.2,28.9,3766,3767,3768,3767,3766,3767,3768,3766,3769,3766,3766,3768,3768,3768,3766,3775,0,0,0,0,0,0,0,0,0,0,0,0,0,0,0,0,0,0,0,2019-06-10 00:00:00 882,95caf35a06987424,1023bcd20ba9,1,1
11980,2019-05-15 16:25:33,128,0103146255255255,0,1,0,1,0,0,0,0,0,0,0,0,0,0,0,0,77.0,60.57,-5.19,38.3,2,38.0,1,3796,12,3777,5,30.0,8.4,95.0,118,8812,11507,-100,514.6,0,0,0,0,0,0,0,0,0,0,0,0,0,0,0,0,0,0,0,0,0,0,0,0,0,0,0,0,0,0,0,0,0,0,0,0,0,0,0,0,0,0,0,0,0,0,0,0,0,0,0,0,0,0,0,0,0,0,0,0,0,0,0,0,0,0,0,0,0,0,0,0,0,0,0,0,0,0,0,0,0,40.1,40.1,37.8,39.5,38.0,38.3,3789,3783,3783,3785,3777,3783,3786,3787,3789,3789,3790,3796,3786,3792,3785,3778,0,0,0,0,0,0,0,0,0,0,0,0,0,0,0,0,0,0,0,2019-06-10 00:00:00 920,e9e1925b059ecd24,101ca230a647,1,1
2030,2019-04-02 15:07:14,128,0101202255255255,0,0,0,1,0,0,0,0,0,0,0,0,0,0,0,0,51.0,58.74,0.0,36.1,2,34.5,1,3676,16,3669,6,29.85,8.4,100.0,20,6219,12195,54,363.1,0,0,0,0,0,0,0,0,0,0,0,0,0,0,0,0,0,0,0,0,0,0,0,0,0,0,0,0,0,0,0,0,0,0,0,0,0,0,0,0,0,0,0,0,0,0,0,0,0,0,0,0,0,0,0,0,0,0,0,0,0,0,0,0,0,0,0,0,0,0,0,0,0,0,0,0,0,0,0,0,0,35.5,35.5,35.4,32.5,34.5,36.1,3673,3673,3673,3672,3671,3669,3669,3672,3671,3669,3670,3672,3670,3671,3671,3676,0,0,0,0,0,0,0,0,0,0,0,0,0,0,0,0,0,0,0,2019-06-10 00:00:01 048,1a9f8c5a06f8c924,102322b4c515,1,1
21159,2019-05-18 20:54:32,128,02013240255255255,0,0,1,1,0,0,0,0,0,0,0,0,0,0,0,0,56.0,58.83,0.0,32.2,2,31.5,1,3679,4,3675,9,30.0,8.4,100.0,146,6428,11683,61,375.3,0,0,0,0,0,0,0,0,0,0,0,0,0,0,0,0,0,0,0,0,0,0,0,0,0,0,0,0,0,0,0,0,0,0,0,0,0,0,0,0,0,0,0,0,0,0,0,0,0,0,0,0,0,0,0,0,0,0,0,0,0,0,0,0,0,0,0,0,0,0,0,0,0,0,0,0,0,0,0,0,0,32.0,32.0,32.5,30.4,31.5,32.2,3676,3677,3678,3679,3677,3676,3678,3678,3675,3677,3678,3678,3677,3679,3676,3675,0,0,0,0,0,0,0,0,0,0,0,0,0,0,0,0,0,0,0,2019-06-10 00:00:01 165,91cdf35a03cf4824,101b3c455f99,1,1
1627,2019-03-13 21:15:41,128,0103209255255255,0,0,0,1,0,0,0,0,0,0,0,0,0,0,0,0,25.0,57.46,0.0,18.3,1,18.3,1,3599,16,3589,14,26.05,8.4,100.0,16,2503,10160,685,146.1,0,0,0,0,0,0,0,0,0,0,0,0,0,0,0,0,0,0,0,0,0,0,0,0,0,0,0,0,0,0,0,0,0,0,0,0,0,0,0,0,0,0,0,0,0,0,0,0,0,0,0,0,0,0,0,0,0,0,0,0,0,0,0,0,0,0,0,0,0,0,0,0,0,0,0,0,0,0,0,0,0,19.0,19.0,19.2,19.6,18.3,18.3,3591,3593,3592,3592,3591,3591,3592,3593,3593,3592,3590,3590,3591,3589,3590,3599,0,0,0,0,0,0,0,0,0,0,0,0,0,0,0,0,0,0,0,2019-06-10 00:00:01 263,54df1f5c08f8c924,102143df256b,1,1
259,2019-05-30 21:23:17,128,020050255255255,1,1,1,1,0,0,0,0,0,0,0,0,0,0,0,0,97.0,63.29,0.0,37.2,2,35.7,1,3967,16,3953,5,30.0,3.96,100.0,3,10280,10697,-100,600.3,0,0,0,0,0,0,0,0,0,0,0,0,0,0,0,0,0,0,0,0,0,0,0,0,0,0,0,0,0,0,0,0,0,0,0,0,0,0,0,0,0,0,0,0,0,0,0,0,0,0,0,0,0,0,0,0,0,0,0,0,0,0,0,0,0,0,0,0,0,0,0,0,0,0,0,0,0,0,0,0,0,36.5,36.5,36.4,35.5,35.7,37.2,3955,3954,3957,3956,3953,3954,3955,3955,3954,3955,3956,3956,3955,3957,3957,3967,0,0,0,0,0,0,0,0,0,0,0,0,0,0,0,0,0,0,0,2019-06-10 00:00:01 301,2536935b06623c24,10268c3968fa,1,1
