d3e5925b06623c24,12,0,"0,-128,-128,0,0,-128,0,-128,0,-128,0,-128,0,-128,0,-128,0,-128,0,-128,0,-128,0,-128,0,-128",11,2,2019-07-10 10:01:25 458
0c8d8c5a05cf4824,11,0,"0,-128,11,0,0,-128,0,-128,0,-128,0,-128,0,-128,0,-128,0,-128,0,-128,0,-128,0,-128,68,17",5,2,2019-07-10 10:01:25 576
8336935b059ecd24,11,0,"0,-128,0,-128,0,-128,0,-128,0,-128,0,-128,0,-128,0,-128,0,-128,0,-128,0,-128,119,0,120,0","2,9,10",13,2019-07-10 10:01:27 249
a936935b02cf4824,11,0,"0,-128,0,-128,23,0,0,-128,0,-128,0,-128,0,-128,0,-128,0,-128,0,-128,0,-128,0,-128,39,1",6,3,2019-07-10 10:01:28 035
0234ae5b04563e24,12,0,"0,-128,0,-128,0,-128,0,-128,0,-128,-125,0,0,-128,0,-128,0,-128,0,-128,0,-128,0,-128,0,-128",8,6,2019-07-10 10:01:28 637
0fdc1f5c02f22124,11,0,"-112,0,0,-128,0,-128,0,-128,0,-128,0,-128,0,-128,94,3,0,-128,0,-128,0,-128,0,-128,0,-128",12,1,2019-07-10 10:01:29 871
4b73b35a0670cb24,10,0,"0,-128,0,-128,0,-128,0,-128,0,-128,0,-128,-118,5,29,1,0,-128,-105,0,0,-128,0,-128,0,-128",6,10,2019-07-10 10:01:29 982
4c3bae5b08987424,12,0,"0,-128,0,-128,0,-128,0,-128,7,0,0,-128,0,-128,0,-128,0,-128,0,-128,0,-128,0,-128,0,-128",13,5,2019-07-10 10:01:30 504
aed91f5c08f8c924,10,0,"0,-128,-1,63,0,-128,0,-128,-116,0,0,-128,-120,18,0,-128,0,-128,0,-128,0,-128,0,-128,0,-128",9,5,2019-07-10 10:01:33 471
d8cdf35a06987424,10,0,"0,-128,-113,0,-1,63,0,-128,0,-128,0,-128,0,-128,-1,63,0,-128,0,-128,0,-128,0,-128,0,-128",5,2,2019-07-10 10:01:34 515
0134ae5b07a3b724,11,0,"0,-128,0,-128,0,-128,0,-128,0,-128,0,-128,0,-128,0,-128,-114,0,0,-128,0,-128,0,-128,44,6",1,9,2019-07-10 10:01:35 017
5533935b08f8c924,12,0,"0,-128,0,-128,0,-128,0,-128,0,-128,0,-128,0,-128,0,-128,0,-128,0,-128,0,-128,0,-128,-124,0",5,13,2019-07-10 10:01:35 064
56dd1f5c02f22124,10,0,"-1,63,0,-128,0,-128,-106,0,0,-128,0,-128,0,-128,0,-128,0,-128,0,-128,0,-128,-23,0,0,-128",11,4,2019-07-10 10:01:37 107
5436935b01a3b724,12,0,"0,-128,0,-128,0,-128,0,-128,0,-128,0,-128,0,-128,29,0,0,-128,0,-128,0,-128,0,-128,0,-128",0,8,2019-07-10 10:01:38 778
718c8c5a03623c24,12,0,"120,0,0,-128,0,-128,0,-128,0,-128,0,-128,0,-128,0,-128,0,-128,0,-128,0,-128,0,-128,0,-128",13,1,2019-07-10 10:01:41 491
e6447b5c04097f24,12,0,"0,-128,0,-128,0,-128,-124,0,0,-128,0,-128,0,-128,0,-128,0,-128,0,-128,0,-128,0,-128,0,-128",5,4,2019-07-10 10:01:43 301
5e33935b06623c24,6,0,"0,-128,0,-128,0,-128,-57,0,0,-128,0,-128,0,-128,0,64",7,4,2019-07-10 10:01:44 072
1ca08c5a06f8c924,12,0,"0,-128,0,-128,0,-128,0,-128,0,-128,0,-128,0,-128,0,-128,0,-128,0,-128,-127,0,0,-128,0,-128",9,11,2019-07-10 10:01:44 371
b333935b059ecd24,11,0,"0,-128,0,-128,-1,63,0,-128,0,-128,0,-128,0,-128,0,-128,0,-128,0,-128,0,-128,0,-128,-105,0",6,13,2019-07-10 10:01:47 325
a78b8c5a05cf4824,9,0,"0,-128,0,-128,0,-128,0,-128,0,-128,0,-128,0,-128,0,-128,0,-128,-1,63,-1,63,-1,63,-103,0",8,13,2019-07-10 10:01:48 936
9636935b08f8c924,12,0,"0,-128,0,-128,-119,0,0,-128,0,-128,0,-128,0,-128,0,-128,0,-128,0,-128,0,-128,0,-128,0,-128",7,3,2019-07-10 10:01:51 006
dbcaf35a04097f24,11,0,"0,-128,0,-128,0,-128,0,-128,0,-128,0,-128,0,-128,0,-128,-110,0,0,-128,-128,1,0,-128,0,-128",2,9,2019-07-10 10:01:51 034
f5e7925b06623c24,12,0,"0,-128,0,-128,0,-128,0,-128,0,-128,9,0,0,-128,0,-128,0,-128,0,-128,0,-128,0,-128,0,-128",5,6,2019-07-10 10:01:53 517
92e2925b059ecd24,12,0,"0,-128,0,-128,0,-128,0,-128,0,-128,0,-128,0,-128,0,-128,0,-128,0,-128,-126,0,0,-128,0,-128",5,11,2019-07-10 10:01:53 896
3b9e8c5a03623c24,12,0,"0,-128,0,-128,0,-128,0,-128,0,-128,-126,0,0,-128,0,-128,0,-128,0,-128,0,-128,0,-128,0,-128",9,6,2019-07-10 10:01:55 770
454bae5b069ecd24,6,0,"0,-128,0,-128,0,-128,0,-128,23,0,0,-128,0,-128,0,64",1,5,2019-07-10 10:01:56 922
2cd91f5c05563e24,10,0,"0,-128,-107,0,0,-128,0,-128,0,-128,0,-128,0,-128,-21,8,0,-128,0,-128,0,-128,-5,9,0,-128",11,2,2019-07-10 10:02:00 615
6fcaf35a06987424,12,0,"0,-128,0,-128,0,-128,0,-128,0,-128,0,-128,0,-128,62,0,0,-128,0,-128,0,-128,0,-128,0,-128",7,8,2019-07-10 10:02:02 627
a1e7925b03f22124,11,0,"-110,0,0,-128,0,-128,0,-128,0,-128,-71,2,0,-128,0,-128,0,-128,0,-128,0,-128,0,-128,0,-128",5,1,2019-07-10 10:02:05 299
b248ae5b07a3b724,10,0,"0,-128,0,-128,-1,63,0,-128,-1,63,0,-128,0,-128,0,-128,0,-128,-107,0,0,-128,0,-128,0,-128",4,10,2019-07-10 10:02:06 972
afde1f5c08f8c924,11,1,"0,-128,0,-128,0,-128,0,-128,0,-128,0,-128,0,-128,0,-128,0,-128,0,0,0,-128,0,-128,8,0",7,13,2019-07-10 10:02:07 492
dde5925b059ecd24,12,0,"7,0,0,-128,0,-128,0,-128,0,-128,0,-128,0,-128,0,-128,0,-128,0,-128,0,-128,0,-128,0,-128",8,1,2019-07-10 10:02:10 548
318c8c5a06f8c924,11,0,"0,-128,0,-128,-97,8,0,-128,-114,0,0,-128,0,-128,0,-128,0,-128,0,-128,0,-128,0,-128,0,-128",10,5,2019-07-10 10:02:11 185
7849ae5b01097f24,6,0,"0,-128,0,-128,0,-128,-59,0,0,-128,0,-128,0,-128,0,64",7,4,2019-07-10 10:02:11 589
8b48ae5b07a3b724,6,0,"0,-128,0,-128,0,-128,16,0,0,-128,0,-128,0,-128,0,64",5,4,2019-07-10 10:02:12 266
c633935b03f22124,12,0,"0,-128,0,-128,0,-128,0,-128,0,-128,-121,0,0,-128,0,-128,0,-128,0,-128,0,-128,0,-128,0,-128",10,6,2019-07-10 10:02:13 840
79db1f5c05563e24,10,0,"0,-128,0,-128,0,-128,-98,0,0,-128,0,-128,0,-128,49,36,0,-128,0,-128,0,-128,-94,9,0,-128",5,4,2019-07-10 10:02:14 370
59a38c5a06f8c924,11,0,"0,-128,0,-128,0,-128,-46,11,0,-128,0,-128,0,-128,0,-128,9,0,0,-128,0,-128,0,-128,0,-128",10,9,2019-07-10 10:02:15 103
c431ae5b07a3b724,12,0,"0,-128,0,-128,0,-128,0,-128,-121,0,0,-128,0,-128,0,-128,0,-128,0,-128,0,-128,0,-128,0,-128",1,5,2019-07-10 10:02:16 435
bd33935b059ecd24,12,0,"0,-128,0,-128,0,-128,0,-128,0,-128,0,-128,0,-128,0,-128,0,-128,0,-128,0,-128,0,-128,-121,0",12,13,2019-07-10 10:02:16 631
24cff35a03cf4824,10,0,"0,-128,0,-128,-1,63,-100,0,0,-128,0,-128,-73,3,0,-128,0,-128,0,-128,0,-128,0,-128,0,-128",11,4,2019-07-10 10:02:16 756
72878c5a06f8c924,10,0,"-111,0,0,-128,0,-128,108,3,0,-128,0,-128,0,-128,0,-128,0,-128,0,-128,0,-128,-1,63,0,-128",8,1,2019-07-10 10:02:17 822
01a08c5a06f8c924,12,0,"0,-128,0,-128,0,-128,0,-128,0,-128,0,-128,0,-128,0,-128,0,-128,0,-128,0,-128,70,0,0,-128",3,12,2019-07-10 10:02:18 257
2ea08c5a05cf4824,11,0,"0,-128,0,-128,0,-128,0,-128,0,-128,46,7,0,-128,0,-128,0,-128,0,-128,0,-128,-113,0,0,-128",2,12,2019-07-10 10:02:20 221
0c8d8c5a03623c24,11,0,"0,-128,0,-128,0,-128,0,-128,0,-128,0,-128,0,-128,0,-128,48,0,0,-128,54,63,0,-128,0,-128",4,9,2019-07-10 10:02:20 260
34e5925b06623c24,10,0,"0,-128,0,-128,0,-128,0,-128,0,-128,0,-128,0,-128,0,-128,0,-128,0,-128,-1,63,-52,0,-1,63",5,12,2019-07-10 10:02:22 708
e91a9c5b0770cb24,12,0,"0,-128,0,-128,-122,0,0,-128,0,-128,0,-128,0,-128,0,-128,0,-128,0,-128,0,-128,0,-128,0,-128",6,3,2019-07-10 10:02:25 492
0935ae5b03623c24,11,0,"0,-128,-109,9,0,-128,0,-128,0,-128,0,-128,0,-128,0,-128,0,-128,0,-128,0,-128,0,-128,124,0",11,13,2019-07-10 10:02:25 794
97e7925b03f22124,12,0,"0,-128,0,-128,0,-128,0,-128,0,-128,0,-128,0,-128,0,-128,0,-128,0,-128,-123,0,0,-128,0,-128",4,11,2019-07-10 10:02:26 665
a1e6925b01a3b724,11,0,"0,-128,0,-128,0,-128,0,-128,0,-128,0,-128,0,-128,0,-128,0,-128,0,-128,-112,0,0,-128,-1,63",2,11,2019-07-10 10:02:32 238
688c8c5a06f8c924,12,0,"0,-128,0,-128,0,-128,118,0,0,-128,0,-128,0,-128,0,-128,0,-128,0,-128,0,-128,0,-128,0,-128",8,4,2019-07-10 10:02:32 832
3a34ae5b01097f24,12,0,"0,-128,0,-128,0,-128,0,-128,0,-128,0,-128,-126,0,0,-128,0,-128,0,-128,0,-128,0,-128,0,-128",8,7,2019-07-10 10:02:32 861
25e7925b01a3b724,12,0,"0,-128,0,-128,22,0,0,-128,0,-128,0,-128,0,-128,0,-128,0,-128,0,-128,0,-128,0,-128,0,-128",4,3,2019-07-10 10:02:34 849
6934ae5b01097f24,8,0,"0,-128,0,-128,0,-128,0,-128,-1,56,-81,8,-1,63,48,4,0,-128,0,-128,0,-128,0,-128,-85,0",3,13,2019-07-10 10:02:37 783
4136935b08f8c924,11,1,"0,-128,0,-128,0,-128,0,-128,0,-64,0,-128,0,-128,0,-128,0,-128,122,0,0,-128,0,-128,0,-128",4,10,2019-07-10 10:02:40 160
6934ae5b08987424,11,0,"-119,0,0,-128,0,-128,0,-128,0,-128,78,5,0,-128,0,-128,0,-128,0,-128,0,-128,0,-128,0,-128",10,1,2019-07-10 10:02:40 574
8248ae5b03623c24,6,0,"0,-128,0,-128,-46,0,0,-128,0,-128,0,-128,0,-128,0,64",4,3,2019-07-10 10:02:42 922
78e8e35a0370cb24,11,0,"0,-128,14,0,0,-128,0,-128,0,-128,0,-128,0,-128,-1,63,0,-128,0,-128,0,-128,0,-128,0,-128",7,2,2019-07-10 10:02:44 411
efdc1f5c02f22124,10,1,"0,-128,0,-128,33,0,0,-128,0,-128,0,-64,0,-128,0,-128,0,-128,0,-128,0,-128,107,1,0,-128",1,3,2019-07-10 10:02:46 454
859e8c5a03623c24,12,0,"0,-128,0,-128,0,-128,0,-128,0,-128,41,0,0,-128,0,-128,0,-128,0,-128,0,-128,0,-128,0,-128",13,6,2019-07-10 10:02:48 219
35a38c5a03623c24,12,0,"0,-128,0,-128,0,-128,0,-128,0,-128,0,-128,0,-128,0,-128,0,-128,0,-128,0,-128,0,-128,56,0",1,13,2019-07-10 10:02:49 334
f4a28c5a05cf4824,11,1,"0,-128,0,-128,0,-128,0,-128,0,-128,39,0,0,-128,0,-128,0,-128,0,-128,0,-128,0,0,0,-128",10,6,2019-07-10 10:02:50 055
8b467b5c06623c24,12,0,"0,-128,0,-128,0,-128,0,-128,0,-128,0,-128,20,0,0,-128,0,-128,0,-128,0,-128,0,-128,0,-128",4,7,2019-07-10 10:02:50 327
5f8d8c5a06f8c924,11,0,"0,-128,0,-128,0,-128,0,-128,0,-128,0,-128,0,-128,0,-128,-83,0,0,-128,0,64,0,-128,0,-128",7,9,2019-07-10 10:02:50 362
e74aae5b01097f24,6,0,"0,-128,0,-128,0,-128,0,-128,0,-128,-50,0,0,-128,0,64",4,6,2019-07-10 10:02:50 788
e5e7e35a05ee6c24,12,0,"0,-128,0,-128,0,-128,0,-128,0,-128,0,-128,0,-128,0,-128,0,-128,0,-128,8,0,0,-128,0,-128",13,11,2019-07-10 10:02:51 919
a848ae5b03623c24,6,0,"0,-128,0,-128,0,-128,-56,0,0,-128,0,-128,0,-128,0,64",2,4,2019-07-10 10:02:53 017
e236935b01a3b724,6,0,"0,-128,0,-128,0,-128,0,-128,0,-128,0,-128,-62,0,0,64",3,7,2019-07-10 10:02:55 825
19d91f5c08f8c924,10,1,"0,-128,0,-128,0,-128,0,-128,0,-128,0,-128,0,-128,0,-128,-36,0,-101,0,-1,-65,0,-128,0,-128",7,10,2019-07-10 10:03:00 840
8433935b06623c24,12,0,"0,-128,0,-128,0,-128,0,-128,0,-128,0,-128,0,-128,-126,0,0,-128,0,-128,0,-128,0,-128,0,-128",13,8,2019-07-10 10:03:01 378
8de7e35a0370cb24,12,0,"0,-128,0,-128,0,-128,0,-128,0,-128,0,-128,0,-128,0,-128,0,-128,100,0,0,-128,0,-128,0,-128",6,10,2019-07-10 10:03:01 936
1c36935b01a3b724,11,0,"0,-128,0,-128,0,-128,0,-128,0,-128,0,-128,0,-128,0,-128,-48,0,0,-128,0,-128,0,-128,-115,0",3,13,2019-07-10 10:03:03 137
e4e6925b02cf4824,11,0,"13,0,0,-128,0,-128,0,-128,0,-128,-102,8,0,-128,0,-128,0,-128,0,-128,0,-128,0,-128,0,-128",10,1,2019-07-10 10:03:03 139
b98b8c5a03623c24,11,0,"0,-128,0,-128,0,-128,0,-128,-109,0,0,-128,0,-128,0,-128,0,-128,0,-128,0,-128,0,-128,-1,63",2,5,2019-07-10 10:03:03 735
8e9e8c5a05cf4824,11,0,"0,-128,0,-128,0,-128,0,-128,-113,0,0,-128,0,-128,0,-128,0,-128,0,-128,0,-128,-1,63,0,-128",10,5,2019-07-10 10:03:04 219
eb9e8c5a05cf4824,12,0,"0,-128,0,-128,90,0,0,-128,0,-128,0,-128,0,-128,0,-128,0,-128,0,-128,0,-128,0,-128,0,-128",7,3,2019-07-10 10:03:06 387
4d9e8c5a03623c24,11,0,"0,-128,-120,6,0,-128,-99,0,0,-128,0,-128,0,-128,0,-128,0,-128,0,-128,0,-128,0,-128,0,-128",6,4,2019-07-10 10:03:08 924
7036935b02cf4824,11,0,"0,-128,-116,0,0,-128,0,-128,0,-128,0,-128,0,-128,0,-128,0,-128,0,-128,33,9,0,-128,0,-128",8,2,2019-07-10 10:03:09 016
fb9d8c5a05cf4824,12,0,"0,-128,0,-128,0,-128,0,-128,0,-128,0,-128,0,-128,0,-128,-117,0,0,-128,0,-128,0,-128,0,-128",1,9,2019-07-10 10:03:09 630
1049ae5b03623c24,5,0,"0,-128,-36,0,0,-128,0,-128,0,-128,-1,63,0,-128,0,64",4,2,2019-07-10 10:03:10 285
a036935b01a3b724,12,0,"0,-128,0,-128,0,-128,0,-128,0,-128,0,-128,0,-128,0,-128,28,0,0,-128,0,-128,0,-128,0,-128",11,9,2019-07-10 10:03:11 312
64d91f5c06097f24,12,0,"0,-128,0,-128,0,-128,0,-128,0,-128,0,-128,0,-128,0,-128,0,-128,0,-128,0,-128,0,-128,9,0",6,13,2019-07-10 10:03:11 977
8ee8925b01a3b724,11,0,"0,-128,0,-128,0,-128,0,-128,0,-128,-1,63,0,-128,0,-128,0,-128,0,-128,0,-128,29,0,0,-128",13,12,2019-07-10 10:03:12 155
7133935b06623c24,12,0,"0,-128,0,-128,0,-128,0,-128,0,-128,78,0,0,-128,0,-128,0,-128,0,-128,0,-128,0,-128,0,-128",2,6,2019-07-10 10:03:15 304
3de5925b06623c24,11,0,"0,-128,0,-128,-63,1,0,-128,0,-128,0,-128,0,-128,0,-128,0,-128,0,-128,-127,0,0,-128,0,-128",1,11,2019-07-10 10:03:17 626
7bdd1f5c02f22124,12,0,"0,-128,0,-128,0,-128,-116,0,0,-128,0,-128,0,-128,0,-128,0,-128,0,-128,0,-128,0,-128,0,-128",2,4,2019-07-10 10:03:26 503
99998c5a06f8c924,12,0,"0,-128,0,-128,0,-128,0,-128,0,-128,0,-128,-124,0,0,-128,0,-128,0,-128,0,-128,0,-128,0,-128",9,7,2019-07-10 10:03:28 078
50f4e35a0370cb24,11,0,"0,-128,0,-128,0,-128,-117,0,0,-128,0,-128,0,-128,-1,63,0,-128,0,-128,0,-128,0,-128,0,-128",12,4,2019-07-10 10:03:28 272
59a38c5a06f8c924,11,0,"0,-128,0,-128,0,-128,0,-128,0,-128,12,0,0,-128,0,-128,59,0,0,-128,0,-128,0,-128,0,-128",4,6,2019-07-10 10:03:28 477
8d8d8c5a03623c24,11,0,"0,-128,0,-128,0,-128,0,-128,0,-128,0,-128,0,-128,-116,0,0,-128,0,-128,0,-128,0,-128,-1,63",5,8,2019-07-10 10:03:29 888
13e8925b08f8c924,10,0,"0,-128,0,-128,0,-128,0,-128,-105,0,0,-128,0,-128,0,-128,0,-128,-1,63,0,-128,0,-128,-1,63",9,5,2019-07-10 10:03:34 423
f08b8c5a03623c24,12,0,"0,-128,0,-128,106,0,0,-128,0,-128,0,-128,0,-128,0,-128,0,-128,0,-128,0,-128,0,-128,0,-128",5,3,2019-07-10 10:03:36 469
1236935b08f8c924,10,0,"-123,0,0,-128,-82,1,0,-128,0,-128,0,-128,-1,63,0,-128,0,-128,0,-128,0,-128,0,-128,0,-128",11,1,2019-07-10 10:03:37 412
8ee7925b08f8c924,11,0,"0,-128,0,-128,0,-128,0,-128,0,-128,0,-128,0,-128,0,-128,0,-128,-1,63,0,-128,12,0,0,-128",2,12,2019-07-10 10:03:38 313
ba3b935b03f22124,6,0,"0,-128,0,-128,-51,0,0,-128,0,-128,0,-128,0,-128,0,64",7,3,2019-07-10 10:03:38 948
38a08c5a03623c24,12,0,"0,-128,0,-128,0,-128,0,-128,0,-128,0,-128,0,-128,0,-128,0,-128,0,-128,0,-128,0,-128,-127,0",6,13,2019-07-10 10:03:40 101
72878c5a03623c24,10,0,"0,-128,0,-128,-113,0,0,-128,81,1,0,-128,0,-128,0,-128,21,36,0,-128,0,-128,0,-128,0,-128",13,3,2019-07-10 10:03:40 135
b18c8c5a03623c24,11,0,"124,0,0,-128,0,-128,0,-128,0,-128,-1,63,0,-128,0,-128,0,-128,0,-128,0,-128,0,-128,0,-128",2,1,2019-07-10 10:03:40 146
7da38c5a05cf4824,11,0,"-114,0,-1,63,0,-128,0,-128,0,-128,0,-128,0,-128,0,-128,0,-128,0,-128,0,-128,0,-128,0,-128",7,1,2019-07-10 10:03:40 810
97e7925b01a3b724,10,0,"0,-128,0,-128,0,-128,0,-128,0,-128,121,7,-61,1,0,-128,0,-128,-104,0,0,-128,0,-128,0,-128",5,10,2019-07-10 10:03:41 530
