"{""list"":[{""content"":""[26,07,1D,07,00,00,00,00,00,56,07,00,00,00,00,00,00,00,00,00,00,00,00,00,00,00,00,00,00,00,00,00,00,00,00,00,00,00,00,00,00,00,00,00,00,00,00,00,00,00,00,00,00,00,00,00,00,00,00,00,00,00,00,00,00,00,00,00,00,00,00,00,00,00,00,00,00,00,00,00,00,00,00,00,00,00,00,00,00,00,00,00,00,00,00,00,00,00,00,00,00,00,00,00,00,00,00,00,00,00,00,00,00,00,00,00,00,00,00,00,00,00,00,00,00,00,00,00,00,00,00,00,00,00,00,00,00,00,00]"",""time"":1558022629839}],""pId"":""dde5925b03f22124"",""type"":6}",1558022630117
"{""bId"":""100bbce432af"",""collectTime"":1558022691727,""pId"":""dde5925b03f22124"",""partRunControlData"":""[00,00,00,00,00,00,00,00,00,00,00,00,00,00,00,00,00,00,00,00,00,00,00,00,00,00,00,00,00,00,00,00,00,00,00,00,00,00,19,05,17,00,09,44,00,00,00,00,00,00,00,00,00,00]"",""port"":0,""type"":4}",1558022691886
"{""list"":[{""content"":""[24,07,1D,07,00,00,00,00,00,55,07,00,00,00,00,00,00,00,00,00,00,00,00,00,00,00,00,00,00,00,00,00,00,00,00,00,00,00,00,00,00,00,00,00,00,00,00,00,00,00,00,00,00,00,00,00,00,00,00,00,00,00,00,00,00,00,00,00,00,00,00,00,00,00,00,00,00,00,00,00,00,00,00,00,00,00,00,00,00,00,00,00,00,00,00,00,00,00,00,00,00,00,00,00,00,00,00,00,00,00,00,00,00,00,00,00,00,00,00,00,00,00,00,00,00,00,00,00,00,00,00,00,00,00,00,00,00,00,00]"",""time"":1558023351308}],""pId"":""dde5925b03f22124"",""type"":6}",1558023351577
"{""bId"":""100bbce432af"",""collectTime"":1558023051845,""pId"":""dde5925b03f22124"",""partRunControlData"":""[00,00,00,00,00,00,00,00,00,00,00,00,00,00,00,00,00,00,00,00,00,00,00,00,00,00,00,00,00,00,00,00,00,00,00,00,00,00,19,05,17,00,15,44,00,00,00,00,00,00,00,00,00,00]"",""port"":0,""type"":4}",1558023052116
"{""bId"":""100bbce432af"",""collectTime"":1558023411956,""pId"":""dde5925b03f22124"",""partRunControlData"":""[00,00,00,00,00,00,00,00,00,00,00,00,00,00,00,00,00,00,00,00,00,00,00,00,00,00,00,00,00,00,00,00,00,00,00,00,00,00,19,05,17,00,21,44,00,00,00,00,00,00,00,00,00,00]"",""port"":0,""type"":4}",1558023412117
"{""bId"":""100bbce432af"",""collectTime"":1558023771981,""pId"":""dde5925b03f22124"",""partRunControlData"":""[00,00,00,00,00,00,00,00,00,00,00,00,00,00,00,00,00,00,00,00,00,00,00,00,00,00,00,00,00,00,00,00,00,00,00,00,00,00,19,05,17,00,27,44,00,00,00,00,00,00,00,00,00,00]"",""port"":0,""type"":4}",1558023772246
"{""list"":[{""content"":""[20,07,1B,07,00,00,00,00,00,55,07,00,00,00,00,00,00,00,00,00,00,00,00,00,00,00,00,00,00,00,00,00,00,00,00,00,00,00,00,00,00,00,00,00,00,00,00,00,00,00,00,00,00,00,00,00,00,00,00,00,00,00,00,00,00,00,00,00,00,00,00,00,00,00,00,00,00,00,00,00,00,00,00,00,00,00,00,00,00,00,00,00,00,00,00,00,00,00,00,00,00,00,00,00,00,00,00,00,00,00,00,00,00,00,00,00,00,00,00,00,00,00,00,00,00,00,00,00,00,00,00,00,00,00,00,00,00,00,00]"",""time"":1558024072661}],""pId"":""dde5925b03f22124"",""type"":6}",1558024072925
"{""list"":[{""content"":""[1C,07,18,07,00,00,00,00,00,54,07,00,00,00,00,00,00,00,00,00,00,00,00,00,00,00,00,00,00,00,00,00,00,00,00,00,00,00,00,00,00,00,00,00,00,00,00,00,00,00,00,00,00,00,00,00,00,00,00,00,00,00,00,00,00,00,00,00,00,00,00,00,00,00,00,00,00,00,00,00,00,00,00,00,00,00,00,00,00,00,00,00,00,00,00,00,00,00,00,00,00,00,00,00,00,00,00,00,00,00,00,00,00,00,00,00,00,00,00,00,00,00,00,00,00,00,00,00,00,00,00,00,00,00,00,00,00,00,00]"",""time"":1558024793845}],""pId"":""dde5925b03f22124"",""type"":6}",1558024794118
"{""bId"":""100bbce432af"",""collectTime"":1558024852435,""pId"":""dde5925b03f22124"",""partRunControlData"":""[00,00,00,00,00,00,00,00,00,00,00,00,00,00,00,00,00,00,00,00,00,00,00,00,00,00,00,00,00,00,00,00,00,00,00,00,00,00,19,05,17,00,45,45,00,00,00,00,00,00,00,00,00,00]"",""port"":0,""type"":4}",1558024852597
"{""bId"":""100bbce432af"",""collectTime"":1558025212489,""pId"":""dde5925b03f22124"",""partRunControlData"":""[00,00,00,00,00,00,00,00,00,00,00,00,00,00,00,00,00,00,00,00,00,00,00,00,00,00,00,00,00,00,00,00,00,00,00,00,00,00,19,05,17,00,51,45,00,00,00,00,00,00,00,00,00,00]"",""port"":0,""type"":4}",1558025212746
"{""list"":[{""content"":""[1B,07,17,07,00,00,00,00,00,55,07,00,00,00,00,00,00,00,00,00,00,00,00,00,00,00,00,00,00,00,00,00,00,00,00,00,00,00,00,00,00,00,00,00,00,00,00,00,00,00,00,00,00,00,00,00,00,00,00,00,00,00,00,00,00,00,00,00,00,00,00,00,00,00,00,00,00,00,00,00,00,00,00,00,00,00,00,00,00,00,00,00,00,00,00,00,00,00,00,00,00,00,00,00,00,00,00,00,00,00,00,00,00,00,00,00,00,00,00,00,00,00,00,00,00,00,00,00,00,00,00,00,00,00,00,00,00,00,00]"",""time"":1558025515092}],""pId"":""dde5925b03f22124"",""type"":6}",1558025515365
"{""bId"":""100bbce432af"",""collectTime"":1558024132152,""pId"":""dde5925b03f22124"",""partRunControlData"":""[00,00,00,00,00,00,00,00,00,00,00,00,00,00,00,00,00,00,00,00,00,00,00,00,00,00,00,00,00,00,00,00,00,00,00,00,00,00,19,05,17,00,33,44,00,00,00,00,00,00,00,00,00,00]"",""port"":0,""type"":4}",1558024132305
"{""bId"":""100bbce432af"",""collectTime"":1558024492235,""pId"":""dde5925b03f22124"",""partRunControlData"":""[00,00,00,00,00,00,00,00,00,00,00,00,00,00,00,00,00,00,00,00,00,00,00,00,00,00,00,00,00,00,00,00,00,00,00,00,00,00,19,05,17,00,39,44,00,00,00,00,00,00,00,00,00,00]"",""port"":0,""type"":4}",1558024492495
"{""bId"":""100bbce432af"",""collectTime"":1558025572747,""pId"":""dde5925b03f22124"",""partRunControlData"":""[00,00,00,00,00,00,00,00,00,00,00,00,00,00,00,00,00,00,00,00,00,00,00,00,00,00,00,00,00,00,00,00,00,00,00,00,00,00,19,05,17,00,57,45,00,00,00,00,00,00,00,00,00,00]"",""port"":0,""type"":4}",1558025572906
"{""bId"":""100bbce432af"",""collectTime"":1558026292877,""pId"":""dde5925b03f22124"",""partRunControlData"":""[00,00,00,00,00,00,00,00,00,00,00,00,00,00,00,00,00,00,00,00,00,00,00,00,00,00,00,00,00,00,00,00,00,00,00,00,00,00,19,05,17,01,09,45,00,00,00,00,00,00,00,00,00,00]"",""port"":0,""type"":4}",1558026293027
"{""bId"":""100bbce432af"",""collectTime"":1558026652782,""pId"":""dde5925b03f22124"",""partRunControlData"":""[00,00,00,00,00,00,00,00,00,00,00,00,00,00,00,00,00,00,00,00,00,00,00,00,00,00,00,00,00,00,00,00,00,00,00,00,00,00,19,05,17,01,15,45,00,00,00,00,00,00,00,00,00,00]"",""port"":0,""type"":4}",1558026653046
"{""list"":[{""content"":""[15,07,14,07,00,00,00,00,00,54,07,00,00,00,00,00,00,00,00,00,00,00,00,00,00,00,00,00,00,00,00,00,00,00,00,00,00,00,00,00,00,00,00,00,00,00,00,00,00,00,00,00,00,00,00,00,00,00,00,00,00,00,00,00,00,00,00,00,00,00,00,00,00,00,00,00,00,00,00,00,00,00,00,00,00,00,00,00,00,00,00,00,00,00,00,00,00,00,00,00,00,00,00,00,00,00,00,00,00,00,00,00,00,00,00,00,00,00,00,00,00,00,00,00,00,00,00,00,00,00,00,00,00,00,00,00,00,00,00]"",""time"":1558026957837}],""pId"":""dde5925b03f22124"",""type"":6}",1558026958095
"{""bId"":""100bbce432af"",""collectTime"":1558027373194,""pId"":""dde5925b03f22124"",""partRunControlData"":""[00,00,00,00,00,00,00,00,00,00,00,00,00,00,00,00,00,00,00,00,00,00,00,00,00,00,00,00,00,00,00,00,00,00,00,00,00,00,19,05,17,01,27,45,00,00,00,00,00,00,00,00,00,00]"",""port"":0,""type"":4}",1558027373457
"{""bId"":""100bbce432af"",""collectTime"":1558025932740,""pId"":""dde5925b03f22124"",""partRunControlData"":""[00,00,00,00,00,00,00,00,00,00,00,00,00,00,00,00,00,00,00,00,00,00,00,00,00,00,00,00,00,00,00,00,00,00,00,00,00,00,19,05,17,01,03,45,00,00,00,00,00,00,00,00,00,00]"",""port"":0,""type"":4}",1558025933005
"{""list"":[{""content"":""[1A,07,15,07,00,00,00,00,00,53,07,00,00,00,00,00,00,00,00,00,00,00,00,00,00,00,00,00,00,00,00,00,00,00,00,00,00,00,00,00,00,00,00,00,00,00,00,00,00,00,00,00,00,00,00,00,00,00,00,00,00,00,00,00,00,00,00,00,00,00,00,00,00,00,00,00,00,00,00,00,00,00,00,00,00,00,00,00,00,00,00,00,00,00,00,00,00,00,00,00,00,00,00,00,00,00,00,00,00,00,00,00,00,00,00,00,00,00,00,00,00,00,00,00,00,00,00,00,00,00,00,00,00,00,00,00,00,00,00]"",""time"":1558026236672}],""pId"":""dde5925b03f22124"",""type"":6}",1558026236936
"{""bId"":""100bbce432af"",""collectTime"":1558027013071,""pId"":""dde5925b03f22124"",""partRunControlData"":""[00,00,00,00,00,00,00,00,00,00,00,00,00,00,00,00,00,00,00,00,00,00,00,00,00,00,00,00,00,00,00,00,00,00,00,00,00,00,19,05,17,01,21,45,00,00,00,00,00,00,00,00,00,00]"",""port"":0,""type"":4}",1558027013226
"{""bId"":""100bbce432af"",""collectTime"":1558027733269,""pId"":""dde5925b03f22124"",""partRunControlData"":""[00,00,00,00,00,00,00,00,00,00,00,00,00,00,00,00,00,00,00,00,00,00,00,00,00,00,00,00,00,00,00,00,00,00,00,00,00,00,19,05,17,01,33,45,00,00,00,00,00,00,00,00,00,00]"",""port"":0,""type"":4}",1558027733426
"{""bId"":""100bbce432af"",""collectTime"":1558028093358,""pId"":""dde5925b03f22124"",""partRunControlData"":""[00,00,00,00,00,00,00,00,00,00,00,00,00,00,00,00,00,00,00,00,00,00,00,00,00,00,00,00,00,00,00,00,00,00,00,00,00,00,19,05,17,01,39,46,00,00,00,00,00,00,00,00,00,00]"",""port"":0,""type"":4}",1558028093627
"{""list"":[{""content"":""[15,07,10,07,00,00,00,00,00,53,07,00,00,00,00,00,00,00,00,00,00,00,00,00,00,00,00,00,00,00,00,00,00,00,00,00,00,00,00,00,00,00,00,00,00,00,00,00,00,00,00,00,00,00,00,00,00,00,00,00,00,00,00,00,00,00,00,00,00,00,00,00,00,00,00,00,00,00,00,00,00,00,00,00,00,00,00,00,00,00,00,00,00,00,00,00,00,00,00,00,00,00,00,00,00,00,00,00,00,00,00,00,00,00,00,00,00,00,00,00,00,00,00,00,00,00,00,00,00,00,00,00,00,00,00,00,00,00,00]"",""time"":1558028399340}],""pId"":""dde5925b03f22124"",""type"":6}",1558028399585
"{""bId"":""100bbce432af"",""collectTime"":1558028453574,""pId"":""dde5925b03f22124"",""partRunControlData"":""[00,00,00,00,00,00,00,00,00,00,00,00,00,00,00,00,00,00,00,00,00,00,00,00,00,00,00,00,00,00,00,00,00,00,00,00,00,00,19,05,17,01,45,46,00,00,00,00,00,00,00,00,00,00]"",""port"":0,""type"":4}",1558028453730
"{""list"":[{""content"":""[13,07,14,07,00,00,00,00,00,54,07,00,00,00,00,00,00,00,00,00,00,00,00,00,00,00,00,00,00,00,00,00,00,00,00,00,00,00,00,00,00,00,00,00,00,00,00,00,00,00,00,00,00,00,00,00,00,00,00,00,00,00,00,00,00,00,00,00,00,00,00,00,00,00,00,00,00,00,00,00,00,00,00,00,00,00,00,00,00,00,00,00,00,00,00,00,00,00,00,00,00,00,00,00,00,00,00,00,00,00,00,00,00,00,00,00,00,00,00,00,00,00,00,00,00,00,00,00,00,00,00,00,00,00,00,00,00,00,00]"",""time"":1558027678194}],""pId"":""dde5925b03f22124"",""type"":6}",1558027678466
"{""bId"":""100bbce432af"",""collectTime"":1558028813604,""pId"":""dde5925b03f22124"",""partRunControlData"":""[00,00,00,00,00,00,00,00,00,00,00,00,00,00,00,00,00,00,00,00,00,00,00,00,00,00,00,00,00,00,00,00,00,00,00,00,00,00,19,05,17,01,51,46,00,00,00,00,00,00,00,00,00,00]"",""port"":0,""type"":4}",1558028813866
"{""list"":[{""content"":""[11,07,12,07,00,00,00,00,00,53,07,00,00,00,00,00,00,00,00,00,00,00,00,00,00,00,00,00,00,00,00,00,00,00,00,00,00,00,00,00,00,00,00,00,00,00,00,00,00,00,00,00,00,00,00,00,00,00,00,00,00,00,00,00,00,00,00,00,00,00,00,00,00,00,00,00,00,00,00,00,00,00,00,00,00,00,00,00,00,00,00,00,00,00,00,00,00,00,00,00,00,00,00,00,00,00,00,00,00,00,00,00,00,00,00,00,00,00,00,00,00,00,00,00,00,00,00,00,00,00,00,00,00,00,00,00,00,00,00]"",""time"":1558029120449}],""pId"":""dde5925b03f22124"",""type"":6}",1558029120720
"{""bId"":""100bbce432af"",""collectTime"":1558029534113,""pId"":""dde5925b03f22124"",""partRunControlData"":""[00,00,00,00,00,00,00,00,00,00,00,00,00,00,00,00,00,00,00,00,00,00,00,00,00,00,00,00,00,00,00,00,00,00,00,00,00,00,19,05,17,02,03,46,00,00,00,00,00,00,00,00,00,00]"",""port"":0,""type"":4}",1558029534376
"{""bId"":""100bbce432af"",""collectTime"":1558029893844,""pId"":""dde5925b03f22124"",""partRunControlData"":""[00,00,00,00,00,00,00,00,00,00,00,00,00,00,00,00,00,00,00,00,00,00,00,00,00,00,00,00,00,00,00,00,00,00,00,00,00,00,19,05,17,02,09,46,00,00,00,00,00,00,00,00,00,00]"",""port"":0,""type"":4}",1558029893991
"{""list"":[{""content"":""[0E,07,10,07,00,00,00,00,00,52,07,00,00,00,00,00,00,00,00,00,00,00,00,00,00,00,00,00,00,00,00,00,00,00,00,00,00,00,00,00,00,00,00,00,00,00,00,00,00,00,00,00,00,00,00,00,00,00,00,00,00,00,00,00,00,00,00,00,00,00,00,00,00,00,00,00,00,00,00,00,00,00,00,00,00,00,00,00,00,00,00,00,00,00,00,00,00,00,00,00,00,00,00,00,00,00,00,00,00,00,00,00,00,00,00,00,00,00,00,00,00,00,00,00,00,00,00,00,00,00,00,00,00,00,00,00,00,00,00]"",""time"":1558030563022}],""pId"":""dde5925b03f22124"",""type"":6}",1558030563265
"{""bId"":""100bbce432af"",""collectTime"":1558030614074,""pId"":""dde5925b03f22124"",""partRunControlData"":""[00,00,00,00,00,00,00,00,00,00,00,00,00,00,00,00,00,00,00,00,00,00,00,00,00,00,00,00,00,00,00,00,00,00,00,00,00,00,19,05,17,02,21,46,00,00,00,00,00,00,00,00,00,00]"",""port"":0,""type"":4}",1558030614227
"{""bId"":""100bbce432af"",""collectTime"":1558030974259,""pId"":""dde5925b03f22124"",""partRunControlData"":""[00,00,00,00,00,00,00,00,00,00,00,00,00,00,00,00,00,00,00,00,00,00,00,00,00,00,00,00,00,00,00,00,00,00,00,00,00,00,19,05,17,02,27,46,00,00,00,00,00,00,00,00,00,00]"",""port"":0,""type"":4}",1558030974516
"{""list"":[{""content"":""[12,07,10,07,00,00,00,00,00,53,07,00,00,00,00,00,00,00,00,00,00,00,00,00,00,00,00,00,00,00,00,00,00,00,00,00,00,00,00,00,00,00,00,00,00,00,00,00,00,00,00,00,00,00,00,00,00,00,00,00,00,00,00,00,00,00,00,00,00,00,00,00,00,00,00,00,00,00,00,00,00,00,00,00,00,00,00,00,00,00,00,00,00,00,00,00,00,00,00,00,00,00,00,00,00,00,00,00,00,00,00,00,00,00,00,00,00,00,00,00,00,00,00,00,00,00,00,00,00,00,00,00,00,00,00,00,00,00,00]"",""time"":1558029841604}],""pId"":""dde5925b03f22124"",""type"":6}",1558029841866
"{""bId"":""100bbce432af"",""collectTime"":1558030254164,""pId"":""dde5925b03f22124"",""partRunControlData"":""[00,00,00,00,00,00,00,00,00,00,00,00,00,00,00,00,00,00,00,00,00,00,00,00,00,00,00,00,00,00,00,00,00,00,00,00,00,00,19,05,17,02,15,46,00,00,00,00,00,00,00,00,00,00]"",""port"":0,""type"":4}",1558030254425
"{""bId"":""100bbce432af"",""collectTime"":1558031334378,""pId"":""dde5925b03f22124"",""partRunControlData"":""[00,00,00,00,00,00,00,00,00,00,00,00,00,00,00,00,00,00,00,00,00,00,00,00,00,00,00,00,00,00,00,00,00,00,00,00,00,00,19,05,17,02,33,47,00,00,00,00,00,00,00,00,00,00]"",""port"":0,""type"":4}",1558031334527
"{""list"":[{""content"":""[0C,07,0D,07,00,00,00,00,00,53,07,00,00,00,00,00,00,00,00,00,00,00,00,00,00,00,00,00,00,00,00,00,00,00,00,00,00,00,00,00,00,00,00,00,00,00,00,00,00,00,00,00,00,00,00,00,00,00,00,00,00,00,00,00,00,00,00,00,00,00,00,00,00,00,00,00,00,00,00,00,00,00,00,00,00,00,00,00,00,00,00,00,00,00,00,00,00,00,00,00,00,00,00,00,00,00,00,00,00,00,00,00,00,00,00,00,00,00,00,00,00,00,00,00,00,00,00,00,00,00,00,00,00,00,00,00,00,00,00]"",""time"":1558032005184}],""pId"":""dde5925b03f22124"",""type"":6}",1558032005445
"{""bId"":""100bbce432af"",""collectTime"":1558032054597,""pId"":""dde5925b03f22124"",""partRunControlData"":""[00,00,00,00,00,00,00,00,00,00,00,00,00,00,00,00,00,00,00,00,00,00,00,00,00,00,00,00,00,00,00,00,00,00,00,00,00,00,19,05,17,02,45,47,00,00,00,00,00,00,00,00,00,00]"",""port"":0,""type"":4}",1558032054746
"{""bId"":""100bbce432af"",""collectTime"":1558032414732,""pId"":""dde5925b03f22124"",""partRunControlData"":""[00,00,00,00,00,00,00,00,00,00,00,00,00,00,00,00,00,00,00,00,00,00,00,00,00,00,00,00,00,00,00,00,00,00,00,00,00,00,19,05,17,02,51,47,00,00,00,00,00,00,00,00,00,00]"",""port"":0,""type"":4}",1558032414987
"{""bId"":""100bbce432af"",""collectTime"":1558032775082,""pId"":""dde5925b03f22124"",""partRunControlData"":""[00,00,00,00,00,00,00,00,00,00,00,00,00,00,00,00,00,00,00,00,00,00,00,00,00,00,00,00,00,00,00,00,00,00,00,00,00,00,19,05,17,02,57,47,00,00,00,00,00,00,00,00,00,00]"",""port"":0,""type"":4}",1558032775236
"{""list"":[{""content"":""[0B,07,10,07,00,00,00,00,00,54,07,00,00,00,00,00,00,00,00,00,00,00,00,00,00,00,00,00,00,00,00,00,00,00,00,00,00,00,00,00,00,00,00,00,00,00,00,00,00,00,00,00,00,00,00,00,00,00,00,00,00,00,00,00,00,00,00,00,00,00,00,00,00,00,00,00,00,00,00,00,00,00,00,00,00,00,00,00,00,00,00,00,00,00,00,00,00,00,00,00,00,00,00,00,00,00,00,00,00,00,00,00,00,00,00,00,00,00,00,00,00,00,00,00,00,00,00,00,00,00,00,00,00,00,00,00,00,00,00]"",""time"":1558031284538}],""pId"":""dde5925b03f22124"",""type"":6}",1558031284806
"{""list"":[{""content"":""[0B,07,0C,07,00,00,00,00,00,53,07,00,00,00,00,00,00,00,00,00,00,00,00,00,00,00,00,00,00,00,00,00,00,00,00,00,00,00,00,00,00,00,00,00,00,00,00,00,00,00,00,00,00,00,00,00,00,00,00,00,00,00,00,00,00,00,00,00,00,00,00,00,00,00,00,00,00,00,00,00,00,00,00,00,00,00,00,00,00,00,00,00,00,00,00,00,00,00,00,00,00,00,00,00,00,00,00,00,00,00,00,00,00,00,00,00,00,00,00,00,00,00,00,00,00,00,00,00,00,00,00,00,00,00,00,00,00,00,00]"",""time"":1558032726279}],""pId"":""dde5925b03f22124"",""type"":6}",1558032726535
"{""bId"":""100bbce432af"",""collectTime"":1558033134818,""pId"":""dde5925b03f22124"",""partRunControlData"":""[00,00,00,00,00,00,00,00,00,00,00,00,00,00,00,00,00,00,00,00,00,00,00,00,00,00,00,00,00,00,00,00,00,00,00,00,00,00,19,05,17,03,03,47,00,00,00,00,00,00,00,00,00,00]"",""port"":0,""type"":4}",1558033135086
"{""list"":[{""content"":""[08,07,0E,07,00,00,00,00,00,52,07,00,00,00,00,00,00,00,00,00,00,00,00,00,00,00,00,00,00,00,00,00,00,00,00,00,00,00,00,00,00,00,00,00,00,00,00,00,00,00,00,00,00,00,00,00,00,00,00,00,00,00,00,00,00,00,00,00,00,00,00,00,00,00,00,00,00,00,00,00,00,00,00,00,00,00,00,00,00,00,00,00,00,00,00,00,00,00,00,00,00,00,00,00,00,00,00,00,00,00,00,00,00,00,00,00,00,00,00,00,00,00,00,00,00,00,00,00,00,00,00,00,00,00,00,00,00,00,00]"",""time"":1558033447747}],""pId"":""dde5925b03f22124"",""type"":6}",1558033448006
"{""bId"":""100bbce432af"",""collectTime"":1558033494962,""pId"":""dde5925b03f22124"",""partRunControlData"":""[00,00,00,00,00,00,00,00,00,00,00,00,00,00,00,00,00,00,00,00,00,00,00,00,00,00,00,00,00,00,00,00,00,00,00,00,00,00,19,05,17,03,09,47,00,00,00,00,00,00,00,00,00,00]"",""port"":0,""type"":4}",1558033495107
"{""list"":[{""content"":""[08,07,0C,07,00,00,00,00,00,53,07,00,00,00,00,00,00,00,00,00,00,00,00,00,00,00,00,00,00,00,00,00,00,00,00,00,00,00,00,00,00,00,00,00,00,00,00,00,00,00,00,00,00,00,00,00,00,00,00,00,00,00,00,00,00,00,00,00,00,00,00,00,00,00,00,00,00,00,00,00,00,00,00,00,00,00,00,00,00,00,00,00,00,00,00,00,00,00,00,00,00,00,00,00,00,00,00,00,00,00,00,00,00,00,00,00,00,00,00,00,00,00,00,00,00,00,00,00,00,00,00,00,00,00,00,00,00,00,00]"",""time"":1558034145013}],""pId"":""dde5925b03f22124"",""type"":6}",1558034145275
"{""bId"":""100bbce432af"",""collectTime"":1558034575192,""pId"":""dde5925b03f22124"",""partRunControlData"":""[00,00,00,00,00,00,00,00,00,00,00,00,00,00,00,00,00,00,00,00,00,00,00,00,00,00,00,00,00,00,00,00,00,00,00,00,00,00,19,05,17,03,27,48,00,00,00,00,00,00,00,00,00,00]"",""port"":0,""type"":4}",1558034575446
"{""bId"":""100bbce432af"",""collectTime"":1558033855165,""pId"":""dde5925b03f22124"",""partRunControlData"":""[00,00,00,00,00,00,00,00,00,00,00,00,00,00,00,00,00,00,00,00,00,00,00,00,00,00,00,00,00,00,00,00,00,00,00,00,00,00,19,05,17,03,15,47,00,00,00,00,00,00,00,00,00,00]"",""port"":0,""type"":4}",1558033855427
"{""bId"":""100bbce432af"",""collectTime"":1558034215169,""pId"":""dde5925b03f22124"",""partRunControlData"":""[00,00,00,00,00,00,00,00,00,00,00,00,00,00,00,00,00,00,00,00,00,00,00,00,00,00,00,00,00,00,00,00,00,00,00,00,00,00,19,05,17,03,21,47,00,00,00,00,00,00,00,00,00,00]"",""port"":0,""type"":4}",1558034215436
"{""list"":[{""content"":""[07,07,0D,07,00,00,00,00,00,52,07,00,00,00,00,00,00,00,00,00,00,00,00,00,00,00,00,00,00,00,00,00,00,00,00,00,00,00,00,00,00,00,00,00,00,00,00,00,00,00,00,00,00,00,00,00,00,00,00,00,00,00,00,00,00,00,00,00,00,00,00,00,00,00,00,00,00,00,00,00,00,00,00,00,00,00,00,00,00,00,00,00,00,00,00,00,00,00,00,00,00,00,00,00,00,00,00,00,00,00,00,00,00,00,00,00,00,00,00,00,00,00,00,00,00,00,00,00,00,00,00,00,00,00,00,00,00,00,00]"",""time"":1558034865906}],""pId"":""dde5925b03f22124"",""type"":6}",1558034866156
"{""bId"":""100bbce432af"",""collectTime"":1558035295448,""pId"":""dde5925b03f22124"",""partRunControlData"":""[00,00,00,00,00,00,00,00,00,00,00,00,00,00,00,00,00,00,00,00,00,00,00,00,00,00,00,00,00,00,00,00,00,00,00,00,00,00,19,05,17,03,39,48,00,00,00,00,00,00,00,00,00,00]"",""port"":0,""type"":4}",1558035295707
"{""list"":[{""content"":""[06,07,0C,07,00,00,00,00,00,52,07,00,00,00,00,00,00,00,00,00,00,00,00,00,00,00,00,00,00,00,00,00,00,00,00,00,00,00,00,00,00,00,00,00,00,00,00,00,00,00,00,00,00,00,00,00,00,00,00,00,00,00,00,00,00,00,00,00,00,00,00,00,00,00,00,00,00,00,00,00,00,00,00,00,00,00,00,00,00,00,00,00,00,00,00,00,00,00,00,00,00,00,00,00,00,00,00,00,00,00,00,00,00,00,00,00,00,00,00,00,00,00,00,00,00,00,00,00,00,00,00,00,00,00,00,00,00,00,00]"",""time"":1558035586778}],""pId"":""dde5925b03f22124"",""type"":6}",1558035587036
"{""bId"":""100bbce432af"",""collectTime"":1558036375846,""pId"":""dde5925b03f22124"",""partRunControlData"":""[00,00,00,00,00,00,00,00,00,00,00,00,00,00,00,00,00,00,00,00,00,00,00,00,00,00,00,00,00,00,00,00,00,00,00,00,00,00,19,05,17,03,57,48,00,00,00,00,00,00,00,00,00,00]"",""port"":0,""type"":4}",1558036376095
"{""bId"":""100bbce432af"",""collectTime"":1558034935492,""pId"":""dde5925b03f22124"",""partRunControlData"":""[00,00,00,00,00,00,00,00,00,00,00,00,00,00,00,00,00,00,00,00,00,00,00,00,00,00,00,00,00,00,00,00,00,00,00,00,00,00,19,05,17,03,33,48,00,00,00,00,00,00,00,00,00,00]"",""port"":0,""type"":4}",1558034935756
"{""bId"":""100bbce432af"",""collectTime"":1558036015770,""pId"":""dde5925b03f22124"",""partRunControlData"":""[00,00,00,00,00,00,00,00,00,00,00,00,00,00,00,00,00,00,00,00,00,00,00,00,00,00,00,00,00,00,00,00,00,00,00,00,00,00,19,05,17,03,51,48,00,00,00,00,00,00,00,00,00,00]"",""port"":0,""type"":4}",1558036016026
"{""list"":[{""content"":""[04,07,08,07,00,00,00,00,00,52,07,00,00,00,00,00,00,00,00,00,00,00,00,00,00,00,00,00,00,00,00,00,00,00,00,00,00,00,00,00,00,00,00,00,00,00,00,00,00,00,00,00,00,00,00,00,00,00,00,00,00,00,00,00,00,00,00,00,00,00,00,00,00,00,00,00,00,00,00,00,00,00,00,00,00,00,00,00,00,00,00,00,00,00,00,00,00,00,00,00,00,00,00,00,00,00,00,00,00,00,00,00,00,00,00,00,00,00,00,00,00,00,00,00,00,00,00,00,00,00,00,00,00,00,00,00,00,00,00]"",""time"":1558036307112}],""pId"":""dde5925b03f22124"",""type"":6}",1558036307366
"{""list"":[{""content"":""[04,07,0A,07,00,00,00,00,00,52,07,00,00,00,00,00,00,00,00,00,00,00,00,00,00,00,00,00,00,00,00,00,00,00,00,00,00,00,00,00,00,00,00,00,00,00,00,00,00,00,00,00,00,00,00,00,00,00,00,00,00,00,00,00,00,00,00,00,00,00,00,00,00,00,00,00,00,00,00,00,00,00,00,00,00,00,00,00,00,00,00,00,00,00,00,00,00,00,00,00,00,00,00,00,00,00,00,00,00,00,00,00,00,00,00,00,00,00,00,00,00,00,00,00,00,00,00,00,00,00,00,00,00,00,00,00,00,00,00]"",""time"":1558037025791}],""pId"":""dde5925b03f22124"",""type"":6}",1558037026056
"{""bId"":""100bbce432af"",""collectTime"":1558037095974,""pId"":""dde5925b03f22124"",""partRunControlData"":""[00,00,00,00,00,00,00,00,00,00,00,00,00,00,00,00,00,00,00,00,00,00,00,00,00,00,00,00,00,00,00,00,00,00,00,00,00,00,19,05,17,04,09,48,00,00,00,00,00,00,00,00,00,00]"",""port"":0,""type"":4}",1558037096226
"{""list"":[{""content"":""[03,07,0A,07,00,00,00,00,00,51,07,00,00,00,00,00,00,00,00,00,00,00,00,00,00,00,00,00,00,00,00,00,00,00,00,00,00,00,00,00,00,00,00,00,00,00,00,00,00,00,00,00,00,00,00,00,00,00,00,00,00,00,00,00,00,00,00,00,00,00,00,00,00,00,00,00,00,00,00,00,00,00,00,00,00,00,00,00,00,00,00,00,00,00,00,00,00,00,00,00,00,00,00,00,00,00,00,00,00,00,00,00,00,00,00,00,00,00,00,00,00,00,00,00,00,00,00,00,00,00,00,00,00,00,00,00,00,00,00]"",""time"":1558037745912}],""pId"":""dde5925b03f22124"",""type"":6}",1558037746165
"{""bId"":""100bbce432af"",""collectTime"":1558037816237,""pId"":""dde5925b03f22124"",""partRunControlData"":""[00,00,00,00,00,00,00,00,00,00,00,00,00,00,00,00,00,00,00,00,00,00,00,00,00,00,00,00,00,00,00,00,00,00,00,00,00,00,19,05,17,04,21,49,00,00,00,00,00,00,00,00,00,00]"",""port"":0,""type"":4}",1558037816485
"{""bId"":""100bbce432af"",""collectTime"":1558038176327,""pId"":""dde5925b03f22124"",""partRunControlData"":""[00,00,00,00,00,00,00,00,00,00,00,00,00,00,00,00,00,00,00,00,00,00,00,00,00,00,00,00,00,00,00,00,00,00,00,00,00,00,19,05,17,04,27,49,00,00,00,00,00,00,00,00,00,00]"",""port"":0,""type"":4}",1558038176586
"{""bId"":""100bbce432af"",""collectTime"":1558036735954,""pId"":""dde5925b03f22124"",""partRunControlData"":""[00,00,00,00,00,00,00,00,00,00,00,00,00,00,00,00,00,00,00,00,00,00,00,00,00,00,00,00,00,00,00,00,00,00,00,00,00,00,19,05,17,04,03,48,00,00,00,00,00,00,00,00,00,00]"",""port"":0,""type"":4}",1558036736216
"{""bId"":""100bbce432af"",""collectTime"":1558037456135,""pId"":""dde5925b03f22124"",""partRunControlData"":""[00,00,00,00,00,00,00,00,00,00,00,00,00,00,00,00,00,00,00,00,00,00,00,00,00,00,00,00,00,00,00,00,00,00,00,00,00,00,19,05,17,04,15,48,00,00,00,00,00,00,00,00,00,00]"",""port"":0,""type"":4}",1558037456386
"{""bId"":""100bbce432af"",""collectTime"":1558038536562,""pId"":""dde5925b03f22124"",""partRunControlData"":""[00,00,00,00,00,00,00,00,00,00,00,00,00,00,00,00,00,00,00,00,00,00,00,00,00,00,00,00,00,00,00,00,00,00,00,00,00,00,19,05,17,04,33,49,00,00,00,00,00,00,00,00,00,00]"",""port"":0,""type"":4}",1558038536816
"{""bId"":""100bbce432af"",""collectTime"":1558038896525,""pId"":""dde5925b03f22124"",""partRunControlData"":""[00,00,00,00,00,00,00,00,00,00,00,00,00,00,00,00,00,00,00,00,00,00,00,00,00,00,00,00,00,00,00,00,00,00,00,00,00,00,19,05,17,04,39,49,00,00,00,00,00,00,00,00,00,00]"",""port"":0,""type"":4}",1558038896786
"{""list"":[{""content"":""[00,07,08,07,00,00,00,00,00,51,07,00,00,00,00,00,00,00,00,00,00,00,00,00,00,00,00,00,00,00,00,00,00,00,00,00,00,00,00,00,00,00,00,00,00,00,00,00,00,00,00,00,00,00,00,00,00,00,00,00,00,00,00,00,00,00,00,00,00,00,00,00,00,00,00,00,00,00,00,00,00,00,00,00,00,00,00,00,00,00,00,00,00,00,00,00,00,00,00,00,00,00,00,00,00,00,00,00,00,00,00,00,00,00,00,00,00,00,00,00,00,00,00,00,00,00,00,00,00,00,00,00,00,00,00,00,00,00,00]"",""time"":1558039186219}],""pId"":""dde5925b03f22124"",""type"":6}",1558039186466
"{""list"":[{""content"":""[01,07,09,07,00,00,00,00,00,52,07,00,00,00,00,00,00,00,00,00,00,00,00,00,00,00,00,00,00,00,00,00,00,00,00,00,00,00,00,00,00,00,00,00,00,00,00,00,00,00,00,00,00,00,00,00,00,00,00,00,00,00,00,00,00,00,00,00,00,00,00,00,00,00,00,00,00,00,00,00,00,00,00,00,00,00,00,00,00,00,00,00,00,00,00,00,00,00,00,00,00,00,00,00,00,00,00,00,00,00,00,00,00,00,00,00,00,00,00,00,00,00,00,00,00,00,00,00,00,00,00,00,00,00,00,00,00,00,00]"",""time"":1558039906978}],""pId"":""dde5925b03f22124"",""type"":6}",1558039907226
"{""list"":[{""content"":""[03,07,07,07,00,00,00,00,00,51,07,00,00,00,00,00,00,00,00,00,00,00,00,00,00,00,00,00,00,00,00,00,00,00,00,00,00,00,00,00,00,00,00,00,00,00,00,00,00,00,00,00,00,00,00,00,00,00,00,00,00,00,00,00,00,00,00,00,00,00,00,00,00,00,00,00,00,00,00,00,00,00,00,00,00,00,00,00,00,00,00,00,00,00,00,00,00,00,00,00,00,00,00,00,00,00,00,00,00,00,00,00,00,00,00,00,00,00,00,00,00,00,00,00,00,00,00,00,00,00,00,00,00,00,00,00,00,00,00]"",""time"":1558038465839}],""pId"":""dde5925b03f22124"",""type"":6}",1558038466096
"{""bId"":""100bbce432af"",""collectTime"":1558039256758,""pId"":""dde5925b03f22124"",""partRunControlData"":""[00,00,00,00,00,00,00,00,00,00,00,00,00,00,00,00,00,00,00,00,00,00,00,00,00,00,00,00,00,00,00,00,00,00,00,00,00,00,19,05,17,04,45,49,00,00,00,00,00,00,00,00,00,00]"",""port"":0,""type"":4}",1558039257006
"{""bId"":""100bbce432af"",""collectTime"":1558039616731,""pId"":""dde5925b03f22124"",""partRunControlData"":""[00,00,00,00,00,00,00,00,00,00,00,00,00,00,00,00,00,00,00,00,00,00,00,00,00,00,00,00,00,00,00,00,00,00,00,00,00,00,19,05,17,04,51,49,00,00,00,00,00,00,00,00,00,00]"",""port"":0,""type"":4}",1558039616975
"{""bId"":""100bbce432af"",""collectTime"":1558039976905,""pId"":""dde5925b03f22124"",""partRunControlData"":""[00,00,00,00,00,00,00,00,00,00,00,00,00,00,00,00,00,00,00,00,00,00,00,00,00,00,00,00,00,00,00,00,00,00,00,00,00,00,19,05,17,04,57,49,00,00,00,00,00,00,00,00,00,00]"",""port"":0,""type"":4}",1558039977157
"{""bId"":""100bbce432af"",""collectTime"":1558040337084,""pId"":""dde5925b03f22124"",""partRunControlData"":""[00,00,00,00,00,00,00,00,00,00,00,00,00,00,00,00,00,00,00,00,00,00,00,00,00,00,00,00,00,00,00,00,00,00,00,00,00,00,19,05,17,05,03,49,00,00,00,00,00,00,00,00,00,00]"",""port"":0,""type"":4}",1558040337336
"{""list"":[{""content"":""[01,07,05,07,00,00,00,00,00,50,07,00,00,00,00,00,00,00,00,00,00,00,00,00,00,00,00,00,00,00,00,00,00,00,00,00,00,00,00,00,00,00,00,00,00,00,00,00,00,00,00,00,00,00,00,00,00,00,00,00,00,00,00,00,00,00,00,00,00,00,00,00,00,00,00,00,00,00,00,00,00,00,00,00,00,00,00,00,00,00,00,00,00,00,00,00,00,00,00,00,00,00,00,00,00,00,00,00,00,00,00,00,00,00,00,00,00,00,00,00,00,00,00,00,00,00,00,00,00,00,00,00,00,00,00,00,00,00,00]"",""time"":1558040626193}],""pId"":""dde5925b03f22124"",""type"":6}",1558040626436
"{""bId"":""100bbce432af"",""collectTime"":1558041417271,""pId"":""dde5925b03f22124"",""partRunControlData"":""[00,00,00,00,00,00,00,00,00,00,00,00,00,00,00,00,00,00,00,00,00,00,00,00,00,00,00,00,00,00,00,00,00,00,00,00,00,00,19,05,17,05,21,50,00,00,00,00,00,00,00,00,00,00]"",""port"":0,""type"":4}",1558041417536
"{""bId"":""100bbce432af"",""collectTime"":1558041777497,""pId"":""dde5925b03f22124"",""partRunControlData"":""[00,00,00,00,00,00,00,00,00,00,00,00,00,00,00,00,00,00,00,00,00,00,00,00,00,00,00,00,00,00,00,00,00,00,00,00,00,00,19,05,17,05,27,50,00,00,00,00,00,00,00,00,00,00]"",""port"":0,""type"":4}",1558041777758
"{""bId"":""100bbce432af"",""collectTime"":1558040697313,""pId"":""dde5925b03f22124"",""partRunControlData"":""[00,00,00,00,00,00,00,00,00,00,00,00,00,00,00,00,00,00,00,00,00,00,00,00,00,00,00,00,00,00,00,00,00,00,00,00,00,00,19,05,17,05,09,49,00,00,00,00,00,00,00,00,00,00]"",""port"":0,""type"":4}",1558040697576
"{""bId"":""100bbce432af"",""collectTime"":1558041057540,""pId"":""dde5925b03f22124"",""partRunControlData"":""[00,00,00,00,00,00,00,00,00,00,00,00,00,00,00,00,00,00,00,00,00,00,00,00,00,00,00,00,00,00,00,00,00,00,00,00,00,00,19,05,17,05,15,49,00,00,00,00,00,00,00,00,00,00]"",""port"":0,""type"":4}",1558041057787
"{""list"":[{""content"":""[FF,06,06,07,00,00,00,00,00,51,07,00,00,00,00,00,00,00,00,00,00,00,00,00,00,00,00,00,00,00,00,00,00,00,00,00,00,00,00,00,00,00,00,00,00,00,00,00,00,00,00,00,00,00,00,00,00,00,00,00,00,00,00,00,00,00,00,00,00,00,00,00,00,00,00,00,00,00,00,00,00,00,00,00,00,00,00,00,00,00,00,00,00,00,00,00,00,00,00,00,00,00,00,00,00,00,00,00,00,00,00,00,00,00,00,00,00,00,00,00,00,00,00,00,00,00,00,00,00,00,00,00,00,00,00,00,00,00,00]"",""time"":1558041345719}],""pId"":""dde5925b03f22124"",""type"":6}",1558041345966
"{""list"":[{""content"":""[FF,06,07,07,00,00,00,00,00,51,07,00,00,00,00,00,00,00,00,00,00,00,00,00,00,00,00,00,00,00,00,00,00,00,00,00,00,00,00,00,00,00,00,00,00,00,00,00,00,00,00,00,00,00,00,00,00,00,00,00,00,00,00,00,00,00,00,00,00,00,00,00,00,00,00,00,00,00,00,00,00,00,00,00,00,00,00,00,00,00,00,00,00,00,00,00,00,00,00,00,00,00,00,00,00,00,00,00,00,00,00,00,00,00,00,00,00,00,00,00,00,00,00,00,00,00,00,00,00,00,00,00,00,00,00,00,00,00,00]"",""time"":1558042066722}],""pId"":""dde5925b03f22124"",""type"":6}",1558042066966
"{""list"":[{""content"":""[FE,06,05,07,00,00,00,00,00,51,07,00,00,00,00,00,00,00,00,00,00,00,00,00,00,00,00,00,00,00,00,00,00,00,00,00,00,00,00,00,00,00,00,00,00,00,00,00,00,00,00,00,00,00,00,00,00,00,00,00,00,00,00,00,00,00,00,00,00,00,00,00,00,00,00,00,00,00,00,00,00,00,00,00,00,00,00,00,00,00,00,00,00,00,00,00,00,00,00,00,00,00,00,00,00,00,00,00,00,00,00,00,00,00,00,00,00,00,00,00,00,00,00,00,00,00,00,00,00,00,00,00,00,00,00,00,00,00,00]"",""time"":1558042787201}],""pId"":""dde5925b03f22124"",""type"":6}",1558042787336
"{""bId"":""100bbce432af"",""collectTime"":1558043217855,""pId"":""dde5925b03f22124"",""partRunControlData"":""[00,00,00,00,00,00,00,00,00,00,00,00,00,00,00,00,00,00,00,00,00,00,00,00,00,00,00,00,00,00,00,00,00,00,00,00,00,00,19,05,17,05,51,50,00,00,00,00,00,00,00,00,00,00]"",""port"":0,""type"":4}",1558043218116
"{""bId"":""100bbce432af"",""collectTime"":1558042137500,""pId"":""dde5925b03f22124"",""partRunControlData"":""[00,00,00,00,00,00,00,00,00,00,00,00,00,00,00,00,00,00,00,00,00,00,00,00,00,00,00,00,00,00,00,00,00,00,00,00,00,00,19,05,17,05,33,50,00,00,00,00,00,00,00,00,00,00]"",""port"":0,""type"":4}",1558042137756
"{""bId"":""100bbce432af"",""collectTime"":1558042497814,""pId"":""dde5925b03f22124"",""partRunControlData"":""[00,00,00,00,00,00,00,00,00,00,00,00,00,00,00,00,00,00,00,00,00,00,00,00,00,00,00,00,00,00,00,00,00,00,00,00,00,00,19,05,17,05,39,50,00,00,00,00,00,00,00,00,00,00]"",""port"":0,""type"":4}",1558042498069
"{""list"":[{""content"":""[FD,06,05,07,00,00,00,00,00,50,07,00,00,00,00,00,00,00,00,00,00,00,00,00,00,00,00,00,00,00,00,00,00,00,00,00,00,00,00,00,00,00,00,00,00,00,00,00,00,00,00,00,00,00,00,00,00,00,00,00,00,00,00,00,00,00,00,00,00,00,00,00,00,00,00,00,00,00,00,00,00,00,00,00,00,00,00,00,00,00,00,00,00,00,00,00,00,00,00,00,00,00,00,00,00,00,00,00,00,00,00,00,00,00,00,00,00,00,00,00,00,00,00,00,00,00,00,00,00,00,00,00,00,00,00,00,00,00,00]"",""time"":1558043507731}],""pId"":""dde5925b03f22124"",""type"":6}",1558043507977
"{""bId"":""100bbce432af"",""collectTime"":1558043578128,""pId"":""dde5925b03f22124"",""partRunControlData"":""[00,00,00,00,00,00,00,00,00,00,00,00,00,00,00,00,00,00,00,00,00,00,00,00,00,00,00,00,00,00,00,00,00,00,00,00,00,00,19,05,17,05,57,50,00,00,00,00,00,00,00,00,00,00]"",""port"":0,""type"":4}",1558043578377
"{""bId"":""100bbce432af"",""collectTime"":1558043938011,""pId"":""dde5925b03f22124"",""partRunControlData"":""[00,00,00,00,00,00,00,00,00,00,00,00,00,00,00,00,00,00,00,00,00,00,00,00,00,00,00,00,00,00,00,00,00,00,00,00,00,00,19,05,17,06,03,50,00,00,00,00,00,00,00,00,00,00]"",""port"":0,""type"":4}",1558043938246
"{""list"":[{""content"":""[FE,06,03,07,00,00,00,00,00,4F,07,00,00,00,00,00,00,00,00,00,00,00,00,00,00,00,00,00,00,00,00,00,00,00,00,00,00,00,00,00,00,00,00,00,00,00,00,00,00,00,00,00,00,00,00,00,00,00,00,00,00,00,00,00,00,00,00,00,00,00,00,00,00,00,00,00,00,00,00,00,00,00,00,00,00,00,00,00,00,00,00,00,00,00,00,00,00,00,00,00,00,00,00,00,00,00,00,00,00,00,00,00,00,00,00,00,00,00,00,00,00,00,00,00,00,00,00,00,00,00,00,00,00,00,00,00,00,00,00]"",""time"":1558044226541}],""pId"":""dde5925b03f22124"",""type"":6}",1558044226796
"{""list"":[{""content"":""[FD,06,03,07,00,00,00,00,00,4F,07,00,00,00,00,00,00,00,00,00,00,00,00,00,00,00,00,00,00,00,00,00,00,00,00,00,00,00,00,00,00,00,00,00,00,00,00,00,00,00,00,00,00,00,00,00,00,00,00,00,00,00,00,00,00,00,00,00,00,00,00,00,00,00,00,00,00,00,00,00,00,00,00,00,00,00,00,00,00,00,00,00,00,00,00,00,00,00,00,00,00,00,00,00,00,00,00,00,00,00,00,00,00,00,00,00,00,00,00,00,00,00,00,00,00,00,00,00,00,00,00,00,00,00,00,00,00,00,00]"",""time"":1558044945283}],""pId"":""dde5925b03f22124"",""type"":6}",1558044945526
"{""bId"":""100bbce432af"",""collectTime"":1558045378462,""pId"":""dde5925b03f22124"",""partRunControlData"":""[00,00,00,00,00,00,00,00,00,00,00,00,00,00,00,00,00,00,00,00,00,00,00,00,00,00,00,00,00,00,00,00,00,00,00,00,00,00,19,05,17,06,27,51,00,00,00,00,00,00,00,00,00,00]"",""port"":0,""type"":4}",1558045378706
"{""bId"":""100bbce432af"",""collectTime"":1558044298085,""pId"":""dde5925b03f22124"",""partRunControlData"":""[00,00,00,00,00,00,00,00,00,00,00,00,00,00,00,00,00,00,00,00,00,00,00,00,00,00,00,00,00,00,00,00,00,00,00,00,00,00,19,05,17,06,09,50,00,00,00,00,00,00,00,00,00,00]"",""port"":0,""type"":4}",1558044298326
"{""bId"":""100bbce432af"",""collectTime"":1558044658390,""pId"":""dde5925b03f22124"",""partRunControlData"":""[00,00,00,00,00,00,00,00,00,00,00,00,00,00,00,00,00,00,00,00,00,00,00,00,00,00,00,00,00,00,00,00,00,00,00,00,00,00,19,05,17,06,15,51,00,00,00,00,00,00,00,00,00,00]"",""port"":0,""type"":4}",1558044658637
"{""bId"":""100bbce432af"",""collectTime"":1558045018414,""pId"":""dde5925b03f22124"",""partRunControlData"":""[00,00,00,00,00,00,00,00,00,00,00,00,00,00,00,00,00,00,00,00,00,00,00,00,00,00,00,00,00,00,00,00,00,00,00,00,00,00,19,05,17,06,21,51,00,00,00,00,00,00,00,00,00,00]"",""port"":0,""type"":4}",1558045018656
"{""list"":[{""content"":""[FE,06,02,07,00,00,00,00,00,4F,07,00,00,00,00,00,00,00,00,00,00,00,00,00,00,00,00,00,00,00,00,00,00,00,00,00,00,00,00,00,00,00,00,00,00,00,00,00,00,00,00,00,00,00,00,00,00,00,00,00,00,00,00,00,00,00,00,00,00,00,00,00,00,00,00,00,00,00,00,00,00,00,00,00,00,00,00,00,00,00,00,00,00,00,00,00,00,00,00,00,00,00,00,00,00,00,00,00,00,00,00,00,00,00,00,00,00,00,00,00,00,00,00,00,00,00,00,00,00,00,00,00,00,00,00,00,00,00,00]"",""time"":1558045663515}],""pId"":""dde5925b03f22124"",""type"":6}",1558045663766
"{""bId"":""100bbce432af"",""collectTime"":1558045738717,""pId"":""dde5925b03f22124"",""partRunControlData"":""[00,00,00,00,00,00,00,00,00,00,00,00,00,00,00,00,00,00,00,00,00,00,00,00,00,00,00,00,00,00,00,00,00,00,00,00,00,00,19,05,17,06,33,51,00,00,00,00,00,00,00,00,00,00]"",""port"":0,""type"":4}",1558045738967
"{""bId"":""100bbce432af"",""collectTime"":1558046819039,""pId"":""dde5925b03f22124"",""partRunControlData"":""[00,00,00,00,00,00,00,00,00,00,00,00,00,00,00,00,00,00,00,00,00,00,00,00,00,00,00,00,00,00,00,00,00,00,00,00,00,00,19,05,17,06,51,51,00,00,00,00,00,00,00,00,00,00]"",""port"":0,""type"":4}",1558046819286
"{""bId"":""100bbce432af"",""collectTime"":1558046098744,""pId"":""dde5925b03f22124"",""partRunControlData"":""[00,00,00,00,00,00,00,00,00,00,00,00,00,00,00,00,00,00,00,00,00,00,00,00,00,00,00,00,00,00,00,00,00,00,00,00,00,00,19,05,17,06,39,51,00,00,00,00,00,00,00,00,00,00]"",""port"":0,""type"":4}",1558046099007
"{""list"":[{""content"":""[FE,06,02,07,00,00,00,00,00,4E,07,00,00,00,00,00,00,00,00,00,00,00,00,00,00,00,00,00,00,00,00,00,00,00,00,00,00,00,00,00,00,00,00,00,00,00,00,00,00,00,00,00,00,00,00,00,00,00,00,00,00,00,00,00,00,00,00,00,00,00,00,00,00,00,00,00,00,00,00,00,00,00,00,00,00,00,00,00,00,00,00,00,00,00,00,00,00,00,00,00,00,00,00,00,00,00,00,00,00,00,00,00,00,00,00,00,00,00,00,00,00,00,00,00,00,00,00,00,00,00,00,00,00,00,00,00,00,00,00]"",""time"":1558046381786}],""pId"":""dde5925b03f22124"",""type"":6}",1558046381926
"{""list"":[{""content"":""[FC,06,FF,06,00,00,00,00,00,4E,07,00,00,00,00,00,00,00,00,00,00,00,00,00,00,00,00,00,00,00,00,00,00,00,00,00,00,00,00,00,00,00,00,00,00,00,00,00,00,00,00,00,00,00,00,00,00,00,00,00,00,00,00,00,00,00,00,00,00,00,00,00,00,00,00,00,00,00,00,00,00,00,00,00,00,00,00,00,00,00,00,00,00,00,00,00,00,00,00,00,00,00,00,00,00,00,00,00,00,00,00,00,00,00,00,00,00,00,00,00,00,00,00,00,00,00,00,00,00,00,00,00,00,00,00,00,00,00,00]"",""time"":1558047100078}],""pId"":""dde5925b03f22124"",""type"":6}",1558047100316
"{""bId"":""100bbce432af"",""collectTime"":1558047539231,""pId"":""dde5925b03f22124"",""partRunControlData"":""[00,00,00,00,00,00,00,00,00,00,00,00,00,00,00,00,00,00,00,00,00,00,00,00,00,00,00,00,00,00,00,00,00,00,00,00,00,00,19,05,17,07,03,51,00,00,00,00,00,00,00,00,00,00]"",""port"":0,""type"":4}",1558047539487
"{""list"":[{""content"":""[FE,06,05,07,00,00,00,00,00,4D,07,00,00,00,00,00,00,00,00,00,00,00,00,00,00,00,00,00,00,00,00,00,00,00,00,00,00,00,00,00,00,00,00,00,00,00,00,00,00,00,00,00,00,00,00,00,00,00,00,00,00,00,00,00,00,00,00,00,00,00,00,00,00,00,00,00,00,00,00,00,00,00,00,00,00,00,00,00,00,00,00,00,00,00,00,00,00,00,00,00,00,00,00,00,00,00,00,00,00,00,00,00,00,00,00,00,00,00,00,00,00,00,00,00,00,00,00,00,00,00,00,00,00,00,00,00,00,00,00]"",""time"":1558047820944}],""pId"":""dde5925b03f22124"",""type"":6}",1558047821205
