1,69,0,255,65,0,27,0,0,176,FFFFFFFFFFFF,57,97,0,12,27,27,26,26,0,0,0,0,0,0,0,0,0,0,0,0,0,0,0,0,0,0,0,0,0,0,0,0,0,0,0,0,0,0,0,0,0,0,0,0,0,0,0,0,0,0,0,0,0,0,0,0,0,0,0,0,0,0,0,0,0,0,0,0,0,0,0,0,0,0,0,1,0,0,0,0,0,0,0,0,0,0,1,0,4078,4080,4077,4079,4076,4077,4078,4080,4073,4077,4077,4078,4080,4078,4077,4080,2019-08-30 21:58:53 549,7,2dde1f5c02f22124,65.24,0.0,1,1,0,0,0,0,1,0,0,0,0,0,0,0,0,0,\N,\N,\N,\N,\N
1,69,0,255,65,0,27,0,0,176,FFFFFFFFFFFF,57,97,0,12,27,27,26,26,0,0,0,0,0,0,0,0,0,0,0,0,0,0,0,0,0,0,0,0,0,0,0,0,0,0,0,0,0,0,0,0,0,0,0,0,0,0,0,0,0,0,0,0,0,0,0,0,0,0,0,0,0,0,0,0,0,0,0,0,0,0,0,0,0,0,0,1,0,0,0,0,0,0,0,0,0,0,1,0,4078,4080,4077,4079,4076,4077,4078,4080,4073,4077,4077,4078,4080,4078,4077,4080,2019-08-30 21:58:54 572,7,2dde1f5c02f22124,65.24,0.0,1,1,0,0,0,0,1,0,0,0,0,0,0,0,0,0,\N,\N,\N,\N,\N
1,69,0,255,65,0,27,128,0,176,FFFFFFFFFFFF,57,97,0,12,27,27,26,26,0,0,0,0,0,0,0,0,0,0,0,0,0,0,0,0,0,0,0,0,0,0,0,0,0,0,0,0,0,0,0,0,0,0,0,0,0,0,0,0,0,0,0,0,0,0,0,0,0,0,0,0,0,0,0,0,0,0,0,0,0,0,0,0,0,0,0,1,0,0,0,0,0,0,0,0,0,0,1,0,4078,4080,4077,4079,4076,4077,4078,4080,4073,4077,4077,4078,4080,4078,4077,4080,2019-08-30 21:58:55 575,7,2dde1f5c02f22124,65.24,0.0,1,1,0,0,0,0,1,0,0,0,0,0,0,0,0,1,\N,\N,\N,\N,\N
1,69,0,255,65,0,27,128,0,176,FFFFFFFFFFFF,57,97,0,12,27,27,26,26,0,0,0,0,0,0,0,0,0,0,0,0,0,0,0,0,0,0,0,0,0,0,0,0,0,0,0,0,0,0,0,0,0,0,0,0,0,0,0,0,0,0,0,0,0,0,0,0,0,0,0,0,0,0,0,0,0,0,0,0,0,0,0,0,0,0,0,1,0,0,0,0,0,0,0,0,0,0,1,0,4078,4080,4077,4079,4076,4077,4078,4080,4073,4077,4077,4078,4080,4078,4077,4080,2019-08-30 21:58:56 997,7,2dde1f5c02f22124,65.24,0.0,1,1,0,0,0,0,1,0,0,0,0,0,0,0,0,1,\N,\N,\N,\N,\N
1,69,0,255,65,0,27,128,0,176,FFFFFFFFFFFF,57,97,0,12,27,27,26,26,0,0,0,0,0,0,0,0,0,0,0,0,0,0,0,0,0,0,0,0,0,0,0,0,0,0,0,0,0,0,0,0,0,0,0,0,0,0,0,0,0,0,0,0,0,0,0,0,0,0,0,0,0,0,0,0,0,0,0,0,0,0,0,0,0,0,0,1,0,0,0,0,0,0,0,0,0,0,1,0,4078,4080,4077,4079,4076,4077,4078,4080,4073,4077,4077,4078,4080,4078,4077,4080,2019-08-30 21:58:58 000,7,2dde1f5c02f22124,65.24,0.0,1,1,0,0,0,0,1,0,0,0,0,0,0,0,0,1,\N,\N,\N,\N,\N
1,69,0,255,65,0,27,128,0,176,FFFFFFFFFFFF,57,97,0,12,27,27,26,26,0,0,0,0,0,0,0,0,0,0,0,0,0,0,0,0,0,0,0,0,0,0,0,0,0,0,0,0,0,0,0,0,0,0,0,0,0,0,0,0,0,0,0,0,0,0,0,0,0,0,0,0,0,0,0,0,0,0,0,0,0,0,0,0,0,0,0,1,0,0,0,0,0,0,0,0,0,0,1,0,4078,4080,4077,4079,4076,4077,4078,4080,4073,4077,4077,4078,4080,4078,4077,4080,2019-08-30 21:58:58 802,7,2dde1f5c02f22124,65.24,0.0,1,1,0,0,0,0,1,0,0,0,0,0,0,0,0,1,\N,\N,\N,\N,\N
1,69,0,255,65,0,27,128,0,176,FFFFFFFFFFFF,57,97,0,12,27,27,26,26,0,0,0,0,0,0,0,0,0,0,0,0,0,0,0,0,0,0,0,0,0,0,0,0,0,0,0,0,0,0,0,0,0,0,0,0,0,0,0,0,0,0,0,0,0,0,0,0,0,0,0,0,0,0,0,0,0,0,0,0,0,0,0,0,0,0,0,1,0,0,0,0,0,0,0,0,0,0,1,0,4078,4080,4077,4079,4076,4077,4078,4080,4073,4077,4077,4078,4080,4078,4077,4080,2019-08-30 21:59:00 632,7,2dde1f5c02f22124,65.24,0.0,1,1,0,0,0,0,1,0,0,0,0,0,0,0,0,1,\N,\N,\N,\N,\N
1,69,0,255,65,0,27,128,0,176,FFFFFFFFFFFF,57,97,0,12,27,27,26,26,0,0,0,0,0,0,0,0,0,0,0,0,0,0,0,0,0,0,0,0,0,0,0,0,0,0,0,0,0,0,0,0,0,0,0,0,0,0,0,0,0,0,0,0,0,0,0,0,0,0,0,0,0,0,0,0,0,0,0,0,0,0,0,0,0,0,0,1,0,0,0,0,0,0,0,0,0,0,1,0,4078,4080,4077,4079,4076,4077,4078,4080,4073,4077,4077,4078,4080,4078,4077,4080,2019-08-30 21:59:03 438,7,2dde1f5c02f22124,65.24,0.0,1,1,0,0,0,0,1,0,0,0,0,0,0,0,0,1,\N,\N,\N,\N,\N
1,69,1,255,65,0,27,0,0,109,FFFFFFFFFFFF,57,91,0,12,27,27,27,26,0,0,0,0,0,0,0,0,0,0,0,0,0,0,0,0,0,0,0,0,0,0,0,0,0,0,0,0,0,0,0,0,0,0,0,0,0,0,0,0,0,0,0,0,0,0,0,0,0,0,0,0,0,0,0,0,0,0,0,0,0,0,0,0,0,0,0,1,0,0,0,0,0,0,0,0,0,0,1,0,4077,4078,4079,4080,4078,4077,4079,4080,4070,4079,4079,4078,4079,4077,4078,4077,2019-08-30 21:30:17 445,7,2dde1f5c02f22124,65.24,0.0,1,1,0,0,0,0,1,0,0,0,0,0,0,0,0,0,\N,\N,\N,\N,\N
1,69,1,255,65,0,27,0,0,109,FFFFFFFFFFFF,57,91,0,12,27,27,27,26,0,0,0,0,0,0,0,0,0,0,0,0,0,0,0,0,0,0,0,0,0,0,0,0,0,0,0,0,0,0,0,0,0,0,0,0,0,0,0,0,0,0,0,0,0,0,0,0,0,0,0,0,0,0,0,0,0,0,0,0,0,0,0,0,0,0,0,1,0,0,0,0,0,0,0,0,0,0,1,0,4077,4078,4079,4080,4078,4077,4079,4080,4070,4079,4079,4078,4079,4077,4078,4077,2019-08-30 21:30:17 847,7,2dde1f5c02f22124,65.24,0.0,1,1,0,0,0,0,1,0,0,0,0,0,0,0,0,0,\N,\N,\N,\N,\N
1,69,1,255,65,0,27,0,0,109,FFFFFFFFFFFF,57,91,0,12,27,27,27,26,0,0,0,0,0,0,0,0,0,0,0,0,0,0,0,0,0,0,0,0,0,0,0,0,0,0,0,0,0,0,0,0,0,0,0,0,0,0,0,0,0,0,0,0,0,0,0,0,0,0,0,0,0,0,0,0,0,0,0,0,0,0,0,0,0,0,0,1,0,0,0,0,0,0,0,0,0,0,1,0,4077,4078,4079,4080,4078,4077,4079,4080,4070,4079,4079,4078,4079,4077,4078,4077,2019-08-30 21:30:18 652,7,2dde1f5c02f22124,65.24,0.0,1,1,0,0,0,0,1,0,0,0,0,0,0,0,0,0,\N,\N,\N,\N,\N
1,69,1,255,65,0,27,0,0,109,FFFFFFFFFFFF,57,91,0,12,27,27,27,26,0,0,0,0,0,0,0,0,0,0,0,0,0,0,0,0,0,0,0,0,0,0,0,0,0,0,0,0,0,0,0,0,0,0,0,0,0,0,0,0,0,0,0,0,0,0,0,0,0,0,0,0,0,0,0,0,0,0,0,0,0,0,0,0,0,0,0,1,0,0,0,0,0,0,0,0,0,0,1,0,4077,4078,4079,4080,4078,4077,4079,4080,4070,4079,4079,4078,4079,4077,4078,4077,2019-08-30 21:30:19 055,7,2dde1f5c02f22124,65.24,0.0,1,1,0,0,0,0,1,0,0,0,0,0,0,0,0,0,\N,\N,\N,\N,\N
1,69,1,255,65,0,27,128,0,109,FFFFFFFFFFFF,57,91,0,12,27,27,27,26,0,0,0,0,0,0,0,0,0,0,0,0,0,0,0,0,0,0,0,0,0,0,0,0,0,0,0,0,0,0,0,0,0,0,0,0,0,0,0,0,0,0,0,0,0,0,0,0,0,0,0,0,0,0,0,0,0,0,0,0,0,0,0,0,0,0,0,1,0,0,0,0,0,0,0,0,0,0,1,0,4077,4078,4079,4080,4078,4077,4079,4080,4070,4079,4079,4078,4079,4077,4078,4077,2019-08-30 21:30:19 658,7,2dde1f5c02f22124,65.24,0.0,1,1,0,0,0,0,1,0,0,0,0,0,0,0,0,1,\N,\N,\N,\N,\N
1,69,1,255,65,0,27,128,0,109,FFFFFFFFFFFF,57,91,0,12,27,27,27,26,0,0,0,0,0,0,0,0,0,0,0,0,0,0,0,0,0,0,0,0,0,0,0,0,0,0,0,0,0,0,0,0,0,0,0,0,0,0,0,0,0,0,0,0,0,0,0,0,0,0,0,0,0,0,0,0,0,0,0,0,0,0,0,0,0,0,0,1,0,0,0,0,0,0,0,0,0,0,1,0,4077,4078,4079,4080,4078,4077,4079,4080,4070,4079,4079,4078,4079,4077,4078,4077,2019-08-30 21:30:20 261,7,2dde1f5c02f22124,65.24,0.0,1,1,0,0,0,0,1,0,0,0,0,0,0,0,0,1,\N,\N,\N,\N,\N
1,69,1,255,65,0,27,128,0,109,FFFFFFFFFFFF,57,91,0,12,27,27,27,26,0,0,0,0,0,0,0,0,0,0,0,0,0,0,0,0,0,0,0,0,0,0,0,0,0,0,0,0,0,0,0,0,0,0,0,0,0,0,0,0,0,0,0,0,0,0,0,0,0,0,0,0,0,0,0,0,0,0,0,0,0,0,0,0,0,0,0,1,0,0,0,0,0,0,0,0,0,0,1,0,4077,4078,4079,4080,4078,4077,4079,4080,4070,4079,4079,4078,4079,4077,4078,4077,2019-08-30 21:30:20 863,7,2dde1f5c02f22124,65.24,0.0,1,1,0,0,0,0,1,0,0,0,0,0,0,0,0,1,\N,\N,\N,\N,\N
1,69,1,255,65,0,27,128,0,109,FFFFFFFFFFFF,57,91,0,12,27,27,27,26,0,0,0,0,0,0,0,0,0,0,0,0,0,0,0,0,0,0,0,0,0,0,0,0,0,0,0,0,0,0,0,0,0,0,0,0,0,0,0,0,0,0,0,0,0,0,0,0,0,0,0,0,0,0,0,0,0,0,0,0,0,0,0,0,0,0,0,1,0,0,0,0,0,0,0,0,0,0,1,0,4077,4078,4079,4080,4078,4077,4079,4080,4070,4079,4079,4078,4079,4077,4078,4077,2019-08-30 21:30:21 266,7,2dde1f5c02f22124,65.24,0.0,1,1,0,0,0,0,1,0,0,0,0,0,0,0,0,1,\N,\N,\N,\N,\N
1,69,1,255,65,0,27,128,0,109,FFFFFFFFFFFF,57,91,0,12,27,27,27,26,0,0,0,0,0,0,0,0,0,0,0,0,0,0,0,0,0,0,0,0,0,0,0,0,0,0,0,0,0,0,0,0,0,0,0,0,0,0,0,0,0,0,0,0,0,0,0,0,0,0,0,0,0,0,0,0,0,0,0,0,0,0,0,0,0,0,0,1,0,0,0,0,0,0,0,0,0,0,1,0,4077,4078,4079,4080,4078,4077,4079,4080,4070,4079,4079,4078,4079,4077,4078,4077,2019-08-30 21:30:21 868,7,2dde1f5c02f22124,65.24,0.0,1,1,0,0,0,0,1,0,0,0,0,0,0,0,0,1,\N,\N,\N,\N,\N
1,69,1,255,65,0,27,128,0,109,FFFFFFFFFFFF,57,91,0,12,27,27,27,26,0,0,0,0,0,0,0,0,0,0,0,0,0,0,0,0,0,0,0,0,0,0,0,0,0,0,0,0,0,0,0,0,0,0,0,0,0,0,0,0,0,0,0,0,0,0,0,0,0,0,0,0,0,0,0,0,0,0,0,0,0,0,0,0,0,0,0,1,0,0,0,0,0,0,0,0,0,0,1,0,4077,4078,4079,4080,4078,4077,4079,4080,4070,4079,4079,4078,4079,4077,4078,4077,2019-08-30 21:30:22 472,7,2dde1f5c02f22124,65.24,0.0,1,1,0,0,0,0,1,0,0,0,0,0,0,0,0,1,\N,\N,\N,\N,\N
1,69,1,255,65,0,27,128,0,109,FFFFFFFFFFFF,57,91,0,12,27,27,27,26,0,0,0,0,0,0,0,0,0,0,0,0,0,0,0,0,0,0,0,0,0,0,0,0,0,0,0,0,0,0,0,0,0,0,0,0,0,0,0,0,0,0,0,0,0,0,0,0,0,0,0,0,0,0,0,0,0,0,0,0,0,0,0,0,0,0,0,1,0,0,0,0,0,0,0,0,0,0,1,0,4077,4078,4079,4080,4078,4077,4079,4080,4070,4079,4079,4078,4079,4077,4078,4077,2019-08-30 21:30:23 075,7,2dde1f5c02f22124,65.24,0.0,1,1,0,0,0,0,1,0,0,0,0,0,0,0,0,1,\N,\N,\N,\N,\N
1,69,1,255,65,0,27,128,0,109,FFFFFFFFFFFF,57,91,0,12,27,27,27,26,0,0,0,0,0,0,0,0,0,0,0,0,0,0,0,0,0,0,0,0,0,0,0,0,0,0,0,0,0,0,0,0,0,0,0,0,0,0,0,0,0,0,0,0,0,0,0,0,0,0,0,0,0,0,0,0,0,0,0,0,0,0,0,0,0,0,0,1,0,0,0,0,0,0,0,0,0,0,1,0,4077,4078,4079,4080,4078,4077,4079,4080,4070,4079,4079,4078,4079,4077,4078,4077,2019-08-30 21:30:24 882,7,2dde1f5c02f22124,65.24,0.0,1,1,0,0,0,0,1,0,0,0,0,0,0,0,0,1,\N,\N,\N,\N,\N
1,69,1,255,65,0,27,128,0,109,FFFFFFFFFFFF,57,91,0,12,27,27,27,26,0,0,0,0,0,0,0,0,0,0,0,0,0,0,0,0,0,0,0,0,0,0,0,0,0,0,0,0,0,0,0,0,0,0,0,0,0,0,0,0,0,0,0,0,0,0,0,0,0,0,0,0,0,0,0,0,0,0,0,0,0,0,0,0,0,0,0,1,0,0,0,0,0,0,0,0,0,0,1,0,4077,4078,4079,4080,4078,4077,4079,4080,4070,4079,4079,4078,4079,4077,4078,4077,2019-08-30 21:30:26 504,7,2dde1f5c02f22124,65.24,0.0,1,1,0,0,0,0,1,0,0,0,0,0,0,0,0,1,\N,\N,\N,\N,\N
