00930255255255255,1,1,0,1,1,0,0,1,0,0,0,0,0,0,0,0,99.0,66.24,1.93,41.2,2,39.0,1,4149,2,4132,14,30.0,2.2,100.0,293,10878,10988,3,635.2,0,0,0,0,0,0,0,0,0,0,0,0,0,0,0,0,0,0,0,0,0,0,0,0,0,0,0,0,0,0,0,0,0,0,0,0,0,0,0,0,0,0,0,0,0,0,0,0,0,0,0,0,0,0,0,0,0,0,0,0,0,0,0,0,\N,\N,\N,\N,\N,0,0,0,0,0,0,0,0,0,0,0,0,37.4,37.4,40.6,37.3,39.0,41.2,\N,\N,\N,\N,\N,\N,\N,\N,\N,\N,\N,\N,\N,\N,\N,\N,1,0,0,0,0,0,0,0,0,0,0,0,0,0,0,0,0,0,0,3280,2,1908,66.4,4135,2019-06-10 00:00:00 151,14cef35a06987424,101154a5d280
0020141255255255255,1,1,0,1,0,0,0,0,0,0,0,0,0,0,0,0,74.0,62.15,7.19,37.5,2,36.1,1,3888,9,3883,1,30.0,8.4,100.0,91,8827,11994,26,515.4,0,0,0,0,0,0,0,0,0,0,0,0,0,0,0,0,0,0,0,0,0,0,0,0,0,0,0,0,0,0,0,0,0,0,0,0,0,0,0,0,0,0,0,0,0,0,0,0,0,0,0,0,0,0,0,0,0,0,0,0,0,0,0,0,\N,0,0,0,0,0,0,0,0,0,0,0,0,0,0,0,0,37.6,37.6,37.3,34.1,36.1,37.5,\N,\N,\N,\N,\N,\N,\N,\N,\N,\N,\N,\N,\N,\N,\N,\N,0,0,0,0,0,0,0,0,0,0,0,0,0,0,0,0,0,0,0,3281,3,7449,65.6,3898,2019-06-10 00:00:00 199,0834935b01a3b724,101bf2cf1b2c
0086218255255255255,1,1,0,1,0,0,0,1,0,0,0,0,0,0,0,0,55.0,60.03,7.14,41.1,2,39.4,1,3758,9,3747,16,30.0,7.2,100.0,182,6814,12548,48,397.9,0,0,0,0,0,0,0,0,0,0,0,0,0,0,0,0,0,0,0,0,0,0,0,0,0,0,0,0,0,0,0,0,0,0,0,0,0,0,0,0,0,0,0,0,0,0,0,0,0,0,0,0,0,0,0,0,0,0,0,0,0,0,0,0,\N,0,0,0,0,0,0,0,0,0,0,0,0,0,0,0,0,40.3,40.3,40.4,37.8,39.4,41.1,\N,\N,\N,\N,\N,\N,\N,\N,\N,\N,\N,\N,\N,\N,\N,\N,0,0,0,0,0,0,0,0,0,0,0,0,0,0,0,0,0,0,0,3285,3,7444,65.6,3765,2019-06-10 00:00:00 203,91cc875a03ee6c24,101a206b1845
00933255255255255,0,0,0,1,1,0,0,0,0,0,0,0,0,0,1,0,99.0,64.78,0.0,35.8,2,34.6,1,4056,10,4024,6,30.0,4.9,100.0,248,12281,12451,0,717.2,0,0,0,0,0,0,0,0,0,0,0,0,0,0,0,0,0,0,0,0,0,0,0,0,0,0,0,0,0,0,0,0,0,0,0,0,0,0,0,0,0,0,0,0,0,0,0,0,0,0,0,0,0,0,0,0,0,0,0,0,0,0,0,0,\N,0,0,0,0,0,0,0,0,0,0,0,0,0,0,0,0,36.4,36.4,35.1,33.7,34.6,35.8,\N,\N,\N,\N,\N,\N,\N,\N,\N,\N,\N,\N,\N,\N,\N,\N,1,0,1,0,1,0,1,0,0,0,1,0,1,0,1,0,0,0,0,3284,6,0,65.6,4047,2019-06-10 00:00:00 312,1335ae5b01097f24,101ab25b2651
0051191255255255255,1,1,0,1,1,0,0,1,0,0,0,0,0,0,0,0,97.0,64.68,2.31,42.3,2,40.0,1,4046,8,4029,16,30.0,2.4,100.0,191,12069,12479,10,704.8,0,0,0,0,0,0,0,0,0,0,0,0,0,0,0,0,0,0,0,0,0,0,0,0,0,0,0,0,0,0,0,0,0,0,0,0,0,0,0,0,0,0,0,0,0,0,0,0,0,0,0,0,0,0,0,0,0,0,0,0,0,0,0,0,\N,0,0,0,0,0,0,0,0,0,0,0,0,0,0,0,0,41.7,41.7,41.8,37.5,40.0,42.3,\N,\N,\N,\N,\N,\N,\N,\N,\N,\N,\N,\N,\N,\N,\N,\N,1,0,1,0,1,0,1,0,1,0,1,0,1,0,1,0,0,0,0,3271,6,2402,65.6,4047,2019-06-10 00:00:00 343,64d2875a03ee6c24,1019eaf4d140
0011180255255255255,1,1,0,1,1,0,0,1,0,0,0,0,0,0,0,0,75.0,62.39,7.08,44.2,2,43.6,1,3904,9,3884,10,30.0,7.2,100.0,333,9741,13115,28,568.8,0,0,0,0,0,0,0,0,0,0,0,0,0,0,0,0,0,0,0,0,0,0,0,0,0,0,0,0,0,0,0,0,0,0,0,0,0,0,0,0,0,0,0,0,0,0,0,0,0,0,0,0,0,0,0,0,0,0,0,0,0,0,0,0,\N,0,0,0,0,0,0,0,0,0,0,0,0,0,0,0,0,44.9,44.9,44.2,42.2,43.6,44.2,\N,\N,\N,\N,\N,\N,\N,\N,\N,\N,\N,\N,\N,\N,\N,\N,0,1,0,1,0,1,0,1,0,0,0,1,0,1,0,1,0,0,0,3292,3,7247,65.6,3916,2019-06-10 00:00:00 365,288d8c5a03623c24,1014b913ad40
003113255255255255,0,0,0,1,0,0,0,0,0,0,0,0,0,0,1,0,99.0,65.04,0.0,34.0,2,33.2,1,4067,15,4061,9,30.0,3.96,100.0,28,11215,11215,0,654.9,0,0,0,0,0,0,0,0,0,0,0,0,0,0,0,0,0,0,0,0,0,0,0,0,0,0,0,0,0,0,0,0,0,0,0,0,0,0,0,0,0,0,0,0,0,0,0,0,0,0,0,0,0,0,0,0,0,0,0,0,0,0,0,0,\N,0,0,0,0,0,0,0,0,0,0,0,0,0,0,0,0,33.5,33.5,33.6,32.3,33.2,34.0,\N,\N,\N,\N,\N,\N,\N,\N,\N,\N,\N,\N,\N,\N,\N,\N,0,0,0,0,0,0,0,0,0,0,0,0,0,0,0,0,0,0,0,3289,2,0,65.6,4064,2019-06-10 00:00:00 407,3add1f5c06097f24,10249b66ba71
0014161255255255255,1,1,0,1,0,0,0,0,0,0,0,0,0,0,0,0,98.0,64.6,4.0,38.8,2,37.1,1,4041,9,4034,16,30.0,3.96,91.0,78,9239,9470,3,539.5,0,0,0,0,0,0,0,0,0,0,0,0,0,0,0,0,0,0,0,0,0,0,0,0,0,0,0,0,0,0,0,0,0,0,0,0,0,0,0,0,0,0,0,0,0,0,0,0,0,0,0,0,0,0,0,0,0,0,0,0,0,0,0,0,\N,0,0,0,0,0,0,0,0,0,0,0,0,0,0,0,0,38.7,38.7,38.3,36.2,37.1,38.8,\N,\N,\N,\N,\N,\N,\N,\N,\N,\N,\N,\N,\N,\N,\N,\N,0,0,0,0,0,0,0,0,0,0,0,0,0,0,0,0,0,0,0,3294,4,4023,65.6,4037,2019-06-10 00:00:00 428,0ce8e35a04f22124,101b5903ea7d
001108255255255255,1,1,0,1,1,0,0,1,0,0,0,0,0,0,0,0,39.0,58.78,7.25,42.0,2,40.1,1,3679,9,3663,16,30.0,7.2,100.0,207,4703,12297,62,274.5,0,0,0,0,0,0,0,0,0,0,0,0,0,0,0,0,0,0,0,0,0,0,0,0,0,0,0,0,0,0,0,0,0,0,0,0,0,0,0,0,0,0,0,0,0,0,0,0,0,0,0,0,0,0,0,0,0,0,0,0,0,0,0,0,\N,0,0,0,0,0,0,0,0,0,0,0,0,0,0,0,0,42.5,42.5,41.4,40.0,40.1,42.0,\N,\N,\N,\N,\N,\N,\N,\N,\N,\N,\N,\N,\N,\N,\N,\N,1,0,1,0,1,0,0,0,1,0,1,0,0,0,1,0,0,0,0,3290,7,7474,65.6,3694,2019-06-10 00:00:00 454,b7dc1f5c02f22124,101aa3df3203
00940255255255255,0,0,0,1,0,0,0,0,0,0,0,0,0,0,0,0,31.0,56.84,0.0,34.7,2,34.4,1,3556,8,3550,16,30.0,8.4,100.0,88,3422,11190,75,199.8,0,0,0,0,0,0,0,0,0,0,0,0,0,0,0,0,0,0,0,0,0,0,0,0,0,0,0,0,0,0,0,0,0,0,0,0,0,0,0,0,0,0,0,0,0,0,0,0,0,0,0,0,0,0,0,0,0,0,0,0,0,0,0,0,\N,0,0,0,0,0,0,0,0,0,0,0,0,0,0,0,0,35.2,35.2,34.7,34.8,34.4,34.7,\N,\N,\N,\N,\N,\N,\N,\N,\N,\N,\N,\N,\N,\N,\N,\N,0,0,0,0,0,0,0,0,0,0,0,0,0,0,0,0,0,0,0,3280,3,0,65.6,3557,2019-06-10 00:00:00 498,14d3875a03ee6c24,101ca0c12d19
00162199255255255255,1,1,0,1,0,0,0,1,0,0,0,0,0,0,0,0,91.0,64.32,2.39,43.7,2,40.4,1,4022,2,4012,16,30.0,2.4,100.0,363,11369,12529,29,663.9,0,0,0,0,0,0,0,0,0,0,0,0,0,0,0,0,0,0,0,0,0,0,0,0,0,0,0,0,0,0,0,0,0,0,0,0,0,0,0,0,0,0,0,0,0,0,0,0,0,0,0,0,0,0,0,0,0,0,0,0,0,0,0,0,\N,0,0,0,0,0,0,0,0,0,0,0,0,0,0,0,0,41.5,41.5,43.4,38.5,40.4,43.7,\N,\N,\N,\N,\N,\N,\N,\N,\N,\N,\N,\N,\N,\N,\N,\N,0,0,0,0,0,0,0,0,0,0,0,0,0,0,0,0,0,0,0,3282,3,2416,65.6,4023,2019-06-10 00:00:00 498,9c9d8c5a03623c24,101408c55a22
00622255255255255,1,1,0,1,1,0,0,1,0,0,0,0,0,0,0,0,40.0,58.61,5.98,41.8,2,40.0,1,3669,9,3658,1,30.0,6.0,100.0,75,4635,11665,70,270.6,0,0,0,0,0,0,0,0,0,0,0,0,0,0,0,0,0,0,0,0,0,0,0,0,0,0,0,0,0,0,0,0,0,0,0,0,0,0,0,0,0,0,0,0,0,0,0,0,0,0,0,0,0,0,0,0,0,0,0,0,0,0,0,0,\N,0,0,0,0,0,0,0,0,0,0,0,0,0,0,0,0,41.4,41.4,41.3,38.1,40.0,41.8,\N,\N,\N,\N,\N,\N,\N,\N,\N,\N,\N,\N,\N,\N,\N,\N,0,0,0,0,0,0,0,0,0,0,0,0,0,0,0,1,0,0,0,3298,2,6118,65.6,3673,2019-06-10 00:00:00 510,81de1f5c06097f24,10233d6e32bf
002104255255255255,1,1,0,1,0,0,0,0,0,0,0,0,0,0,0,0,38.0,58.62,6.0,36.5,2,35.1,1,3667,2,3656,16,28.89,8.4,96.0,98,4198,11232,70,245.1,0,0,0,0,0,0,0,0,0,0,0,0,0,0,0,0,0,0,0,0,0,0,0,0,0,0,0,0,0,0,0,0,0,0,0,0,0,0,0,0,0,0,0,0,0,0,0,0,0,0,0,0,0,0,0,0,0,0,0,0,0,0,0,0,\N,0,0,0,0,0,0,0,0,0,0,0,0,0,0,0,0,37.0,37.0,35.9,34.9,35.1,36.5,\N,\N,\N,\N,\N,\N,\N,\N,\N,\N,\N,\N,\N,\N,\N,\N,0,0,0,0,0,0,0,0,0,0,0,0,0,0,0,0,0,0,0,3289,1,6120,65.6,3667,2019-06-10 00:00:00 543,0f8e8c5a06f8c924,1022e27460bb
00017255255255255,1,1,0,1,1,0,0,0,0,0,0,0,0,0,0,0,49.0,59.24,5.02,38.7,2,37.2,1,3705,1,3695,16,22.18,8.4,99.0,139,5705,11766,72,333.0,0,0,0,0,0,0,0,0,0,0,0,0,0,0,0,0,0,0,0,0,0,0,0,0,0,0,0,0,0,0,0,0,0,0,0,0,0,0,0,0,0,0,0,0,0,0,0,0,0,0,0,0,0,0,0,0,0,0,0,0,0,0,0,0,\N,0,0,0,0,0,0,0,0,0,0,0,0,0,0,0,0,37.7,37.7,37.9,35.1,37.2,38.7,\N,\N,\N,\N,\N,\N,\N,\N,\N,\N,\N,\N,\N,\N,\N,\N,0,0,1,0,0,0,0,0,0,0,0,0,0,0,0,0,0,0,0,3286,2,5172,65.6,3706,2019-06-10 00:00:00 647,e7ccf35a03cf4824,101c6a540e48
0016158255255255255,0,0,0,1,0,0,0,0,0,0,0,0,0,0,1,0,100.0,65.39,0.0,34.3,2,33.1,1,4092,16,4085,11,30.0,0.0,96.0,63,11495,11495,0,671.3,0,0,0,0,0,0,0,0,0,0,0,0,0,0,0,0,0,0,0,0,0,0,0,0,0,0,0,0,0,0,0,0,0,0,0,0,0,0,0,0,0,0,0,0,0,0,0,0,0,0,0,0,0,0,0,0,0,0,0,0,0,0,0,0,\N,0,0,0,0,0,0,0,0,0,0,0,0,0,0,0,0,33.7,33.7,33.7,32.5,33.1,34.3,\N,\N,\N,\N,\N,\N,\N,\N,\N,\N,\N,\N,\N,\N,\N,\N,0,0,0,0,0,0,0,0,0,0,0,0,0,0,0,0,0,0,0,3285,2,0,65.6,4096,2019-06-10 00:00:00 706,0837935b06623c24,1023491475a1
009210255255255255,0,0,0,1,0,0,0,0,0,0,0,0,0,0,1,0,100.0,65.42,0.0,35.7,2,34.9,1,4090,1,4087,6,30.0,0.0,100.0,94,11741,11741,0,685.6,0,0,0,0,0,0,0,0,0,0,0,0,0,0,0,0,0,0,0,0,0,0,0,0,0,0,0,0,0,0,0,0,0,0,0,0,0,0,0,0,0,0,0,0,0,0,0,0,0,0,0,0,0,0,0,0,0,0,0,0,0,0,0,0,\N,0,0,0,0,0,0,0,0,0,0,0,0,0,0,0,0,35.6,35.6,35.3,34.2,34.9,35.7,\N,\N,\N,\N,\N,\N,\N,\N,\N,\N,\N,\N,\N,\N,\N,\N,0,0,0,0,0,0,0,0,0,0,0,0,0,0,0,0,0,0,0,3280,5,0,65.6,4089,2019-06-10 00:00:00 781,904bae5b01097f24,101a83d523a0
004233255255255255,1,1,0,1,0,0,0,0,0,0,0,0,0,0,0,0,99.0,65.37,0.83,37.4,2,36.3,1,4089,16,4081,9,30.0,2.7,100.0,32,12205,12329,8,712.7,0,0,0,0,0,0,0,0,0,0,0,0,0,0,0,0,0,0,0,0,0,0,0,0,0,0,0,0,0,0,0,0,0,0,0,0,0,0,0,0,0,0,0,0,0,0,0,0,0,0,0,0,0,0,0,0,0,0,0,0,0,0,0,0,\N,0,0,0,0,0,0,0,0,0,0,0,0,0,0,0,0,37.3,37.3,37.0,35.8,36.3,37.4,\N,\N,\N,\N,\N,\N,\N,\N,\N,\N,\N,\N,\N,\N,\N,\N,0,0,0,0,0,0,0,0,0,0,0,0,0,0,0,0,0,0,0,3286,3,848,65.6,4087,2019-06-10 00:00:00 793,254fae5b07a3b724,10237801c30d
000102255255255255,1,1,0,1,0,0,0,0,0,0,0,0,0,0,0,0,63.0,60.4,7.0,38.8,2,38.3,1,3779,9,3770,16,30.0,8.4,99.0,9,7386,11859,38,431.3,0,0,0,0,0,0,0,0,0,0,0,0,0,0,0,0,0,0,0,0,0,0,0,0,0,0,0,0,0,0,0,0,0,0,0,0,0,0,0,0,0,0,0,0,0,0,0,0,0,0,0,0,0,0,0,0,0,0,0,0,0,0,0,0,\N,0,0,0,0,0,0,0,0,0,0,0,0,0,0,0,0,38.9,38.9,38.5,36.9,38.3,38.8,\N,\N,\N,\N,\N,\N,\N,\N,\N,\N,\N,\N,\N,\N,\N,\N,0,0,0,0,0,0,0,0,0,0,0,0,0,0,0,0,0,0,0,3280,2,7037,65.6,3780,2019-06-10 00:00:00 899,f94aae5b069ecd24,102591b9561f
00019255255255255,1,1,0,1,0,0,0,0,0,0,0,0,0,0,0,0,54.0,60.6,7.06,34.9,2,34.5,1,3791,9,3785,1,19.36,7.7,88.0,348,5142,9605,37,300.2,0,0,0,0,0,0,0,0,0,0,0,0,0,0,0,0,0,0,0,0,0,0,0,0,0,0,0,0,0,0,0,0,0,0,0,0,0,0,0,0,0,0,0,0,0,0,0,0,0,0,0,0,0,0,0,0,0,0,0,0,0,0,0,0,\N,0,0,0,0,0,0,0,0,0,0,0,0,0,0,0,0,34.3,34.3,34.8,33.7,34.5,34.9,\N,\N,\N,\N,\N,\N,\N,\N,\N,\N,\N,\N,\N,\N,\N,\N,0,0,0,0,0,0,0,0,0,0,0,0,0,0,0,0,0,0,0,3276,2,7085,66.4,3797,2019-06-10 00:00:00 996,23caf35a03cf4824,10113c162e61
00644255255255255,0,0,0,1,1,0,0,0,0,0,0,0,0,0,1,0,99.0,65.31,0.0,35.4,2,33.7,1,4083,1,4073,6,30.0,2.2,100.0,301,12550,12550,0,732.9,0,0,0,0,0,0,0,0,0,0,0,0,0,0,0,0,0,0,0,0,0,0,0,0,0,0,0,0,0,0,0,0,0,0,0,0,0,0,0,0,0,0,0,0,0,0,0,0,0,0,0,0,0,0,0,0,0,0,0,0,0,0,0,0,\N,0,0,0,0,0,0,0,0,0,0,0,0,0,0,0,0,35.4,35.4,34.7,32.8,33.7,35.4,\N,\N,\N,\N,\N,\N,\N,\N,\N,\N,\N,\N,\N,\N,\N,\N,0,0,0,1,0,0,0,0,0,0,0,0,0,0,0,0,0,0,0,3284,3,0,65.6,4082,2019-06-10 00:00:01 076,8e9e8c5a06f8c924,101458c120cb
00135156255255255255,0,0,0,1,0,0,0,0,0,0,0,0,0,0,1,0,100.0,65.37,0.0,35.3,2,34.2,1,4088,14,4082,9,30.0,0.0,97.0,142,11660,11660,0,680.9,0,0,0,0,0,0,0,0,0,0,0,0,0,0,0,0,0,0,0,0,0,0,0,0,0,0,0,0,0,0,0,0,0,0,0,0,0,0,0,0,0,0,0,0,0,0,0,0,0,0,0,0,0,0,0,0,0,0,0,0,0,0,0,0,\N,0,0,0,0,0,0,0,0,0,0,0,0,0,0,0,0,35.2,35.2,34.7,33.9,34.2,35.3,\N,\N,\N,\N,\N,\N,\N,\N,\N,\N,\N,\N,\N,\N,\N,\N,0,0,0,0,0,0,0,0,0,0,0,0,0,0,0,0,0,0,0,3283,2,0,65.6,4097,2019-06-10 00:00:01 136,c536935b01a3b724,101b713445e4
00463255255255255,1,1,0,1,0,0,0,0,0,0,0,0,0,0,0,0,99.0,64.94,1.1,35.5,2,34.0,1,4062,8,4056,1,30.0,3.96,96.0,107,11286,11401,6,659.1,0,0,0,0,0,0,0,0,0,0,0,0,0,0,0,0,0,0,0,0,0,0,0,0,0,0,0,0,0,0,0,0,0,0,0,0,0,0,0,0,0,0,0,0,0,0,0,0,0,0,0,0,0,0,0,0,0,0,0,0,0,0,0,0,\N,0,0,0,0,0,0,0,0,0,0,0,0,0,0,0,0,35.6,35.6,35.5,37.2,34.0,35.5,\N,\N,\N,\N,\N,\N,\N,\N,\N,\N,\N,\N,\N,\N,\N,\N,0,0,0,0,0,0,0,0,0,0,0,0,0,0,0,0,0,0,0,3276,3,1158,65.6,4065,2019-06-10 00:00:01 225,2f33935b06623c24,101b83a5240f
000104255255255255,0,0,0,1,0,0,0,0,0,0,0,0,0,0,1,0,100.0,65.39,0.0,37.6,2,36.3,1,4089,8,4085,9,30.0,0.0,100.0,8,11498,11498,0,671.4,0,0,0,0,0,0,0,0,0,0,0,0,0,0,0,0,0,0,0,0,0,0,0,0,0,0,0,0,0,0,0,0,0,0,0,0,0,0,0,0,0,0,0,0,0,0,0,0,0,0,0,0,0,0,0,0,0,0,0,0,0,0,0,0,\N,0,0,0,0,0,0,0,0,0,0,0,0,0,0,0,0,36.5,36.5,37.1,35.2,36.3,37.6,\N,\N,\N,\N,\N,\N,\N,\N,\N,\N,\N,\N,\N,\N,\N,\N,0,0,0,0,0,0,0,0,0,0,0,0,0,0,0,0,0,0,0,3290,3,0,65.6,4084,2019-06-10 00:00:01 311,2c49ae5b069ecd24,1023ccd9936b
003150255255255255,0,0,0,1,0,0,0,1,0,0,0,0,0,0,1,0,100.0,65.39,0.0,38.7,2,36.6,1,4093,16,4084,15,30.0,0.0,100.0,30,11871,11871,0,693.2,0,0,0,0,0,0,0,0,0,0,0,0,0,0,0,0,0,0,0,0,0,0,0,0,0,0,0,0,0,0,0,0,0,0,0,0,0,0,0,0,0,0,0,0,0,0,0,0,0,0,0,0,0,0,0,0,0,0,0,0,0,0,0,0,\N,0,0,0,0,0,0,0,0,0,0,0,0,0,0,0,0,37.6,37.6,38.3,35.9,36.6,38.7,\N,\N,\N,\N,\N,\N,\N,\N,\N,\N,\N,\N,\N,\N,\N,\N,0,0,0,0,0,0,0,0,0,0,0,0,0,0,0,0,0,0,0,3299,2,0,65.6,4087,2019-06-10 00:00:01 312,318c8c5a03623c24,1024238d8909
