"{""list"":[{""content"":""[14,07,74,07,00,00,00,00,00,00,00,00,00,00,00,00,00,00,00,00,00,00,00,00,00,00,00,00,00,00,00,00,00,00,00,00,00,00,00,00,00,00,00,00,00,00,00,00,00,00,00,00,00,00,00,00,00,00,00,00,00,00,00,00,00,00,00,00,00,00,00,00,00,00,00,00,00,00,00,00,00,00,00,00,00,00,00,00,00,00,00,02,AA,02,AA,02,A7,02,A1,00,00,00,00,00,00,00,00,00,00,00,00,00,00,00,00,00,00,00,00,00,00,00,00,00,00,00,00,00,00,00,00,00,00,00,00,00,00,00,00]"",""time"":1557556899318}],""pId"":""6733935b06623c24"",""type"":6}",1557556899289
"{""bId"":""100bbd5d2242"",""collectTime"":1557556949176,""pId"":""6733935b06623c24"",""partReadOnlyData"":""[00,00,05,50,FF,FF,FF,FF,40,08,03,DE,19,B5,75,30,02,A7,00,03,02,A4,00,01,10,16,00,08,10,0E,00,01,0B,B8,01,72,03,AC,00,10,23,63,23,90,FF,FF,14,AA,00,00,00,00,00,00,00,00,00,00,00,00,02,AA,02,AA,02,A7,02,A1,02,A4,02,A5,10,0E,10,10,10,11,10,13,10,10,10,12,10,14,10,16,10,12,10,13,10,0F,10,11,10,11,10,13,10,11,10,0E,00,00,01,B1,00,79,03,C8,0C,DD,00,01,00,00,19,F0,10,0B]"",""port"":1,""type"":3}",1557556949053
"{""bId"":""100bbd5d2242"",""collectTime"":1557556954013,""pId"":""6733935b06623c24"",""partRunControlData"":""[00,00,00,00,00,00,00,00,00,00,00,00,00,00,00,00,00,00,00,00,00,00,00,00,00,00,00,00,00,00,00,00,00,00,00,00,00,00,19,05,11,14,57,48,00,00,00,00,00,00,00,00,00,00]"",""port"":1,""type"":4}",1557556953887
"{""bId"":""100000004003"",""collectTime"":1557495782266,""pId"":""af61f35a05f22124"",""partProtectionParameter"":""[10,CC,10,04,0C,80,00,08,0D,AC,00,14,00,08,00,3C,0B,B2,0D,AC,04,B0,00,20,0F,A0,00,10,17,63,1F,11,03,84,00,14,03,52,04,1A,00,14,03,E8,01,90,00,14,01,A4,00,96,00,14,00,C8,04,B0,00,04,04,4C,04,B0,00,04,04,4C,10,68,00,08,10,36,0D,7A,00,08,0D,AC,03,E8,00,10,03,B6,0B,B8,00,10,0B,54,03,20,00,08,03,0C,03,B6,00,08,03,AC,01,AE,00,08,01,C2,00,FA,00,08,01,04,04,5F,1E,B2]"",""port"":6,""type"":2}",1557557003375
"{""bId"":""100000004003"",""collectTime"":1557495792246,""pId"":""af61f35a05f22124"",""partRunControlData"":""[00,80,00,00,00,00,00,00,00,00,00,00,00,00,00,00,00,00,00,00,00,00,00,00,00,00,00,00,00,00,00,00,00,00,00,00,00,00,19,05,11,14,29,55,00,00,00,00,00,00,00,00,00,00]"",""port"":6,""type"":4}",1557557013355
"{""bId"":""100000004003"",""collectTime"":1557495777055,""pId"":""af61f35a05f22124"",""partDeviceInfo"":""[00,09,1D,30,01,05,01,01,00,1A,00,00,01,DB,24,48,CF,07,59,97,1F,A0,00,03,12,CA,36,B0,FF,FF,10,00,00,00,40,03,00,00,63,01,00,00,8A,F5,00,00,10,CC,00,04,0C,46,00,06,03,C9,00,01,02,40,00,02,0E,42,0D,51]"",""port"":6,""type"":1}",1557556998244
"{""bId"":""100000004003"",""collectTime"":1557495787179,""pId"":""af61f35a05f22124"",""partReadOnlyData"":""[00,00,00,1A,FF,FF,FF,FF,40,08,03,E8,14,E6,75,30,02,94,00,01,02,8F,00,02,10,1A,00,02,10,0B,00,0F,0B,B8,00,00,03,E8,00,0A,38,A3,39,30,00,00,21,13,00,00,00,00,00,00,00,00,00,00,00,00,02,8F,02,8F,02,96,02,93,02,94,02,8F,10,15,10,1A,10,17,10,19,10,16,10,0E,10,15,10,13,FF,FF,10,0F,10,12,10,14,10,12,FF,FF,10,0B,FF,FF,00,00,00,00,00,00,00,00,0C,DD,00,02,00,00,15,13,10,14]"",""port"":6,""type"":3}",1557557008275
"{""list"":[{""content"":""[8A,07,6B,07,00,00,00,00,00,00,00,00,00,00,00,00,00,00,00,83,07,00,00,00,00,00,00,00,00,00,00,00,00,00,00,00,00,00,00,8C,07,00,00,00,00,00,00,00,00,99,07,00,00,00,00,00,00,00,00,9C,07,00,00,00,00,00,00,00,00,B6,07,00,00,00,00,00,00,00,00,00,00,00,00,00,00,00,00,00,00,00,00,00,00,00,00,00,00,00,00,00,00,00,00,00,00,00,00,00,00,00,00,00,00,00,00,00,00,00,00,00,00,00,00,00,00,00,00,00,00,00,00,00,00,00,00,00,00,00,00]"",""time"":1557495787460}],""pId"":""af61f35a05f22124"",""type"":6}",1557557008565
"{""bId"":""1008f48eb596"",""collectTime"":1557557058976,""logIndex"":10584,""pId"":""3134ae5b08987424"",""partLog"":""[58,29,00,00,18,10,29,15,00,27,40,00,00,00,7F,FF,FF,FF,01,00,08,03,C0,19,0E,75,30,02,9C,00,02,02,99,00,01,0F,AC,00,0E,0F,A6,00,0F,0B,B8,01,F4,03,A2,00,08,22,10,23,89,FF,FF,13,E4,00,00,00,00,00,00,00,00,00,00,00,00,02,9D,02,9D,02,9C,02,96,02,99,02,9C,0F,A7,0F,AB,0F,AA,0F,A7,0F,AB,0F,A9,0F,A9,0F,AA,0F,A9,0F,A8,0F,A7,0F,AA,0F,A9,0F,AC,0F,A6,0F,AB,00,00,FE,C0,FF,FB,04,0B,00,00,00,76,FC]"",""port"":10,""type"":5}",1557557059942
"{""list"":[{""content"":""[19,07,93,07,00,00,00,00,00,00,00,00,00,00,00,00,00,00,00,00,00,00,00,00,00,00,00,00,00,00,00,00,00,00,00,00,00,00,00,00,00,00,00,00,00,00,00,00,00,00,00,00,00,00,00,00,00,00,00,00,00,00,00,00,00,00,00,00,00,00,00,00,00,00,00,00,00,00,00,00,00,00,00,00,00,00,00,00,00,00,00,00,00,00,00,00,00,00,00,00,00,00,00,00,00,00,00,00,00,00,00,00,00,00,00,00,00,00,00,00,00,00,00,00,00,00,00,00,00,00,00,00,00,00,00,00,00,00,00]"",""time"":1557495942292}],""pId"":""f533935b08f8c924"",""type"":6}",1557557231885
"{""bId"":""100000004003"",""collectTime"":1557496159495,""pId"":""af61f35a05f22124"",""partReadOnlyData"":""[00,00,00,1A,FF,FF,FF,FF,40,08,03,E8,14,E6,75,30,02,95,00,01,02,90,00,02,10,1A,00,02,10,0B,00,0F,0B,B8,00,00,03,E8,00,0A,38,A3,39,30,00,00,21,13,00,00,00,00,00,00,00,00,00,00,00,00,02,92,02,92,02,97,02,95,02,95,02,90,10,14,10,1A,10,17,10,19,10,15,10,0F,10,15,10,13,FF,FF,10,0F,10,12,10,14,10,12,FF,FF,10,0B,FF,FF,00,00,00,00,00,00,00,00,0C,DC,00,02,00,00,15,13,10,14]"",""port"":6,""type"":3}",1557557380705
"{""bId"":""100000004003"",""collectTime"":1557496164477,""pId"":""af61f35a05f22124"",""partRunControlData"":""[00,80,00,00,00,00,00,00,00,00,00,00,00,00,00,00,00,00,00,00,00,00,00,00,00,00,00,00,00,00,00,00,00,00,00,00,00,00,19,05,11,14,36,08,00,00,00,00,00,00,00,00,00,00]"",""port"":6,""type"":4}",1557557385610
"{""bId"":""1008f48eb596"",""collectTime"":1557557409001,""pId"":""3134ae5b08987424"",""partReadOnlyData"":""[00,00,29,54,FF,FF,FF,FF,40,08,03,DE,19,C5,75,30,02,A6,00,02,02,A3,00,01,10,1C,00,01,10,19,00,09,0B,B8,01,36,03,A2,00,0A,23,05,23,05,00,00,14,73,00,00,00,00,00,00,00,00,00,00,00,00,02,AF,02,AF,02,A6,02,A1,02,A3,02,A6,10,1C,10,1C,10,1C,10,1C,10,1C,10,1C,10,1B,10,1A,10,19,10,1B,10,1B,10,1C,10,1A,10,1C,10,1A,10,1C,00,00,FE,C8,FF,AD,FC,61,0C,C8,00,01,00,00,19,F0,10,1C]"",""port"":10,""type"":3}",1557557410056
"{""bId"":""1008f48eb596"",""collectTime"":1557557419063,""logIndex"":10585,""pId"":""3134ae5b08987424"",""partLog"":""[59,29,00,00,18,10,29,15,01,28,40,00,00,00,7F,FF,FF,FF,01,00,08,03,C0,19,0E,75,30,02,9C,00,02,02,99,00,01,0F,AC,00,0E,0F,A6,00,0F,0B,B8,01,F4,03,A2,00,08,22,10,23,89,FF,FF,13,E4,00,00,00,00,00,00,00,00,00,00,00,00,02,9D,02,9D,02,9C,02,97,02,99,02,9C,0F,A7,0F,AB,0F,AA,0F,A7,0F,AB,0F,A9,0F,AA,0F,AA,0F,A9,0F,A8,0F,A7,0F,AA,0F,A9,0F,AC,0F,A6,0F,A9,00,00,FE,BE,FF,F7,04,0D,00,00,00,4D,1A]"",""port"":10,""type"":5}",1557557420037
"{""bId"":""1008f48eb596"",""collectTime"":1557557413830,""pId"":""3134ae5b08987424"",""partRunControlData"":""[00,80,00,00,00,00,00,00,00,00,00,00,00,00,00,00,00,00,00,00,00,00,00,00,00,00,00,00,00,00,00,00,00,00,00,00,00,00,19,05,11,14,57,35,00,00,00,00,00,00,00,00,00,00]"",""port"":10,""type"":4}",1557557414796
"{""bId"":""100bb4f52de4"",""collectTime"":1557557494892,""pId"":""dde5925b03f22124"",""partDeviceInfo"":""[00,09,0D,12,01,05,01,01,00,1A,00,00,01,DD,24,74,98,06,59,97,0A,3E,00,01,16,D0,27,10,FF,FF,10,0B,B4,F5,2D,E4,00,00,26,A1,00,00,4E,82,00,00,10,3B,00,0C,0B,52,00,10,02,AA,00,02,02,64,00,01,02,A0,0B,06]"",""port"":2,""type"":1}",1557557495102
"{""bId"":""100bb4f52de4"",""collectTime"":1557557500166,""pId"":""dde5925b03f22124"",""partProtectionParameter"":""[10,CA,10,04,0C,80,00,08,0D,AC,00,14,00,08,00,3C,0B,B3,0D,AC,04,B0,00,20,0F,A0,00,10,17,2E,1E,CB,03,84,00,14,03,52,04,1A,00,14,03,E8,01,90,00,14,01,A4,00,96,00,14,00,C8,04,B0,00,04,04,4C,04,B0,00,04,04,4C,10,68,00,08,10,36,0D,7A,00,08,0D,AC,03,E8,00,10,03,B6,0B,B8,00,10,0B,54,03,20,00,08,03,0C,03,B6,00,08,03,AC,01,AE,00,08,01,C2,00,FA,00,08,01,04,04,69,1E,A8]"",""port"":2,""type"":2}",1557557500257
"{""bId"":""100bbc07838a"",""collectTime"":1557557504637,""pId"":""dde5925b03f22124"",""partDeviceInfo"":""[00,0A,0D,12,01,05,01,02,00,1F,00,00,02,70,24,7F,09,06,59,70,F5,64,00,01,16,D0,27,10,FF,FF,10,0B,BC,07,83,8A,00,01,06,E1,00,01,2E,E0,00,02,10,3B,00,0E,07,6A,00,10,02,D3,00,02,02,73,00,03,00,F4,04,23]"",""port"":10,""type"":1}",1557557504720
"{""bId"":""100bbd8e0213"",""collectTime"":1557557519622,""pId"":""dde5925b03f22124"",""partProtectionParameter"":""[10,CE,10,04,0C,80,00,08,0D,AC,00,14,00,08,00,3C,0B,B4,0D,AC,04,B0,00,20,0F,A0,00,10,17,29,1E,C4,03,84,00,14,03,52,04,1A,00,14,03,E8,01,90,00,14,01,A4,00,96,00,14,00,C8,04,B0,00,04,04,4C,04,B0,00,04,04,4C,10,68,00,08,10,36,0D,7A,00,08,0D,AC,03,E8,00,10,03,B6,0B,B8,00,10,0B,54,03,20,00,08,03,0C,03,B6,00,08,03,AC,01,AE,00,08,01,C2,00,FA,00,08,01,04,04,6A,1E,B3]"",""port"":11,""type"":2}",1557557519710
"{""bId"":""100bbc07838a"",""collectTime"":1557557509893,""pId"":""dde5925b03f22124"",""partProtectionParameter"":""[10,98,10,04,0C,80,00,08,0D,AC,00,14,00,08,00,3C,0B,B4,0D,AC,02,A3,00,24,0F,A0,00,10,17,68,1F,18,03,84,00,0C,03,52,04,1A,00,14,03,E8,01,90,00,0C,01,A4,00,96,00,14,00,C8,04,B0,00,04,04,4C,04,B0,00,04,04,4C,10,68,00,08,10,36,0D,7A,00,08,0D,AC,00,A0,00,04,00,78,0B,B8,00,10,0B,54,03,20,00,08,03,0C,03,B6,00,08,03,AC,01,AE,00,08,01,C2,00,FA,00,08,01,04,04,5E,1E,AE]"",""port"":10,""type"":2}",1557557509992
"{""bId"":""100bbd8e0213"",""collectTime"":1557557514775,""pId"":""dde5925b03f22124"",""partDeviceInfo"":""[00,09,0D,12,01,05,FE,FE,00,1B,00,00,01,E7,24,4F,40,05,59,97,7F,D1,00,01,16,D0,27,10,FF,FF,10,0B,BD,8E,02,13,00,02,07,21,00,02,2F,02,00,02,10,3B,00,10,0F,ED,00,02,02,BF,00,02,02,6C,00,01,00,F7,00,27]"",""port"":11,""type"":1}",1557557514880
"{""bId"":""100bb4f52de4"",""collectTime"":1557557525125,""pId"":""dde5925b03f22124"",""partReadOnlyData"":""[00,00,07,7E,FF,FF,FF,FF,40,08,03,E8,19,CB,75,30,02,A1,00,02,02,9E,00,01,10,24,00,07,10,10,00,02,0B,B8,00,00,03,B6,00,13,23,E3,24,08,00,00,14,F5,00,00,00,00,00,00,00,00,00,00,00,00,02,A5,02,A5,02,9F,02,9E,02,9E,02,A1,10,14,10,10,10,16,10,20,10,1E,10,21,10,24,10,23,10,22,10,24,10,23,10,23,10,23,10,23,10,24,10,1F,00,00,01,7E,00,1F,04,2C,0C,DA,00,01,00,00,19,F0,10,11]"",""port"":2,""type"":3}",1557557525212
"{""bId"":""100bb4f52de4"",""collectTime"":1557557529590,""pId"":""dde5925b03f22124"",""partRunControlData"":""[00,80,00,00,00,00,00,00,00,00,00,00,00,00,00,00,00,00,00,00,00,00,00,00,00,00,00,00,00,00,00,00,00,00,00,00,00,00,19,05,11,14,56,43,00,00,00,00,00,00,00,00,00,00]"",""port"":2,""type"":4}",1557557529674
"{""bId"":""100bbc07838a"",""collectTime"":1557557539743,""pId"":""dde5925b03f22124"",""partRunControlData"":""[00,80,00,00,00,00,00,00,00,00,00,00,00,00,00,00,00,00,00,00,00,00,00,00,00,00,00,00,00,00,00,00,00,00,00,00,00,00,19,05,11,15,03,29,00,00,00,00,00,00,00,00,00,00]"",""port"":10,""type"":4}",1557557539832
"{""list"":[{""content"":""[29,07,7B,07,00,00,00,00,00,00,00,00,00,00,00,00,00,00,00,00,00,00,00,00,00,00,00,00,00,00,00,00,00,00,00,00,00,00,00,00,00,00,00,00,00,00,00,00,00,00,00,00,00,00,00,00,00,00,00,00,00,00,00,00,00,00,00,00,00,00,00,00,00,00,00,00,00,00,00,00,00,00,00,00,00,00,00,00,00,00,00,02,AB,02,AB,02,A7,02,A1,00,00,00,00,00,00,00,00,00,00,00,00,00,00,00,00,00,00,00,00,00,00,00,00,00,00,00,00,00,00,00,00,00,00,00,00,00,00,00,00]"",""time"":1557557642415}],""pId"":""6733935b06623c24"",""type"":6}",1557557642473
"{""bId"":""100bbd5d2242"",""collectTime"":1557557669314,""pId"":""6733935b06623c24"",""partReadOnlyData"":""[00,00,05,50,FF,FF,FF,FF,40,08,03,DE,19,B5,75,30,02,A7,00,03,02,A4,00,01,10,15,00,08,10,0E,00,01,0B,B8,01,7C,03,AC,00,10,23,63,23,90,FF,FF,14,AA,00,00,00,00,00,00,00,00,00,00,00,00,02,AA,02,AA,02,A7,02,A0,02,A4,02,A5,10,0E,10,10,10,11,10,13,10,10,10,12,10,14,10,15,10,12,10,13,10,0E,10,11,10,11,10,12,10,11,10,0F,00,00,01,A5,00,6D,03,BD,0C,DE,00,01,00,05,19,F0,10,0B]"",""port"":1,""type"":3}",1557557669173
"{""bId"":""100bb4f52de4"",""collectTime"":1557557884892,""pId"":""dde5925b03f22124"",""partReadOnlyData"":""[00,00,07,7E,FF,FF,FF,FF,40,08,03,E8,19,CC,75,30,02,A1,00,02,02,9F,00,01,10,24,00,07,10,10,00,02,0B,B8,00,00,03,B6,00,13,23,E3,24,08,00,00,14,F5,00,00,00,00,00,00,00,00,00,00,00,00,02,A6,02,A6,02,9F,02,9E,02,9F,02,A1,10,14,10,10,10,16,10,20,10,1E,10,21,10,24,10,23,10,22,10,24,10,24,10,24,10,24,10,24,10,24,10,1E,00,00,01,6D,00,2A,04,32,0C,D8,00,01,00,00,19,F0,10,11]"",""port"":2,""type"":3}",1557557885138
"{""bId"":""100bbc07838a"",""collectTime"":1557557899718,""pId"":""dde5925b03f22124"",""partRunControlData"":""[00,80,00,00,00,00,00,00,00,00,00,00,00,00,00,00,00,00,00,00,00,00,00,00,00,00,00,00,00,00,00,00,00,00,00,00,00,00,19,05,11,15,09,29,00,00,00,00,00,00,00,00,00,00]"",""port"":10,""type"":4}",1557557899807
"{""bId"":""100bbd5d2242"",""collectTime"":1557558029289,""pId"":""6733935b06623c24"",""partReadOnlyData"":""[00,00,05,50,FF,FF,FF,FF,40,08,03,DE,19,B5,75,30,02,A7,00,03,02,A3,00,01,10,15,00,08,10,0E,00,01,0B,B8,01,7C,03,AC,00,10,23,63,23,90,FF,FF,14,AA,00,00,00,00,00,00,00,00,00,00,00,00,02,AA,02,AA,02,A7,02,A0,02,A3,02,A5,10,0E,10,10,10,11,10,13,10,10,10,12,10,13,10,15,10,12,10,13,10,0E,10,11,10,11,10,13,10,11,10,0E,00,00,01,A7,00,73,03,C4,0C,DD,00,01,00,00,19,F0,10,0A]"",""port"":1,""type"":3}",1557558029239
"{""bId"":""100bbd5d2242"",""collectTime"":1557558034319,""pId"":""6733935b06623c24"",""partRunControlData"":""[00,00,00,00,00,00,00,00,00,00,00,00,00,00,00,00,00,00,00,00,00,00,00,00,00,00,00,00,00,00,00,00,00,00,00,00,00,00,19,05,11,15,15,48,00,00,00,00,00,00,00,00,00,00]"",""port"":1,""type"":4}",1557558034170
"{""bId"":""1008f48eb596"",""collectTime"":1557558129190,""pId"":""3134ae5b08987424"",""partReadOnlyData"":""[00,00,29,54,FF,FF,FF,FF,40,08,03,DE,19,C5,75,30,02,A7,00,02,02,A3,00,01,10,1C,00,02,10,19,00,09,0B,B8,01,36,03,A2,00,0A,23,05,23,05,00,00,14,73,00,00,00,00,00,00,00,00,00,00,00,00,02,AF,02,AF,02,A7,02,A0,02,A3,02,A7,10,1B,10,1C,10,1C,10,1B,10,1C,10,1C,10,1B,10,1A,10,19,10,1B,10,1B,10,1C,10,1A,10,1C,10,1A,10,1C,00,00,FE,D2,FF,B0,FC,5B,0C,C7,00,01,00,00,19,F0,10,1B]"",""port"":10,""type"":3}",1557558130217
"{""bId"":""1008f48eb596"",""collectTime"":1557558134016,""pId"":""3134ae5b08987424"",""partRunControlData"":""[00,80,00,00,00,00,00,00,00,00,00,00,00,00,00,00,00,00,00,00,00,00,00,00,00,00,00,00,00,00,00,00,00,00,00,00,00,00,19,05,11,15,09,35,00,00,00,00,00,00,00,00,00,00]"",""port"":10,""type"":4}",1557558134977
"{""bId"":""1008f48eb596"",""collectTime"":1557558139247,""logIndex"":10587,""pId"":""3134ae5b08987424"",""partLog"":""[5B,29,00,00,18,10,29,15,03,31,40,00,00,00,7F,FF,FF,FF,01,00,08,03,C0,19,0E,75,30,02,9C,00,02,02,99,00,01,0F,AC,00,0E,0F,A6,00,0F,0B,B8,01,F4,03,A2,00,08,22,10,23,89,FF,FF,13,E4,00,00,00,00,00,00,00,00,00,00,00,00,02,9D,02,9D,02,9C,02,97,02,99,02,9C,0F,A7,0F,AB,0F,AA,0F,A7,0F,AB,0F,A9,0F,A9,0F,AA,0F,A9,0F,A8,0F,A7,0F,AA,0F,A9,0F,AC,0F,A6,0F,AB,00,00,FE,BC,FF,F7,04,0B,00,00,00,AA,6C]"",""port"":10,""type"":5}",1557558140206
"{""bId"":""100bbc07838a"",""collectTime"":1557558275325,""pId"":""dde5925b03f22124"",""partReadOnlyData"":""[00,00,FA,FF,FF,FF,FF,FF,40,08,03,E8,19,CB,75,30,02,A5,00,01,02,A2,00,03,10,21,00,0B,10,1B,00,02,0B,B8,00,00,03,D4,00,0A,23,EA,23,EA,00,00,14,F9,00,00,00,00,00,00,00,00,00,00,00,00,02,A7,02,A7,02,A2,02,A1,02,A5,02,A4,10,1C,10,1B,10,1D,10,20,10,20,10,20,10,1C,10,1C,10,20,10,20,10,21,10,21,10,20,10,21,10,21,10,1E,00,00,FE,A9,00,48,FC,18,0C,E7,00,02,00,00,19,F0,10,20]"",""port"":10,""type"":3}",1557558275408
"{""list"":[{""content"":""[35,07,84,07,00,00,00,00,00,00,00,00,00,00,00,00,00,00,00,00,00,00,00,00,00,00,00,00,00,00,00,00,00,00,00,00,00,00,00,00,00,00,00,00,00,00,00,00,00,00,00,00,00,00,00,00,00,00,00,00,00,00,00,00,00,00,00,00,00,00,00,00,00,00,00,00,00,00,00,00,00,00,00,00,00,00,00,00,00,00,00,02,AA,02,AA,02,A7,02,A0,00,00,00,00,00,00,00,00,00,00,00,00,00,00,00,00,00,00,00,00,00,00,00,00,00,00,00,00,00,00,00,00,00,00,00,00,00,00,00,00]"",""time"":1557558385275}],""pId"":""6733935b06623c24"",""type"":6}",1557558385209
"{""bId"":""1008f48eb596"",""collectTime"":1557558489252,""pId"":""3134ae5b08987424"",""partReadOnlyData"":""[00,00,29,54,FF,FF,FF,FF,40,08,03,DE,19,C4,75,30,02,A7,00,02,02,A3,00,01,10,1C,00,02,10,19,00,09,0B,B8,01,36,03,A2,00,0A,23,0F,23,0F,00,00,14,79,00,00,00,00,00,00,00,00,00,00,00,00,02,AF,02,AF,02,A7,02,A0,02,A3,02,A7,10,1B,10,1C,10,1C,10,1B,10,1C,10,1C,10,1B,10,1A,10,19,10,1B,10,1B,10,1C,10,1A,10,1C,10,1A,10,1A,00,00,FE,D2,FF,B2,FC,59,0C,C6,00,01,00,00,19,F0,10,1B]"",""port"":10,""type"":3}",1557558490286
"{""bId"":""1008f48eb596"",""collectTime"":1557558499314,""logIndex"":10588,""pId"":""3134ae5b08987424"",""partLog"":""[5C,29,00,00,18,10,29,15,04,33,40,00,00,00,7F,FF,FF,FF,01,00,08,03,C0,19,0E,75,30,02,9C,00,02,02,99,00,01,0F,AC,00,0E,0F,A6,00,0F,0B,B8,01,F4,03,A2,00,08,22,10,23,89,FF,FF,13,E4,00,00,00,00,00,00,00,00,00,00,00,00,02,9D,02,9D,02,9C,02,96,02,99,02,9C,0F,A7,0F,AB,0F,AA,0F,A7,0F,AB,0F,A9,0F,AA,0F,AA,0F,A9,0F,A8,0F,A7,0F,AA,0F,A9,0F,AC,0F,A6,0F,AB,00,00,FE,BE,FF,F7,04,0B,00,00,00,7F,FC]"",""port"":10,""type"":5}",1557558500256
"{""bId"":""1008f48eb596"",""collectTime"":1557558494083,""pId"":""3134ae5b08987424"",""partRunControlData"":""[00,80,00,00,00,00,00,00,00,00,00,00,00,00,00,00,00,00,00,00,00,00,00,00,00,00,00,00,00,00,00,00,00,00,00,00,00,00,19,05,11,15,15,36,00,00,00,00,00,00,00,00,00,00]"",""port"":10,""type"":4}",1557558495016
"{""bId"":""100000004003"",""collectTime"":1557497275293,""pId"":""af61f35a05f22124"",""partReadOnlyData"":""[00,00,00,1A,FF,FF,FF,FF,40,08,03,E8,14,E5,75,30,02,96,00,01,02,93,00,02,10,1A,00,02,10,0B,00,0F,0B,B8,00,00,03,E8,00,0A,38,A2,39,31,00,00,21,12,00,00,00,00,00,00,00,00,00,00,00,00,02,95,02,95,02,99,02,97,02,96,02,93,10,15,10,1A,10,17,10,18,10,15,10,0E,10,14,10,13,FF,FF,10,0F,10,12,10,14,10,12,FF,FF,10,0B,FF,FF,00,00,00,00,00,00,00,00,0C,DC,00,02,00,00,15,13,10,14]"",""port"":6,""type"":3}",1557558496468
"{""bId"":""100000004003"",""collectTime"":1557497280290,""pId"":""af61f35a05f22124"",""partRunControlData"":""[00,80,00,00,00,00,00,00,00,00,00,00,00,00,00,00,00,00,00,00,00,00,00,00,00,00,00,00,00,00,00,00,00,00,00,00,00,00,19,05,11,14,54,43,00,00,00,00,00,00,00,00,00,00]"",""port"":6,""type"":4}",1557558501369
"{""list"":[{""content"":""[A9,07,7B,07,00,00,00,00,00,00,00,00,00,00,00,00,00,00,00,83,07,00,00,00,00,00,00,00,00,00,00,00,00,00,00,00,00,00,00,A3,07,00,00,00,00,00,00,00,00,00,00,00,00,00,00,00,00,00,00,A6,07,00,00,00,00,00,00,00,00,C6,07,00,00,00,00,00,00,00,00,00,00,00,00,00,00,00,00,00,00,00,00,00,00,00,00,00,00,00,00,00,00,00,00,00,00,00,00,00,00,00,00,00,00,00,00,00,00,00,00,00,00,00,00,00,00,00,00,00,00,00,00,00,00,00,00,00,00,00,00]"",""time"":1557497293271}],""pId"":""af61f35a05f22124"",""type"":6}",1557558514369
"{""bId"":""1008f48eb596"",""collectTime"":1557557048917,""pId"":""3134ae5b08987424"",""partReadOnlyData"":""[00,00,29,54,FF,FF,FF,FF,40,08,03,DE,19,C4,75,30,02,A6,00,02,02,A2,00,01,10,1C,00,02,10,19,00,09,0B,B8,01,36,03,A2,00,0A,23,05,23,05,00,00,14,73,00,00,00,00,00,00,00,00,00,00,00,00,02,AE,02,AE,02,A6,02,A1,02,A2,02,A6,10,1B,10,1C,10,1C,10,1C,10,1C,10,1C,10,1B,10,1A,10,19,10,1B,10,1B,10,1C,10,1A,10,1C,10,1A,10,19,00,00,FE,C6,FF,A9,FC,5B,0C,C6,00,01,00,00,19,F0,10,1C]"",""port"":10,""type"":3}",1557557049962
"{""bId"":""1008f48eb596"",""collectTime"":1557557053744,""pId"":""3134ae5b08987424"",""partRunControlData"":""[00,80,00,00,00,00,00,00,00,00,00,00,00,00,00,00,00,00,00,00,00,00,00,00,00,00,00,00,00,00,00,00,00,00,00,00,00,00,19,05,11,14,51,35,00,00,00,00,00,00,00,00,00,00]"",""port"":10,""type"":4}",1557557054702
"{""bId"":""100bbd5d2242"",""collectTime"":1557557309388,""pId"":""6733935b06623c24"",""partReadOnlyData"":""[00,00,05,50,FF,FF,FF,FF,40,08,03,DE,19,B5,75,30,02,A7,00,03,02,A4,00,01,10,15,00,08,10,0E,00,01,0B,B8,01,7C,03,AC,00,10,23,63,23,90,FF,FF,14,AA,00,00,00,00,00,00,00,00,00,00,00,00,02,AB,02,AB,02,A7,02,A1,02,A4,02,A5,10,0E,10,10,10,11,10,13,10,10,10,12,10,14,10,15,10,12,10,13,10,0E,10,11,10,11,10,13,10,11,10,0E,00,00,01,B7,00,71,03,C2,0C,DE,00,01,00,00,19,F0,10,0B]"",""port"":1,""type"":3}",1557557309369
"{""bId"":""100bbd5d2242"",""collectTime"":1557557314222,""pId"":""6733935b06623c24"",""partRunControlData"":""[00,00,00,00,00,00,00,00,00,00,00,00,00,00,00,00,00,00,00,00,00,00,00,00,00,00,00,00,00,00,00,00,00,00,00,00,00,00,19,05,11,15,03,48,00,00,00,00,00,00,00,00,00,00]"",""port"":1,""type"":4}",1557557314089
"{""list"":[1,4],""pId"":""f533935b08f8c924"",""type"":8}",1557557454657
"{""bId"":""100bbc07838a"",""collectTime"":1557557534844,""pId"":""dde5925b03f22124"",""partReadOnlyData"":""[00,00,FA,FF,FF,FF,FF,FF,40,08,03,E8,19,CB,75,30,02,A4,00,01,02,A2,00,03,10,21,00,0B,10,1B,00,02,0B,B8,00,00,03,D4,00,0A,23,EB,23,EB,00,00,14,F9,00,00,00,00,00,00,00,00,00,00,00,00,02,A5,02,A5,02,A2,02,A2,02,A4,02,A3,10,1C,10,1B,10,1D,10,20,10,20,10,20,10,1C,10,1C,10,1F,10,20,10,21,10,21,10,21,10,21,10,21,10,20,00,00,FE,88,00,2E,FC,13,0C,E8,00,02,00,00,19,F0,10,20]"",""port"":10,""type"":3}",1557557534943
"{""bId"":""100bbd8e0213"",""collectTime"":1557557544788,""pId"":""dde5925b03f22124"",""partReadOnlyData"":""[00,01,FF,29,FF,FF,FF,FF,40,08,03,DE,19,B4,75,30,02,AE,00,02,02,A8,00,01,10,13,00,0F,10,0D,00,02,0B,B8,00,00,03,98,00,0B,25,F6,26,A6,00,00,16,2B,00,00,00,00,00,00,00,00,00,00,00,00,02,A9,02,A9,02,AA,02,1D,02,A8,02,AE,10,0F,10,0D,10,0F,10,11,10,11,10,0F,10,11,10,11,10,11,10,12,10,12,10,10,10,12,10,11,10,13,10,0F,00,00,FF,5A,00,2E,FC,24,0C,DA,00,01,00,00,19,F0,10,14]"",""port"":11,""type"":3}",1557557544875
"{""bId"":""100bbd8e0213"",""collectTime"":1557557549672,""pId"":""dde5925b03f22124"",""partRunControlData"":""[00,80,00,00,00,00,00,00,00,00,00,00,00,00,00,00,00,00,00,00,00,00,00,00,00,00,00,00,00,00,00,00,00,00,00,00,00,00,19,05,11,15,02,50,00,00,00,00,00,00,00,00,00,00]"",""port"":11,""type"":4}",1557557549762
"{""list"":[{""content"":""[5E,07,45,07,00,00,00,00,00,84,07,00,00,00,00,00,00,00,00,79,07,00,00,00,00,00,00,00,00,8E,07,00,00,00,00,00,00,00,00,00,00,00,00,00,00,00,00,00,00,A2,07,00,00,00,00,00,00,00,00,A3,07,00,00,00,00,00,00,00,00,00,00,00,00,00,00,00,00,00,00,00,00,00,00,00,00,00,00,00,00,00,00,00,00,00,00,00,00,00,00,00,00,00,00,00,00,00,00,00,00,AA,07,00,00,00,00,00,00,00,00,9A,07,00,00,00,00,00,00,00,00,00,00,00,00,00,00,00,00,00,00]"",""time"":1557557583936}],""pId"":""dde5925b03f22124"",""type"":6}",1557557584011
"{""bId"":""100bbd5d2242"",""collectTime"":1557557674152,""pId"":""6733935b06623c24"",""partRunControlData"":""[00,00,00,00,00,00,00,00,00,00,00,00,00,00,00,00,00,00,00,00,00,00,00,00,00,00,00,00,00,00,00,00,00,00,00,00,00,00,19,05,11,15,09,48,00,00,00,00,00,00,00,00,00,00]"",""port"":1,""type"":4}",1557557674018
"{""bId"":""100000004003"",""collectTime"":1557496531616,""pId"":""af61f35a05f22124"",""partReadOnlyData"":""[00,00,00,1A,FF,FF,FF,FF,40,08,03,E8,14,E5,75,30,02,95,00,01,02,91,00,02,10,1A,00,02,10,0B,00,0F,0B,B8,00,00,03,E8,00,0A,38,A3,39,30,00,00,21,13,00,00,00,00,00,00,00,00,00,00,00,00,02,94,02,94,02,97,02,96,02,95,02,91,10,15,10,1A,10,17,10,19,10,15,10,0E,10,14,10,13,FF,FF,10,0F,10,12,10,14,10,12,FF,FF,10,0B,FF,FF,00,00,00,00,00,00,00,00,0C,DC,00,02,00,00,15,13,10,14]"",""port"":6,""type"":3}",1557557752809
"{""list"":[{""content"":""[9B,07,75,07,00,00,00,00,00,00,00,00,00,00,00,00,00,00,00,83,07,00,00,00,00,00,00,00,00,00,00,00,00,00,00,00,00,00,00,9F,07,00,00,00,00,00,00,00,00,00,00,00,00,00,00,00,00,00,00,A1,07,00,00,00,00,00,00,00,00,BF,07,00,00,00,00,00,00,00,00,00,00,00,00,00,00,00,00,00,00,00,00,00,00,00,00,00,00,00,00,00,00,00,00,00,00,00,00,00,00,00,00,00,00,00,00,00,00,00,00,00,00,00,00,00,00,00,00,00,00,00,00,00,00,00,00,00,00,00,00]"",""time"":1557496540390}],""pId"":""af61f35a05f22124"",""type"":6}",1557557761480
"{""bId"":""1008f48eb596"",""collectTime"":1557557769095,""pId"":""3134ae5b08987424"",""partReadOnlyData"":""[00,00,29,54,FF,FF,FF,FF,40,08,03,DE,19,C4,75,30,02,A6,00,02,02,A3,00,01,10,1C,00,02,10,19,00,09,0B,B8,01,36,03,A2,00,0A,23,05,23,05,00,00,14,73,00,00,00,00,00,00,00,00,00,00,00,00,02,AF,02,AF,02,A6,02,A1,02,A3,02,A6,10,1B,10,1C,10,1C,10,1B,10,1C,10,1C,10,1B,10,1A,10,19,10,1B,10,1B,10,1C,10,1A,10,1C,10,1A,10,1B,00,00,FE,C2,FF,B2,FC,5B,0C,C8,00,01,00,00,19,F0,10,1C]"",""port"":10,""type"":3}",1557557770137
"{""bId"":""1008f48eb596"",""collectTime"":1557557779155,""logIndex"":10586,""pId"":""3134ae5b08987424"",""partLog"":""[5A,29,00,00,18,10,29,15,02,30,40,00,00,00,7F,FF,FF,FF,01,00,08,03,C0,19,0E,75,30,02,9C,00,02,02,99,00,01,0F,AC,00,05,0F,A6,00,0F,0B,B8,01,F4,03,A2,00,08,22,10,23,89,FF,FF,13,E4,00,00,00,00,00,00,00,00,00,00,00,00,02,9D,02,9D,02,9C,02,96,02,99,02,9C,0F,A7,0F,AB,0F,AA,0F,A7,0F,AC,0F,A9,0F,A9,0F,AA,0F,A9,0F,A8,0F,A7,0F,AA,0F,A9,0F,AC,0F,A6,0F,A8,00,00,FE,B8,FF,F1,04,0B,00,00,00,FD,48]"",""port"":10,""type"":5}",1557557780122
"{""bId"":""100000004003"",""collectTime"":1557496536612,""pId"":""af61f35a05f22124"",""partRunControlData"":""[00,80,00,00,00,00,00,00,00,00,00,00,00,00,00,00,00,00,00,00,00,00,00,00,00,00,00,00,00,00,00,00,00,00,00,00,00,00,19,05,11,14,42,20,00,00,00,00,00,00,00,00,00,00]"",""port"":6,""type"":4}",1557557757699
"{""bId"":""1008f48eb596"",""collectTime"":1557557773925,""pId"":""3134ae5b08987424"",""partRunControlData"":""[00,80,00,00,00,00,00,00,00,00,00,00,00,00,00,00,00,00,00,00,00,00,00,00,00,00,00,00,00,00,00,00,00,00,00,00,00,00,19,05,11,15,03,35,00,00,00,00,00,00,00,00,00,00]"",""port"":10,""type"":4}",1557557774882
"{""bId"":""100bb4f52de4"",""collectTime"":1557557889637,""pId"":""dde5925b03f22124"",""partRunControlData"":""[00,80,00,00,00,00,00,00,00,00,00,00,00,00,00,00,00,00,00,00,00,00,00,00,00,00,00,00,00,00,00,00,00,00,00,00,00,00,19,05,11,15,02,43,00,00,00,00,00,00,00,00,00,00]"",""port"":2,""type"":4}",1557557889728
"{""bId"":""100bbc07838a"",""collectTime"":1557557894957,""pId"":""dde5925b03f22124"",""partReadOnlyData"":""[00,00,FA,FF,FF,FF,FF,FF,40,08,03,E8,19,CB,75,30,02,A5,00,01,02,A2,00,03,10,21,00,0B,10,1B,00,02,0B,B8,00,00,03,D4,00,0A,23,EA,23,EA,00,00,14,F9,00,00,00,00,00,00,00,00,00,00,00,00,02,A6,02,A6,02,A2,02,A1,02,A5,02,A4,10,1C,10,1B,10,1D,10,20,10,20,10,20,10,1C,10,1C,10,1F,10,20,10,21,10,21,10,21,10,21,10,21,10,1E,00,00,FE,89,00,3A,FC,0F,0C,E6,00,02,00,00,19,F0,10,20]"",""port"":10,""type"":3}",1557557895057
"{""bId"":""100bbd8e0213"",""collectTime"":1557557904828,""pId"":""dde5925b03f22124"",""partReadOnlyData"":""[00,01,FF,29,FF,FF,FF,FF,40,08,03,DE,19,B4,75,30,02,AE,00,02,02,A8,00,01,10,13,00,0F,10,0D,00,02,0B,B8,00,00,03,98,00,0B,25,F6,26,A6,00,00,16,2B,00,00,00,00,00,00,00,00,00,00,00,00,02,A9,02,A9,02,AA,02,1D,02,A8,02,AE,10,0E,10,0D,10,0F,10,11,10,11,10,0F,10,11,10,11,10,11,10,12,10,12,10,10,10,12,10,11,10,13,10,11,00,00,FF,5E,00,30,FC,20,0C,DB,00,01,00,00,19,F0,10,14]"",""port"":11,""type"":3}",1557557904939
"{""bId"":""100bbd8e0213"",""collectTime"":1557557910040,""pId"":""dde5925b03f22124"",""partRunControlData"":""[00,80,00,00,00,00,00,00,00,00,00,00,00,00,00,00,00,00,00,00,00,00,00,00,00,00,00,00,00,00,00,00,00,00,00,00,00,00,19,05,11,15,08,50,00,00,00,00,00,00,00,00,00,00]"",""port"":11,""type"":4}",1557557910133
"{""list"":[{""content"":""[28,07,9D,07,00,00,00,00,00,00,00,00,00,00,00,00,00,00,00,00,00,00,00,00,00,00,00,00,00,00,00,00,00,00,00,00,00,00,00,00,00,00,00,00,00,00,00,00,00,00,00,00,00,00,00,00,00,00,00,00,00,00,00,00,00,00,00,00,00,00,00,00,00,00,00,00,00,00,00,00,00,00,00,00,00,00,00,00,00,00,00,00,00,00,00,00,00,00,00,00,00,00,00,00,00,00,00,00,00,00,00,00,00,00,00,00,00,00,00,00,00,00,00,00,00,00,00,00,00,00,00,00,00,00,00,00,00,00,00]"",""time"":1557496690539}],""pId"":""f533935b08f8c924"",""type"":6}",1557557980109
"{""list"":[{""content"":""[65,07,49,07,00,00,00,00,00,91,07,00,00,00,00,10,00,00,00,00,00,00,00,00,00,00,00,00,00,92,07,00,00,00,00,00,00,00,00,00,00,00,00,00,00,00,00,00,00,A2,07,00,00,00,00,00,00,00,00,A3,07,00,00,00,00,00,00,00,00,00,00,00,00,00,00,00,00,00,00,00,00,00,00,00,00,00,00,00,00,00,00,00,00,00,00,00,00,00,00,00,00,00,00,00,00,00,00,00,00,AB,07,00,00,00,00,00,00,00,00,9A,07,00,00,00,00,00,00,00,00,00,00,00,00,00,00,00,00,00,00]"",""time"":1557558232233}],""pId"":""dde5925b03f22124"",""type"":6}",1557558232429
"{""bId"":""100bbd075cab"",""collectTime"":1557558250544,""pId"":""dde5925b03f22124"",""partProtectionParameter"":""[10,9A,10,04,0C,80,00,08,0D,AC,00,14,00,08,00,3C,0B,B6,0D,AC,02,A3,00,24,0F,A0,00,10,17,68,1F,18,03,84,00,0C,03,52,04,1A,00,14,03,E8,01,90,00,0C,01,A4,00,96,00,14,00,C8,04,B0,00,04,04,4C,04,B0,00,04,04,4C,10,68,00,08,10,36,0D,7A,00,08,0D,AC,00,A0,00,04,00,78,0B,B8,00,10,0B,54,03,20,00,08,03,0C,03,B6,00,08,03,AC,01,AE,00,08,01,C2,00,FA,00,08,01,04,04,5E,0B,26]"",""port"":0,""type"":2}",1557558250629
"{""bId"":""100bbd075cab"",""collectTime"":1557558255126,""pId"":""dde5925b03f22124"",""partReadOnlyData"":""[00,00,03,D6,FF,FF,FF,FF,00,C8,03,DE,18,C0,75,30,02,9A,00,02,02,95,00,03,10,21,00,06,05,DA,00,10,00,00,00,00,03,B6,00,0E,23,6B,23,C7,FF,FF,14,AF,00,00,00,00,00,04,00,00,08,02,00,00,02,97,02,97,02,95,02,98,02,98,02,9A,10,1D,10,1B,10,1A,10,20,10,1D,10,21,10,1D,10,1B,10,1B,10,1F,10,19,10,18,10,1D,10,1B,10,1E,05,DA,00,00,00,61,00,2C,03,2A,0C,E4,00,02,00,00,19,F0,10,20]"",""port"":0,""type"":3}",1557558255209
"{""bId"":""100bbd075cab"",""collectTime"":1557558259847,""pId"":""dde5925b03f22124"",""partRunControlData"":""[00,00,00,00,00,00,00,00,00,00,00,00,00,00,00,00,00,00,00,00,00,00,00,00,00,00,00,00,00,00,00,00,00,00,00,00,00,00,19,05,11,15,09,17,00,00,00,00,00,00,00,00,00,00]"",""port"":0,""type"":4}",1557558259933
"{""bId"":""100bb4f52de4"",""collectTime"":1557558265163,""pId"":""dde5925b03f22124"",""partReadOnlyData"":""[00,00,07,7E,FF,FF,FF,FF,40,08,03,E8,19,CB,75,30,02,A2,00,02,02,9F,00,01,10,24,00,07,10,10,00,02,0B,B8,00,00,03,B6,00,13,23,E4,24,08,00,00,14,F5,00,00,00,00,00,00,00,00,00,00,00,00,02,A7,02,A7,02,A0,02,9E,02,9F,02,A2,10,14,10,10,10,16,10,20,10,1E,10,21,10,24,10,23,10,22,10,24,10,23,10,23,10,23,10,24,10,23,10,1E,00,00,01,78,00,17,04,34,0C,D8,00,01,00,00,19,F0,10,10]"",""port"":2,""type"":3}",1557558265255
"{""bId"":""100bb4f52de4"",""collectTime"":1557558269846,""pId"":""dde5925b03f22124"",""partRunControlData"":""[00,80,00,00,00,00,00,00,00,00,00,00,00,00,00,00,00,00,00,00,00,00,00,00,00,00,00,00,00,00,00,00,00,00,00,00,00,00,19,05,11,15,09,03,00,00,00,00,00,00,00,00,00,00]"",""port"":2,""type"":4}",1557558269918
"{""bId"":""100bbc07838a"",""collectTime"":1557558279858,""pId"":""dde5925b03f22124"",""partRunControlData"":""[00,80,00,00,00,00,00,00,00,00,00,00,00,00,00,00,00,00,00,00,00,00,00,00,00,00,00,00,00,00,00,00,00,00,00,00,00,00,19,05,11,15,15,49,00,00,00,00,00,00,00,00,00,00]"",""port"":10,""type"":4}",1557558279949
"{""bId"":""100bbd8e0213"",""collectTime"":1557558284959,""pId"":""dde5925b03f22124"",""partReadOnlyData"":""[00,01,FF,29,FF,FF,FF,FF,40,08,03,DE,19,B3,75,30,02,AE,00,02,02,A8,00,01,10,12,00,0A,10,0D,00,02,0B,B8,00,00,03,98,00,0B,25,F6,26,A6,00,00,16,2B,00,00,00,00,00,00,00,00,00,00,00,00,02,A9,02,A9,02,AA,02,1D,02,A8,02,AE,10,0E,10,0D,10,0F,10,10,10,11,10,0E,10,11,10,11,10,11,10,12,10,12,10,10,10,12,10,11,10,12,10,10,00,00,FF,57,00,32,FC,24,0C,DC,00,01,00,00,19,F0,10,13]"",""port"":11,""type"":3}",1557558285050
"{""bId"":""100bbd8e0213"",""collectTime"":1557558289841,""pId"":""dde5925b03f22124"",""partRunControlData"":""[00,80,00,00,00,00,00,00,00,00,00,00,00,00,00,00,00,00,00,00,00,00,00,00,00,00,00,00,00,00,00,00,00,00,00,00,00,00,19,05,11,15,15,10,00,00,00,00,00,00,00,00,00,00]"",""port"":11,""type"":4}",1557558289918
"{""bId"":""100bbd5d2242"",""collectTime"":1557558389505,""pId"":""6733935b06623c24"",""partReadOnlyData"":""[00,00,05,50,FF,FF,FF,FF,40,08,03,DE,19,B4,75,30,02,A7,00,03,02,A3,00,01,10,15,00,08,10,0D,00,10,0B,B8,01,7C,03,AC,00,10,23,63,23,90,FF,FF,14,AA,00,00,00,00,00,00,00,00,00,00,00,00,02,AA,02,AA,02,A7,02,A0,02,A3,02,A5,10,0E,10,10,10,10,10,13,10,10,10,12,10,13,10,15,10,12,10,13,10,0E,10,11,10,11,10,13,10,11,10,0D,00,00,01,A7,00,7D,03,C0,0C,DD,00,01,00,00,19,F0,10,0B]"",""port"":1,""type"":3}",1557558389368
"{""bId"":""100bbd5d2242"",""collectTime"":1557558394341,""pId"":""6733935b06623c24"",""partRunControlData"":""[00,00,00,00,00,00,00,00,00,00,00,00,00,00,00,00,00,00,00,00,00,00,00,00,00,00,00,00,00,00,00,00,00,00,00,00,00,00,19,05,11,15,21,48,00,00,00,00,00,00,00,00,00,00]"",""port"":1,""type"":4}",1557558394194
"{""bId"":""100bbc07838a"",""collectTime"":1557558595014,""pId"":""dde5925b03f22124"",""partReadOnlyData"":""[00,00,FA,FF,FF,FF,FF,FF,40,08,03,E8,19,CA,75,30,02,A5,00,01,02,A2,00,03,10,21,00,0C,10,1B,00,02,0B,B8,00,00,03,D4,00,0A,23,EA,23,EA,00,00,14,F9,00,00,00,00,00,00,00,00,00,00,00,00,02,A7,02,A7,02,A2,02,A1,02,A5,02,A4,10,1C,10,1B,10,1D,10,20,10,20,10,20,10,1C,10,1C,10,1F,10,20,10,20,10,21,10,21,10,21,10,20,10,1E,00,00,FE,8B,00,32,FC,15,0C,E7,00,02,00,00,19,F0,10,20]"",""port"":10,""type"":3}",1557558595219
"{""bId"":""100bbd8e0213"",""collectTime"":1557558605134,""pId"":""dde5925b03f22124"",""partReadOnlyData"":""[00,01,FF,29,FF,FF,FF,FF,40,08,03,DE,19,B4,75,30,02,AE,00,02,02,A8,00,01,10,13,00,0F,10,0D,00,02,0B,B8,00,00,03,98,00,0B,25,F6,26,A6,00,00,16,2B,00,00,00,00,00,00,00,00,00,00,00,00,02,A9,02,A9,02,AA,02,1C,02,A8,02,AE,10,0E,10,0D,10,0F,10,11,10,11,10,0E,10,11,10,11,10,11,10,12,10,12,10,10,10,12,10,11,10,13,10,12,00,00,FF,55,00,32,FC,2C,0C,DC,00,01,00,00,19,F0,10,13]"",""port"":11,""type"":3}",1557558605231
"{""list"":[{""content"":""[2F,07,A6,07,00,00,00,00,00,00,00,00,00,00,00,00,00,00,00,00,00,00,00,00,00,00,00,00,00,00,00,00,00,00,00,00,00,00,00,00,00,00,00,00,00,00,00,00,00,00,00,00,00,00,00,00,00,00,00,00,00,00,00,00,00,00,00,00,00,00,00,00,00,00,00,00,00,00,00,00,00,00,00,00,00,00,00,00,00,00,00,00,00,00,00,00,00,00,00,00,00,00,00,00,00,00,00,00,00,00,00,00,00,00,00,00,00,00,00,00,00,00,00,00,00,00,00,00,00,00,00,00,00,00,00,00,00,00,00]"",""time"":1557497438987}],""pId"":""f533935b08f8c924"",""type"":6}",1557558728552
"{""bId"":""100bbd5d2242"",""collectTime"":1557558749614,""pId"":""6733935b06623c24"",""partReadOnlyData"":""[00,00,05,50,FF,FF,FF,FF,40,08,03,DE,19,B5,75,30,02,A7,00,03,02,A3,00,01,10,15,00,08,10,0E,00,01,0B,B8,01,7C,03,AC,00,10,23,63,23,90,FF,FF,14,AA,00,00,00,00,00,00,00,00,00,00,00,00,02,A9,02,A9,02,A7,02,9F,02,A3,02,A5,10,0E,10,10,10,11,10,13,10,10,10,12,10,14,10,15,10,12,10,13,10,0E,10,11,10,11,10,13,10,11,10,0E,00,00,01,B1,00,6F,03,C2,0C,DD,00,01,00,00,19,F0,10,0B]"",""port"":1,""type"":3}",1557558749554
"{""bId"":""100bbd5d2242"",""collectTime"":1557558754448,""pId"":""6733935b06623c24"",""partRunControlData"":""[00,00,00,00,00,00,00,00,00,00,00,00,00,00,00,00,00,00,00,00,00,00,00,00,00,00,00,00,00,00,00,00,00,00,00,00,00,00,19,05,11,15,27,48,00,00,00,00,00,00,00,00,00,00]"",""port"":1,""type"":4}",1557558754285
"{""bId"":""1008f48eb596"",""collectTime"":1557558849354,""pId"":""3134ae5b08987424"",""partReadOnlyData"":""[00,00,29,54,FF,FF,FF,FF,40,08,03,DE,19,C4,75,30,02,A7,00,02,02,A3,00,01,10,1C,00,02,10,19,00,09,0B,B8,01,36,03,A2,00,0A,23,0F,23,0F,00,00,14,79,00,00,00,00,00,00,00,00,00,00,00,00,02,AF,02,AF,02,A7,02,9F,02,A3,02,A7,10,1B,10,1C,10,1C,10,1C,10,1C,10,1C,10,1B,10,1A,10,19,10,1B,10,1B,10,1C,10,1A,10,1C,10,1A,10,1A,00,00,FE,D8,FF,B4,FC,53,0C,C7,00,01,00,00,19,F0,10,1B]"",""port"":10,""type"":3}",1557558850366
"{""bId"":""100000004003"",""collectTime"":1557497652247,""pId"":""af61f35a05f22124"",""partRunControlData"":""[00,80,00,00,00,00,00,00,00,00,00,00,00,00,00,00,00,00,00,00,00,00,00,00,00,00,00,00,00,00,00,00,00,00,00,00,00,00,19,05,11,15,00,55,00,00,00,00,00,00,00,00,00,00]"",""port"":6,""type"":4}",1557558873330
"{""bId"":""100000004003"",""collectTime"":1557497647236,""pId"":""af61f35a05f22124"",""partReadOnlyData"":""[00,00,00,1A,FF,FF,FF,FF,40,08,03,E8,14,E5,75,30,02,96,00,01,02,93,00,02,10,1A,00,02,10,0B,00,0F,0B,B8,00,00,03,E8,00,0A,38,A2,39,31,00,00,21,12,00,00,00,00,00,00,00,00,00,00,00,00,02,95,02,95,02,99,02,96,02,96,02,93,10,15,10,1A,10,17,10,18,10,15,10,0E,10,14,10,13,FF,FF,10,0F,10,12,10,14,10,12,FF,FF,10,0B,FF,FF,00,00,00,00,00,00,00,00,0C,DB,00,02,00,00,15,13,10,14]"",""port"":6,""type"":3}",1557558868400
"{""bId"":""100bb4f52de4"",""collectTime"":1557558965030,""pId"":""dde5925b03f22124"",""partDeviceInfo"":""[00,09,0D,12,01,05,01,01,00,1A,00,00,01,DD,24,74,98,06,59,97,0A,3E,00,01,16,D0,27,10,FF,FF,10,0B,B4,F5,2D,E4,00,00,26,A1,00,00,4E,8D,00,00,10,3B,00,0C,07,6A,00,10,02,AA,00,02,02,64,00,01,02,A0,0B,06]"",""port"":3,""type"":1}",1557558965186
"{""bId"":""100bb4f52de4"",""collectTime"":1557558985391,""pId"":""dde5925b03f22124"",""partReadOnlyData"":""[00,00,07,7E,FF,FF,FF,FF,00,C8,03,DE,18,EC,75,30,02,A3,00,02,02,9F,00,01,10,24,00,07,07,6B,00,10,00,00,00,00,03,B6,00,13,23,9E,23,FB,FF,FF,14,CC,00,00,00,00,00,04,00,00,00,02,00,00,02,A6,02,A6,02,A0,02,9D,02,9F,02,A3,10,14,10,10,10,16,10,20,10,1E,10,21,10,24,10,23,10,22,10,24,10,23,10,23,10,23,10,23,10,23,07,6B,00,00,01,9C,00,01,FC,82,0C,D9,00,01,00,00,19,F0,10,10]"",""port"":3,""type"":3}",1557558985509
"{""bId"":""100bb4f52de4"",""collectTime"":1557558990134,""pId"":""dde5925b03f22124"",""partRunControlData"":""[00,00,00,00,00,00,00,00,00,00,00,00,00,00,00,00,00,00,00,00,00,00,00,00,00,00,00,00,00,00,00,00,00,00,00,00,00,00,19,05,11,15,21,03,00,00,00,00,00,00,00,00,00,00]"",""port"":3,""type"":4}",1557558990221
"{""bId"":""100bbc07838a"",""collectTime"":1557558995284,""pId"":""dde5925b03f22124"",""partReadOnlyData"":""[00,00,FA,FF,FF,FF,FF,FF,40,08,03,E8,19,CA,75,30,02,A5,00,01,02,A2,00,03,10,21,00,0C,10,1B,00,02,0B,B8,00,00,03,D4,00,0A,23,EA,23,EA,00,00,14,F9,00,00,00,00,00,00,00,00,00,00,00,00,02,A7,02,A7,02,A2,02,A0,02,A5,02,A4,10,1C,10,1B,10,1E,10,20,10,20,10,1F,10,1C,10,1C,10,1F,10,20,10,20,10,21,10,21,10,21,10,20,10,1E,00,00,FE,84,00,34,FC,0B,0C,E6,00,02,00,00,19,F0,10,1F]"",""port"":10,""type"":3}",1557558995369
"{""bId"":""100bbd8e0213"",""collectTime"":1557559005116,""pId"":""dde5925b03f22124"",""partReadOnlyData"":""[00,01,FF,29,FF,FF,FF,FF,40,08,03,DE,19,B3,75,30,02,AE,00,02,02,A8,00,01,10,13,00,0F,10,0D,00,02,0B,B8,00,00,03,98,00,0B,25,F6,26,A6,00,00,16,2B,00,00,00,00,00,00,00,00,00,00,00,00,02,A9,02,A9,02,AA,02,1C,02,A8,02,AE,10,0E,10,0D,10,0F,10,10,10,10,10,0E,10,10,10,11,10,10,10,12,10,12,10,10,10,12,10,11,10,13,10,11,00,00,FF,57,00,36,FC,24,0C,DC,00,01,00,00,19,F0,10,14]"",""port"":11,""type"":3}",1557559005209
"{""bId"":""100bbd8e0213"",""collectTime"":1557559010045,""pId"":""dde5925b03f22124"",""partRunControlData"":""[00,80,00,00,00,00,00,00,00,00,00,00,00,00,00,00,00,00,00,00,00,00,00,00,00,00,00,00,00,00,00,00,00,00,00,00,00,00,19,05,11,15,27,11,00,00,00,00,00,00,00,00,00,00]"",""port"":11,""type"":4}",1557559010129
"{""list"":[{""content"":""[36,07,8B,07,00,00,00,00,00,00,00,00,00,00,00,00,00,00,00,00,00,00,00,00,00,00,00,00,00,00,00,00,00,00,00,00,00,00,00,00,00,00,00,00,00,00,00,00,00,00,00,00,00,00,00,00,00,00,00,00,00,00,00,00,00,00,00,00,00,00,00,00,00,00,00,00,00,00,00,00,00,00,00,00,00,00,00,00,00,00,00,02,A9,02,A9,02,A7,02,9F,00,00,00,00,00,00,00,00,00,00,00,00,00,00,00,00,00,00,00,00,00,00,00,00,00,00,00,00,00,00,00,00,00,00,00,00,00,00,00,00]"",""time"":1557559127625}],""pId"":""6733935b06623c24"",""type"":6}",1557559127459
"{""bId"":""1008f48eb596"",""collectTime"":1557559214242,""pId"":""3134ae5b08987424"",""partRunControlData"":""[00,80,00,00,00,00,00,00,00,00,00,00,00,00,00,00,00,00,00,00,00,00,00,00,00,00,00,00,00,00,00,00,00,00,00,00,00,00,19,05,11,15,27,36,00,00,00,00,00,00,00,00,00,00]"",""port"":10,""type"":4}",1557559215298
"{""bId"":""1008f48eb596"",""collectTime"":1557559219472,""logIndex"":10589,""pId"":""3134ae5b08987424"",""partLog"":""[5D,29,00,00,18,10,29,15,05,34,40,00,00,00,7F,FF,FF,FF,01,00,08,03,C0,19,0E,75,30,02,9C,00,02,02,99,00,01,0F,AC,00,02,0F,A6,00,0F,0B,B8,01,F4,03,A2,00,08,22,10,23,89,FF,FF,13,E4,00,00,00,00,00,00,00,00,00,00,00,00,02,9D,02,9D,02,9C,02,97,02,99,02,9C,0F,A7,0F,AC,0F,AB,0F,A7,0F,AC,0F,A9,0F,A9,0F,AA,0F,A9,0F,A8,0F,A7,0F,AA,0F,A9,0F,AC,0F,A6,0F,AA,00,00,FE,C4,FF,FB,04,0F,00,00,00,DA,18]"",""port"":10,""type"":5}",1557559220478
"{""bId"":""100000004003"",""collectTime"":1557498019653,""pId"":""af61f35a05f22124"",""partReadOnlyData"":""[00,00,00,1A,FF,FF,FF,FF,40,08,03,E8,14,E5,75,30,02,97,00,01,02,94,00,02,10,1A,00,02,10,0A,00,0F,0B,B8,00,00,03,E8,00,0A,38,A2,39,31,00,00,21,12,00,00,00,00,00,00,00,00,00,00,00,00,02,95,02,95,02,9A,02,97,02,97,02,94,10,15,10,1A,10,17,10,18,10,15,10,0E,10,14,10,13,FF,FF,10,0F,10,12,10,14,10,11,FF,FF,10,0A,FF,FF,00,00,00,00,00,00,00,00,0C,DC,00,02,00,00,15,13,10,14]"",""port"":6,""type"":3}",1557559240833
"{""bId"":""100000004003"",""collectTime"":1557498024347,""pId"":""af61f35a05f22124"",""partRunControlData"":""[00,80,00,00,00,00,00,00,00,00,00,00,00,00,00,00,00,00,00,00,00,00,00,00,00,00,00,00,00,00,00,00,00,00,00,00,00,00,19,05,11,15,07,07,00,00,00,00,00,00,00,00,00,00]"",""port"":6,""type"":4}",1557559245419
"{""list"":[{""content"":""[B8,07,84,07,00,00,00,00,00,00,00,00,00,00,00,00,00,00,00,83,07,00,00,00,00,00,00,00,00,00,00,00,00,00,00,00,00,00,00,AA,07,00,00,00,00,00,00,00,00,00,00,00,00,00,00,00,00,00,00,B5,07,00,00,00,00,00,00,00,00,CC,07,00,00,00,00,00,00,00,00,00,00,00,00,00,00,00,00,00,00,00,00,00,00,00,00,00,00,00,00,00,00,00,00,00,00,00,00,00,00,00,00,00,00,00,00,00,00,00,00,00,00,00,00,00,00,00,00,00,00,00,00,00,00,00,00,00,00,00,00]"",""time"":1557498046777}],""pId"":""af61f35a05f22124"",""type"":6}",1557559267849
"{""bId"":""100bbd8e0213"",""collectTime"":1557559365929,""pId"":""dde5925b03f22124"",""partReadOnlyData"":""[00,01,FF,29,FF,FF,FF,FF,40,08,03,DE,19,B3,75,30,02,AE,00,02,02,A8,00,01,10,12,00,0A,10,0D,00,02,0B,B8,00,00,03,98,00,0B,25,F6,26,A6,00,00,16,2B,00,00,00,00,00,00,00,00,00,00,00,00,02,A9,02,A9,02,AA,02,1C,02,A8,02,AE,10,0F,10,0D,10,0F,10,10,10,10,10,0E,10,11,10,11,10,11,10,12,10,12,10,10,10,12,10,11,10,12,10,11,00,00,FF,57,00,2A,FC,24,0C,DB,00,01,00,00,19,F0,10,13]"",""port"":11,""type"":3}",1557559366008
"{""bId"":""100bbd8e0213"",""collectTime"":1557559370216,""pId"":""dde5925b03f22124"",""partRunControlData"":""[00,80,00,00,00,00,00,00,00,00,00,00,00,00,00,00,00,00,00,00,00,00,00,00,00,00,00,00,00,00,00,00,00,00,00,00,00,00,19,05,11,15,33,11,00,00,00,00,00,00,00,00,00,00]"",""port"":11,""type"":4}",1557559370318
"{""list"":[{""content"":""[58,07,59,07,00,00,00,00,00,91,07,00,00,00,00,00,00,00,00,93,07,C0,00,00,00,00,00,00,00,00,00,00,00,00,00,00,00,00,00,94,07,00,00,00,00,10,00,00,00,00,00,00,00,00,00,00,00,00,00,00,00,00,00,00,00,00,00,00,00,00,00,00,00,00,00,00,00,00,00,00,00,00,00,00,00,00,00,00,00,00,00,00,00,00,00,00,00,00,00,00,00,00,00,00,00,00,00,00,00,B3,07,00,00,00,00,00,00,00,00,A2,07,00,00,00,00,00,00,00,00,00,00,00,00,00,00,00,00,00,00]"",""time"":1557559425971}],""pId"":""dde5925b03f22124"",""type"":6}",1557559426047
"{""bId"":""1008f48eb596"",""collectTime"":1557559569500,""pId"":""3134ae5b08987424"",""partReadOnlyData"":""[00,00,29,5D,FF,FF,FF,FF,40,08,03,DE,19,C4,75,30,02,A7,00,02,02,A3,00,01,10,1C,00,03,10,18,00,09,0B,B8,01,36,03,A2,00,0A,23,0F,23,0F,00,00,14,79,00,00,00,00,00,00,00,00,00,00,00,00,02,AE,02,AE,02,A7,02,9F,02,A3,02,A7,10,1B,10,1B,10,1C,10,1B,10,1C,10,1C,10,1B,10,1A,10,18,10,1A,10,1A,10,1C,10,1A,10,1C,10,1A,10,1B,00,00,FE,C8,FF,B2,FC,5D,0C,C8,00,01,00,00,19,F0,10,1B]"",""port"":10,""type"":3}",1557559570537
"{""bId"":""1008f48eb596"",""collectTime"":1557559579548,""logIndex"":10590,""pId"":""3134ae5b08987424"",""partLog"":""[5E,29,00,00,18,10,29,15,06,36,40,00,00,00,7F,FF,FF,FF,01,00,08,03,C0,19,0E,75,30,02,9C,00,02,02,99,00,01,0F,AC,00,0E,0F,A6,00,0F,0B,B8,01,F4,03,A2,00,08,22,10,23,89,FF,FF,13,E4,00,00,00,00,00,00,00,00,00,00,00,00,02,9D,02,9D,02,9C,02,97,02,99,02,9C,0F,A7,0F,AB,0F,AB,0F,A7,0F,AB,0F,A9,0F,A9,0F,AA,0F,A9,0F,A8,0F,A7,0F,AA,0F,A9,0F,AC,0F,A6,0F,A9,00,00,FE,BE,FF,F7,04,09,00,00,00,E0,1D]"",""port"":10,""type"":5}",1557559580493
"{""bId"":""100000004003"",""collectTime"":1557498396230,""pId"":""af61f35a05f22124"",""partRunControlData"":""[00,80,00,00,00,00,00,00,00,00,00,00,00,00,00,00,00,00,00,00,00,00,00,00,00,00,00,00,00,00,00,00,00,00,00,00,00,00,19,05,11,15,13,20,00,00,00,00,00,00,00,00,00,00]"",""port"":6,""type"":4}",1557559617315
"{""bId"":""100000004003"",""collectTime"":1557498391477,""pId"":""af61f35a05f22124"",""partReadOnlyData"":""[00,00,00,1A,FF,FF,FF,FF,40,08,03,E8,14,E5,75,30,02,97,00,01,02,94,00,02,10,1A,00,02,10,0B,00,0F,0B,B8,00,00,03,E8,00,0A,38,A2,39,31,00,00,21,12,00,00,00,00,00,00,00,00,00,00,00,00,02,96,02,96,02,9A,02,96,02,97,02,94,10,15,10,1A,10,17,10,18,10,15,10,0E,10,14,10,13,FF,FF,10,0F,10,12,10,14,10,12,FF,FF,10,0B,FF,FF,00,00,00,00,00,00,00,00,0C,DC,00,02,00,00,15,13,10,13]"",""port"":6,""type"":3}",1557559612650
