000139255255255255,1,1,0,1,0,0,0,0,0,0,0,0,0,0,0,0,83.0,63.59,3.02,26.8,2,25.9,1,3986,16,3969,3,21.79,6.0,100.0,23,10057,12180,42,587.3,0,0,0,0,0,0,0,0,0,0,0,0,0,0,0,0,0,0,0,0,0,0,0,0,0,0,0,0,0,0,0,0,0,0,0,0,0,0,0,0,0,0,0,0,0,0,0,0,0,0,0,0,0,0,0,0,0,0,0,0,0,0,0,0,0,0,0,0,0,0,0,0,0,0,0,0,0,0,0,0,0,26.2,26.2,26.7,24.6,25.9,26.8,3973,3970,3969,3974,3969,3972,3969,3974,3981,3977,3977,3976,3976,3978,3978,3986,0,0,0,0,0,0,0,0,0,0,0,0,0,0,0,0,0,0,0,3289,2,3156,66.4,3981,2018-10-24 10:47:55 666,158c8c5a06f8c924,101a1070888c
000162255255255255,1,1,0,1,0,0,0,0,0,0,0,0,0,0,0,0,93.0,65.47,5.98,30.0,2,29.9,1,4102,9,4086,5,30.0,6.0,100.0,100,11985,12934,9,699.9,0,0,0,0,0,0,0,0,0,0,0,0,0,0,0,0,0,0,0,0,0,0,0,0,0,0,0,0,0,0,0,0,0,0,0,0,0,0,0,0,0,0,0,0,0,0,0,0,0,0,0,0,0,0,0,0,0,0,0,0,0,0,0,0,0,0,0,0,0,0,0,0,0,0,0,0,0,0,0,0,0,27.6,27.6,30.4,26.4,29.9,30.0,4087,4092,4089,4090,4086,4087,4092,4090,4102,4097,4090,4094,4093,4097,4092,4094,0,0,0,0,0,0,0,0,0,0,0,0,0,0,0,0,0,0,0,3294,2,6048,66.4,4092,2018-10-24 10:47:56 296,7ecc875a04623c24,1014c52386d0
00048255255255255,1,1,0,1,0,0,0,0,0,0,0,0,0,0,0,0,77.0,63.54,5.83,21.6,2,21.0,1,3977,9,3966,3,30.0,6.0,100.0,6,10132,13190,31,591.7,0,0,0,0,0,0,0,0,0,0,0,0,0,0,0,0,0,0,0,0,0,0,0,0,0,0,0,0,0,0,0,0,0,0,0,0,0,0,0,0,0,0,0,0,0,0,0,0,0,0,0,0,0,0,0,0,0,0,0,0,0,0,0,0,0,0,0,0,0,0,0,0,0,0,0,0,0,0,0,0,0,20.8,20.8,21.4,20.3,21.0,21.6,3971,3970,3966,3967,3968,3969,3971,3971,3977,3975,3972,3974,3975,3974,3974,3975,0,0,0,0,0,0,0,0,0,0,0,0,0,0,0,0,0,0,0,3306,0,5953,66.4,3979,2018-10-24 10:47:56 296,7ecc875a04623c24,1019708b7f96
000158255255255255,1,1,0,1,0,0,0,0,0,0,0,0,0,0,0,0,90.0,64.64,5.85,22.8,2,22.7,1,4046,2,4032,12,30.0,6.0,100.0,94,10618,11810,12,620.0,0,0,0,0,0,0,0,0,0,0,0,0,0,0,0,0,0,0,0,0,0,0,0,0,0,0,0,0,0,0,0,0,0,0,0,0,0,0,0,0,0,0,0,0,0,0,0,0,0,0,0,0,0,0,0,0,0,0,0,0,0,0,0,0,0,0,0,0,0,0,0,0,0,0,0,0,0,0,0,0,0,22.5,22.5,22.8,21.7,22.7,22.8,4039,4046,4042,4039,4044,4040,4045,4044,4043,4036,4037,4032,4039,4039,4039,4045,0,0,0,0,0,0,0,0,0,0,0,0,0,0,0,0,0,0,0,3290,1,5952,66.4,4049,2018-10-24 10:47:57 503,fa8c8c5a06f8c924,10167d5948a6
00049255255255255,1,1,0,1,0,0,0,0,0,0,0,0,0,0,0,0,71.0,62.0,6.06,27.6,2,26.7,1,3881,9,3868,2,30.0,6.0,100.0,109,9223,13147,38,538.6,0,0,0,0,0,0,0,0,0,0,0,0,0,0,0,0,0,0,0,0,0,0,0,0,0,0,0,0,0,0,0,0,0,0,0,0,0,0,0,0,0,0,0,0,0,0,0,0,0,0,0,0,0,0,0,0,0,0,0,0,0,0,0,0,0,0,0,0,0,0,0,0,0,0,0,0,0,0,0,0,0,25.0,25.0,27.3,25.9,26.7,27.6,3876,3868,3868,3876,3876,3876,3878,3877,3881,3877,3876,3874,3875,3876,3873,3877,0,0,0,0,0,0,0,0,0,0,0,0,0,0,0,0,0,0,0,3290,1,6210,66.4,3887,2018-10-24 10:47:57 653,068e8c5a03623c24,10143cd6576b
00147255255255255,1,1,0,1,0,0,0,0,0,0,0,0,0,0,0,0,59.0,59.77,7.02,32.6,2,31.2,1,3742,9,3733,1,30.0,8.4,91.0,39,6543,11102,38,381.9,0,0,0,0,0,0,0,0,0,0,0,0,0,0,0,0,0,0,0,0,0,0,0,0,0,0,0,0,0,0,0,0,0,0,0,0,0,0,0,0,0,0,0,0,0,0,0,0,0,0,0,0,0,0,0,0,0,0,0,0,0,0,0,0,0,0,0,0,0,0,0,0,0,0,0,0,0,0,0,0,0,32.1,32.1,32.6,28.4,31.2,32.6,3733,3736,3736,3735,3735,3733,3735,3736,3742,3736,3735,3736,3736,3736,3736,3736,0,0,0,0,0,0,0,0,0,0,0,0,0,0,0,0,0,0,0,3288,2,7113,65.6,3748,2018-10-24 10:47:57 916,4b73b35a0670cb24,1018451e65fb
00079255255255255,1,1,0,1,0,0,0,0,0,0,0,0,0,0,0,0,99.0,66.24,1.25,25.6,2,25.4,1,4145,3,4133,15,30.0,2.25,100.0,14,12768,12897,6,745.6,0,0,0,0,0,0,0,0,0,0,0,0,0,0,0,0,0,0,0,0,0,0,0,0,0,0,0,0,0,0,0,0,0,0,0,0,0,0,0,0,0,0,0,0,0,0,0,0,0,0,0,0,0,0,0,0,0,0,0,0,0,0,0,0,0,0,0,0,0,0,0,0,0,0,0,0,0,0,0,0,0,26.5,26.5,26.0,24.8,25.4,25.6,4135,4140,4145,4138,4141,4142,4140,4145,4141,4141,4137,4140,4138,4141,4133,4143,0,0,0,0,0,0,0,0,0,0,0,0,0,0,0,0,0,0,0,3291,1,976,66.4,4141,2018-10-24 10:47:58 228,68878c5a05cf4824,1019e3e3b8f8
004243255255255255,1,1,0,1,0,0,0,0,0,0,0,0,0,0,1,0,100.0,66.19,-0.02,24.8,2,24.2,1,4143,3,4134,11,30.0,0.0,100.0,64,13415,13415,0,783.4,0,0,0,0,0,0,0,0,0,0,0,0,0,0,0,0,0,0,0,0,0,0,0,0,0,0,0,0,0,0,0,0,0,0,0,0,0,0,0,0,0,0,0,0,0,0,0,0,0,0,0,0,0,0,0,0,0,0,0,0,0,0,0,0,0,0,0,0,0,0,0,0,0,0,0,0,0,0,0,0,0,24.8,24.8,24.9,23.4,24.2,24.8,4140,4141,4143,4139,4137,4135,4135,4136,4135,4138,4134,4135,4134,4138,4134,4142,0,0,0,0,0,0,0,0,0,0,0,0,0,0,0,0,0,0,0,3281,1,65500,66.4,4133,2018-10-24 10:47:58 247,68878c5a05cf4824,1017fd798e90
00171255255255255,1,1,0,1,0,0,0,0,0,0,0,0,0,0,0,0,36.0,58.97,6.74,22.9,2,22.8,1,3689,9,3680,1,30.0,8.4,100.0,86,4180,11704,66,243.9,0,0,0,0,0,0,0,0,0,0,0,0,0,0,0,0,0,0,0,0,0,0,0,0,0,0,0,0,0,0,0,0,0,0,0,0,0,0,0,0,0,0,0,0,0,0,0,0,0,0,0,0,0,0,0,0,0,0,0,0,0,0,0,0,0,0,0,0,0,0,0,0,0,0,0,0,0,0,0,0,0,25.5,25.5,23.6,25.7,22.8,22.9,3680,3686,3686,3684,3682,3688,3687,3688,3689,3685,3687,3687,3688,3687,3688,3685,0,0,0,0,0,0,0,0,0,0,0,0,0,0,0,0,0,0,0,3285,1,6863,66.4,3687,2018-10-24 10:47:58 381,68878c5a05cf4824,10166dd8eae8
00081255255255255,1,1,0,1,0,0,0,0,0,0,0,0,0,0,0,0,98.0,66.08,3.85,31.8,2,31.1,1,4136,9,4125,16,30.0,5.75,100.0,7,12576,12934,5,734.4,0,0,0,0,0,0,0,0,0,0,0,0,0,0,0,0,0,0,0,0,0,0,0,0,0,0,0,0,0,0,0,0,0,0,0,0,0,0,0,0,0,0,0,0,0,0,0,0,0,0,0,0,0,0,0,0,0,0,0,0,0,0,0,0,0,0,0,0,0,0,0,0,0,0,0,0,0,0,0,0,0,31.4,31.4,32.0,29.5,31.1,31.8,4130,4131,4133,4133,4130,4130,4127,4130,4136,4128,4133,4130,4130,4133,4128,4125,0,0,0,0,0,0,0,0,0,0,0,0,0,0,0,0,0,0,0,3278,1,4051,66.4,4133,2018-10-24 10:47:58 910,b7ccf35a03cf4824,10197dba830d
00043255255255255,1,1,0,1,0,0,0,0,0,0,0,0,0,0,0,0,96.0,66.06,4.05,32.1,2,31.1,1,4136,13,4121,2,30.0,5.95,100.0,6,12640,13295,9,738.1,0,0,0,0,0,0,0,0,0,0,0,0,0,0,0,0,0,0,0,0,0,0,0,0,0,0,0,0,0,0,0,0,0,0,0,0,0,0,0,0,0,0,0,0,0,0,0,0,0,0,0,0,0,0,0,0,0,0,0,0,0,0,0,0,0,0,0,0,0,0,0,0,0,0,0,0,0,0,0,0,0,32.8,32.8,32.4,29.5,31.1,32.1,4126,4121,4124,4127,4126,4124,4127,4134,4133,4130,4127,4131,4136,4135,4128,4134,0,0,0,0,0,0,0,0,0,0,0,0,0,0,0,0,0,0,0,3296,2,4106,66.4,4137,2018-10-24 10:47:59 042,b7ccf35a03cf4824,1019a38709f4
0009255255255255,1,1,0,1,0,0,0,0,0,0,0,0,0,0,0,0,78.0,63.79,5.46,26.4,2,25.5,1,3996,9,3982,1,30.0,5.5,100.0,182,6286,8062,19,367.1,0,0,0,0,0,0,0,0,0,0,0,0,0,0,0,0,0,0,0,0,0,0,0,0,0,0,0,0,0,0,0,0,0,0,0,0,0,0,0,0,0,0,0,0,0,0,0,0,0,0,0,0,0,0,0,0,0,0,0,0,0,0,0,0,0,0,0,0,0,0,0,0,0,0,0,0,0,0,0,0,0,22.7,22.7,26.4,23.0,25.5,26.4,3982,3984,3984,3986,3984,3986,3987,3989,3996,3987,3984,3989,3984,3987,3987,3996,0,0,0,0,0,0,0,0,0,0,0,0,0,0,0,0,0,0,0,3292,1,5556,66.4,3993,2018-10-24 10:48:01 813,5ce8e35a05ee6c24,101141a89e61
00625255255255255,1,1,0,1,0,0,0,0,0,0,0,0,0,0,0,0,71.0,61.04,0.0,17.4,1,17.4,1,3822,3,3804,4,29.4,6.0,100.0,134,8393,11849,740,490.1,0,0,0,0,0,0,0,0,0,0,0,0,0,0,0,0,0,0,0,0,0,0,0,0,0,0,0,0,0,0,0,0,0,0,0,0,0,0,0,0,0,0,0,0,0,0,0,0,0,0,0,0,0,0,0,0,0,0,0,0,0,0,0,0,0,0,0,0,0,0,0,0,0,0,0,0,0,0,0,0,0,16.3,16.3,17.3,17.6,17.4,17.4,3821,3820,3822,3804,3809,3813,3807,3821,3809,3815,3819,3820,3820,3811,3813,3822,0,0,0,0,0,0,0,0,0,0,0,0,0,0,0,0,0,0,0,3301,1,0,66.4,3826,2018-10-24 10:48:01 838,5ce8e35a05ee6c24,1013ebd8aade
00010255255255255,1,1,0,1,0,0,0,0,0,0,0,0,0,0,0,0,60.0,61.04,7.04,29.6,2,28.4,1,3822,9,3813,7,30.0,8.4,100.0,8,8271,13825,47,482.9,0,0,0,0,0,0,0,0,0,0,0,0,0,0,0,0,0,0,0,0,0,0,0,0,0,0,0,0,0,0,0,0,0,0,0,0,0,0,0,0,0,0,0,0,0,0,0,0,0,0,0,0,0,0,0,0,0,0,0,0,0,0,0,0,0,0,0,0,0,0,0,0,0,0,0,0,0,0,0,0,0,29.4,29.4,29.3,25.1,28.4,29.6,3815,3818,3816,3815,3815,3816,3813,3817,3822,3816,3813,3815,3814,3814,3815,3813,0,0,0,0,0,0,0,0,0,0,0,0,0,0,0,0,0,0,0,3285,1,7187,66.4,3822,2018-10-24 10:48:01 990,f98b8c5a03623c24,10199c123613
00186255255255255,1,1,0,1,0,0,0,0,0,0,0,0,0,0,0,0,74.0,61.09,4.95,21.6,2,21.4,1,3824,16,3815,1,30.0,8.4,96.0,47,8174,11163,36,477.3,0,0,0,0,0,0,0,0,0,0,0,0,0,0,0,0,0,0,0,0,0,0,0,0,0,0,0,0,0,0,0,0,0,0,0,0,0,0,0,0,0,0,0,0,0,0,0,0,0,0,0,0,0,0,0,0,0,0,0,0,0,0,0,0,0,0,0,0,0,0,0,0,0,0,0,0,0,0,0,0,0,22.7,22.7,21.9,21.4,21.4,21.6,3815,3818,3818,3819,3818,3816,3817,3818,3821,3817,3817,3818,3819,3819,3817,3824,0,0,0,0,0,0,0,0,0,0,0,0,0,0,0,0,0,0,0,3295,1,5039,65.6,3829,2018-10-24 10:48:02 373,38a08c5a06f8c924,10183a4cdf51
000218255255255255,1,1,0,1,1,0,0,0,0,0,0,0,0,0,0,0,83.0,63.98,4.87,25.4,2,24.4,1,4006,16,3978,11,29.5,6.0,100.0,111,10719,13005,28,625.9,0,0,0,0,0,0,0,0,0,0,0,0,0,0,0,0,0,0,0,0,0,0,0,0,0,0,0,0,0,0,0,0,0,0,0,0,0,0,0,0,0,0,0,0,0,0,0,0,0,0,0,0,0,0,0,0,0,0,0,0,0,0,0,0,0,0,0,0,0,0,0,0,0,0,0,0,0,0,0,0,0,25.2,25.2,25.5,23.6,24.4,25.4,4000,4002,4002,4000,3999,3999,4001,3999,4001,3997,3978,4002,4001,4000,4002,4006,1,0,1,0,0,0,1,0,1,0,0,0,1,0,1,0,0,0,0,3292,2,5024,66.4,4016,2018-10-24 10:48:02 455,38a08c5a06f8c924,101682f1e4a5
005180255255255255,1,1,0,1,0,0,0,0,0,0,0,0,0,0,0,0,61.0,59.47,5.01,25.1,2,24.8,1,3720,9,3714,1,30.0,8.4,97.0,51,6463,10686,50,377.4,0,0,0,0,0,0,0,0,0,0,0,0,0,0,0,0,0,0,0,0,0,0,0,0,0,0,0,0,0,0,0,0,0,0,0,0,0,0,0,0,0,0,0,0,0,0,0,0,0,0,0,0,0,0,0,0,0,0,0,0,0,0,0,0,0,0,0,0,0,0,0,0,0,0,0,0,0,0,0,0,0,24.9,24.9,25.5,24.8,24.8,25.1,3714,3719,3718,3719,3714,3714,3717,3718,3720,3716,3718,3718,3719,3719,3718,3718,0,0,0,0,0,0,0,0,0,0,0,0,0,0,0,0,0,0,0,3288,1,5037,65.6,3726,2018-10-24 10:48:04 532,038d8c5a05cf4824,10181c528196
00135255255255255,1,1,0,1,0,0,0,0,0,0,0,0,0,0,0,0,61.0,60.33,5.01,22.0,2,21.6,1,3777,9,3769,3,30.0,8.4,100.0,60,7927,13181,62,462.9,0,0,0,0,0,0,0,0,0,0,0,0,0,0,0,0,0,0,0,0,0,0,0,0,0,0,0,0,0,0,0,0,0,0,0,0,0,0,0,0,0,0,0,0,0,0,0,0,0,0,0,0,0,0,0,0,0,0,0,0,0,0,0,0,0,0,0,0,0,0,0,0,0,0,0,0,0,0,0,0,0,21.8,21.8,22.1,23.1,21.6,22.0,3771,3772,3769,3770,3770,3769,3771,3770,3777,3770,3769,3771,3770,3772,3769,3776,0,0,0,0,0,0,0,0,0,0,0,0,0,0,0,0,0,0,0,3287,1,5099,66.4,3778,2018-10-24 10:48:04 535,038d8c5a05cf4824,1016ad63747d
001198255255255255,1,1,0,1,0,0,0,0,0,0,0,0,0,0,0,0,49.0,59.31,6.92,22.3,2,21.6,1,3714,9,3702,1,30.0,8.4,97.0,43,5433,11250,50,317.2,0,0,0,0,0,0,0,0,0,0,0,0,0,0,0,0,0,0,0,0,0,0,0,0,0,0,0,0,0,0,0,0,0,0,0,0,0,0,0,0,0,0,0,0,0,0,0,0,0,0,0,0,0,0,0,0,0,0,0,0,0,0,0,0,0,0,0,0,0,0,0,0,0,0,0,0,0,0,0,0,0,19.6,19.6,22.3,22.6,21.6,22.3,3702,3707,3707,3707,3706,3705,3708,3707,3714,3707,3707,3706,3707,3706,3707,3709,0,0,0,0,0,0,0,0,0,0,0,0,0,0,0,0,0,0,0,3304,1,7000,65.6,3717,2018-10-24 10:48:06 799,0ccdf35a03cf4824,1018790e0143
000136255255255255,1,1,0,1,0,0,0,0,0,0,0,0,0,0,0,0,38.0,59.71,6.83,23.7,2,23.4,1,3741,16,3727,3,29.85,8.4,100.0,27,4627,12264,67,270.2,0,0,0,0,0,0,0,0,0,0,0,0,0,0,0,0,0,0,0,0,0,0,0,0,0,0,0,0,0,0,0,0,0,0,0,0,0,0,0,0,0,0,0,0,0,0,0,0,0,0,0,0,0,0,0,0,0,0,0,0,0,0,0,0,0,0,0,0,0,0,0,0,0,0,0,0,0,0,0,0,0,22.0,22.0,23.3,21.9,23.4,23.7,3730,3730,3727,3730,3730,3731,3729,3732,3740,3733,3732,3730,3732,3735,3733,3741,0,0,0,0,0,0,0,0,0,0,0,0,0,0,0,0,0,0,0,3299,1,6777,66.4,3741,2018-10-24 10:48:06 844,0ccdf35a03cf4824,10158bdc9f20
004188255255255255,1,1,0,1,0,0,0,0,0,0,0,0,0,0,0,0,78.0,62.52,5.91,21.2,2,20.5,1,3916,9,3900,11,30.0,6.0,99.0,109,9064,11755,27,529.3,0,0,0,0,0,0,0,0,0,0,0,0,0,0,0,0,0,0,0,0,0,0,0,0,0,0,0,0,0,0,0,0,0,0,0,0,0,0,0,0,0,0,0,0,0,0,0,0,0,0,0,0,0,0,0,0,0,0,0,0,0,0,0,0,0,0,0,0,0,0,0,0,0,0,0,0,0,0,0,0,0,20.4,20.4,21.3,22.3,20.5,21.2,3904,3908,3908,3908,3909,3908,3910,3912,3916,3908,3900,3904,3904,3904,3904,3914,0,0,0,0,0,0,0,0,0,0,0,0,0,0,0,0,0,0,0,3295,1,5993,66.4,3915,2018-10-24 10:48:09 094,a99e8c5a05cf4824,10141bcb6242
001175255255255255,1,1,0,1,0,0,0,0,0,0,0,0,0,0,0,0,74.0,62.27,5.83,25.8,2,24.9,1,3901,16,3886,1,30.0,6.0,100.0,64,8853,12039,32,517.0,0,0,0,0,0,0,0,0,0,0,0,0,0,0,0,0,0,0,0,0,0,0,0,0,0,0,0,0,0,0,0,0,0,0,0,0,0,0,0,0,0,0,0,0,0,0,0,0,0,0,0,0,0,0,0,0,0,0,0,0,0,0,0,0,0,0,0,0,0,0,0,0,0,0,0,0,0,0,0,0,0,24.6,24.6,26.3,23.4,24.9,25.8,3886,3893,3888,3889,3888,3888,3888,3891,3894,3893,3896,3898,3891,3893,3893,3901,0,0,0,0,0,0,0,0,0,0,0,0,0,0,0,0,0,0,0,3293,1,6041,66.4,3901,2018-10-24 10:48:09 183,a99e8c5a05cf4824,1016a5c8214b
001200255255255255,1,1,0,1,0,0,0,0,0,0,0,0,0,0,0,0,80.0,62.69,6.99,23.9,2,23.6,1,3924,9,3914,1,30.0,8.4,95.0,39,7907,9993,17,461.7,0,0,0,0,0,0,0,0,0,0,0,0,0,0,0,0,0,0,0,0,0,0,0,0,0,0,0,0,0,0,0,0,0,0,0,0,0,0,0,0,0,0,0,0,0,0,0,0,0,0,0,0,0,0,0,0,0,0,0,0,0,0,0,0,0,0,0,0,0,0,0,0,0,0,0,0,0,0,0,0,0,24.6,24.6,23.7,23.7,23.6,23.9,3914,3916,3915,3916,3915,3918,3920,3921,3924,3920,3918,3917,3918,3919,3917,3922,0,0,0,0,0,0,0,0,0,0,0,0,0,0,0,0,0,0,0,3302,1,7113,65.6,3929,2018-10-24 10:48:10 697,0bcef35a03cf4824,10183daaa36d
000163255255255255,1,1,0,1,1,0,0,0,0,0,0,0,0,0,0,0,99.0,65.73,3.33,22.3,2,21.6,1,4127,10,3912,16,30.0,6.0,100.0,116,11819,11939,2,690.2,0,0,0,0,0,0,0,0,0,0,0,0,0,0,0,0,0,0,0,0,0,0,0,0,0,0,0,0,0,0,0,0,0,0,0,0,0,0,0,0,0,0,0,0,0,0,0,0,0,0,0,0,0,0,0,0,0,0,0,0,0,0,0,0,0,0,0,0,0,0,0,0,0,0,0,0,0,0,0,0,0,23.5,23.5,22.3,20.5,21.6,22.3,4123,4124,4122,4121,4117,4119,4126,4124,4119,4127,4125,4121,4117,4120,4122,3912,0,1,0,1,0,1,0,1,0,1,0,1,0,1,0,0,0,0,0,3291,1,3545,66.4,4136,2018-10-24 10:48:10 847,299e8c5a03623c24,1014b9dcb6c6
00112255255255255,1,1,0,1,0,0,0,0,0,0,0,0,0,0,0,0,45.0,59.3,7.07,21.3,2,20.9,1,3712,16,3703,8,30.0,8.4,100.0,65,5742,12768,59,335.3,0,0,0,0,0,0,0,0,0,0,0,0,0,0,0,0,0,0,0,0,0,0,0,0,0,0,0,0,0,0,0,0,0,0,0,0,0,0,0,0,0,0,0,0,0,0,0,0,0,0,0,0,0,0,0,0,0,0,0,0,0,0,0,0,0,0,0,0,0,0,0,0,0,0,0,0,0,0,0,0,0,20.7,20.7,21.4,22.9,20.9,21.3,3704,3708,3708,3710,3707,3706,3706,3703,3709,3704,3706,3706,3707,3708,3704,3712,0,0,0,0,0,0,0,0,0,0,0,0,0,0,0,0,0,0,0,3302,1,7183,66.4,3716,2018-10-24 10:48:11 932,49e8e35a05ee6c24,1016b074a84b
006173255255255255,1,1,0,1,0,0,0,0,0,0,0,0,0,0,0,0,74.0,62.19,0.0,22.6,2,22.5,1,3893,8,3880,7,30.0,5.0,87.0,190,6443,8759,2316,376.2,0,0,0,0,0,0,0,0,0,0,0,0,0,0,0,0,0,0,0,0,0,0,0,0,0,0,0,0,0,0,0,0,0,0,0,0,0,0,0,0,0,0,0,0,0,0,0,0,0,0,0,0,0,0,0,0,0,0,0,0,0,0,0,0,0,0,0,0,0,0,0,0,0,0,0,0,0,0,0,0,0,22.8,22.8,22.9,19.4,22.5,22.6,3886,3889,3889,3887,3888,3885,3880,3893,3889,3886,3885,3886,3888,3883,3888,3892,0,0,0,0,0,0,0,0,0,0,0,0,0,0,0,0,287,65462,64470,3288,1,0,66.4,3884,2018-10-24 10:48:11 950,fa8c8c5a03623c24,100c3298cb6b
000204255255255255,1,1,0,1,0,0,0,0,0,0,0,0,0,0,0,0,99.0,65.93,4.9,29.7,2,28.6,1,4130,2,4114,12,30.0,6.0,100.0,54,11713,11832,1,684.0,0,0,0,0,0,0,0,0,0,0,0,0,0,0,0,0,0,0,0,0,0,0,0,0,0,0,0,0,0,0,0,0,0,0,0,0,0,0,0,0,0,0,0,0,0,0,0,0,0,0,0,0,0,0,0,0,0,0,0,0,0,0,0,0,0,0,0,0,0,0,0,0,0,0,0,0,0,0,0,0,0,29.7,29.7,29.8,27.5,28.6,29.7,4118,4130,4126,4121,4123,4122,4121,4122,4123,4118,4123,4114,4120,4116,4125,4117,0,0,0,0,0,0,0,0,0,0,0,0,0,0,0,0,0,0,0,3284,2,4846,66.4,4130,2018-10-24 10:48:12 020,49e8e35a05ee6c24,10179d52b128
000162255255255255,1,1,0,1,0,0,0,0,0,0,0,0,0,0,0,0,83.0,64.33,5.98,22.5,2,22.2,1,4025,14,4014,8,30.0,6.0,100.0,49,10515,12678,21,614.0,0,0,0,0,0,0,0,0,0,0,0,0,0,0,0,0,0,0,0,0,0,0,0,0,0,0,0,0,0,0,0,0,0,0,0,0,0,0,0,0,0,0,0,0,0,0,0,0,0,0,0,0,0,0,0,0,0,0,0,0,0,0,0,0,0,0,0,0,0,0,0,0,0,0,0,0,0,0,0,0,0,24.2,24.2,22.5,22.7,22.2,22.5,4021,4019,4022,4022,4023,4019,4021,4014,4022,4023,4019,4022,4021,4025,4023,4018,0,0,0,0,0,0,0,0,0,0,0,0,0,0,0,0,0,0,0,3286,3,6108,66.4,4035,2018-10-24 10:48:12 038,49e8e35a05ee6c24,101808c53adc
001220255255255255,1,1,0,1,0,0,0,0,0,0,0,0,0,0,0,0,95.0,65.97,3.21,33.0,2,31.9,1,4129,15,4109,1,30.0,5.81,100.0,111,12617,13318,13,736.8,0,0,0,0,0,0,0,0,0,0,0,0,0,0,0,0,0,0,0,0,0,0,0,0,0,0,0,0,0,0,0,0,0,0,0,0,0,0,0,0,0,0,0,0,0,0,0,0,0,0,0,0,0,0,0,0,0,0,0,0,0,0,0,0,0,0,0,0,0,0,0,0,0,0,0,0,0,0,0,0,0,31.9,31.9,32.8,30.2,31.9,33.0,4109,4122,4120,4124,4120,4123,4125,4123,4124,4125,4127,4128,4128,4124,4129,4128,0,0,0,0,0,0,0,0,0,0,0,0,0,0,0,0,0,0,0,3297,2,3325,66.4,4115,2018-10-24 10:48:12 045,49e8e35a05ee6c24,101674c21519
00028255255255255,1,1,0,1,0,0,0,0,0,0,0,0,0,0,0,0,99.0,65.7,5.97,28.4,2,27.7,1,4118,9,4102,1,30.0,6.0,100.0,11,12586,12714,1,735.0,0,0,0,0,0,0,0,0,0,0,0,0,0,0,0,0,0,0,0,0,0,0,0,0,0,0,0,0,0,0,0,0,0,0,0,0,0,0,0,0,0,0,0,0,0,0,0,0,0,0,0,0,0,0,0,0,0,0,0,0,0,0,0,0,0,0,0,0,0,0,0,0,0,0,0,0,0,0,0,0,0,28.9,28.9,28.3,26.3,27.7,28.4,4102,4108,4105,4106,4103,4108,4109,4103,4118,4107,4106,4106,4107,4108,4106,4106,0,0,0,0,0,0,0,0,0,0,0,0,0,0,0,0,0,0,0,3294,4,5742,66.4,4113,2018-10-24 10:48:12 119,49e8e35a05ee6c24,101a282c9c91
00017255255255255,1,1,0,1,0,0,0,0,0,0,0,0,0,0,0,0,71.0,61.8,6.26,22.7,2,22.1,1,3874,16,3860,1,30.0,6.0,100.0,15,7765,11069,31,453.4,0,0,0,0,0,0,0,0,0,0,0,0,0,0,0,0,0,0,0,0,0,0,0,0,0,0,0,0,0,0,0,0,0,0,0,0,0,0,0,0,0,0,0,0,0,0,0,0,0,0,0,0,0,0,0,0,0,0,0,0,0,0,0,0,0,0,0,0,0,0,0,0,0,0,0,0,0,0,0,0,0,24.0,24.0,22.8,21.7,22.1,22.7,3860,3865,3863,3861,3862,3862,3862,3860,3868,3863,3860,3861,3860,3860,3861,3874,0,0,0,0,0,0,0,0,0,0,0,0,0,0,0,0,0,0,0,3301,1,6529,66.4,3878,2018-10-24 10:48:12 554,bc8d8c5a06f8c924,1019dca4a85c
00229255255255255,1,1,0,1,0,0,0,0,0,0,0,0,0,0,0,0,87.0,64.36,5.96,27.9,1,27.7,2,4026,7,4014,12,30.0,6.0,100.0,111,10928,12606,16,638.1,0,0,0,0,0,0,0,0,0,0,0,0,0,0,0,0,0,0,0,0,0,0,0,0,0,0,0,0,0,0,0,0,0,0,0,0,0,0,0,0,0,0,0,0,0,0,0,0,0,0,0,0,0,0,0,0,0,0,0,0,0,0,0,0,0,0,0,0,0,0,0,0,0,0,0,0,0,0,0,0,0,34.8,34.8,28.5,29.8,27.9,27.7,4023,4024,4022,4020,4025,4022,4026,4026,4024,4025,4025,4014,4023,4024,4026,4020,0,0,0,0,0,0,0,0,0,0,0,0,0,0,0,0,0,0,0,3291,1,6122,66.4,4032,2018-10-24 10:48:12 625,7a73b35a0670cb24,101479ba79b5
002156255255255255,1,1,0,1,0,0,0,0,0,0,0,0,0,0,0,0,32.0,59.27,7.08,22.8,2,22.3,1,3708,9,3700,1,30.0,8.4,100.0,31,4023,12646,73,234.9,0,0,0,0,0,0,0,0,0,0,0,0,0,0,0,0,0,0,0,0,0,0,0,0,0,0,0,0,0,0,0,0,0,0,0,0,0,0,0,0,0,0,0,0,0,0,0,0,0,0,0,0,0,0,0,0,0,0,0,0,0,0,0,0,0,0,0,0,0,0,0,0,0,0,0,0,0,0,0,0,0,21.4,21.4,22.6,22.7,22.3,22.8,3700,3705,3706,3706,3703,3704,3707,3706,3708,3703,3705,3707,3700,3706,3704,3705,0,0,0,0,0,0,0,0,0,0,0,0,0,0,0,0,0,0,0,3283,1,7198,66.4,3713,2018-10-24 10:48:12 705,bc8d8c5a06f8c924,1017dc237f2c
0027255255255255,1,1,0,1,0,0,0,0,0,0,0,0,0,0,0,0,47.0,59.8,6.97,22.9,1,22.9,1,3741,9,3732,1,30.0,8.4,100.0,51,5881,12662,58,343.4,0,0,0,0,0,0,0,0,0,0,0,0,0,0,0,0,0,0,0,0,0,0,0,0,0,0,0,0,0,0,0,0,0,0,0,0,0,0,0,0,0,0,0,0,0,0,0,0,0,0,0,0,0,0,0,0,0,0,0,0,0,0,0,0,0,0,0,0,0,0,0,0,0,0,0,0,0,0,0,0,0,22.5,22.5,23.4,24.5,22.9,22.9,3732,3737,3738,3738,3737,3734,3738,3737,3741,3740,3739,3739,3739,3740,3737,3741,0,0,0,0,0,0,0,0,0,0,0,0,0,0,0,0,0,0,0,3297,1,7105,66.4,3746,2018-10-24 10:48:12 736,bc8d8c5a06f8c924,1017c5bbe1e4
255255255255255255255255,1,1,0,1,0,0,0,0,0,0,0,0,0,0,0,0,60.0,61.58,6.97,22.1,2,21.6,1,3857,9,3845,15,30.0,8.4,100.0,1,7237,12164,42,422.6,0,0,0,0,0,0,0,0,0,0,0,0,0,0,0,0,0,0,0,0,0,0,0,0,0,0,0,0,0,0,0,0,0,0,0,0,0,0,0,0,0,0,0,0,0,0,0,0,0,0,0,0,0,0,0,0,0,0,0,0,0,0,0,0,0,0,0,0,0,0,0,0,0,0,0,0,0,0,0,0,0,23.0,23.0,22.7,20.4,21.6,22.1,3848,3849,3847,3848,3850,3849,3851,3850,3857,3851,3848,3848,3847,3846,3845,3850,0,0,0,0,0,0,0,0,0,0,0,0,0,0,0,0,0,0,0,3295,0,7194,66.4,3863,2018-10-24 10:48:14 325,58cd875a03ee6c24,1019e51105f4
00046255255255255,1,1,0,1,0,0,0,0,0,0,0,0,0,0,0,0,83.0,62.45,3.87,24.7,2,23.6,1,3910,16,3901,2,20.44,6.0,99.0,15,9770,11839,32,570.5,0,0,0,0,0,0,0,0,0,0,0,0,0,0,0,0,0,0,0,0,0,0,0,0,0,0,0,0,0,0,0,0,0,0,0,0,0,0,0,0,0,0,0,0,0,0,0,0,0,0,0,0,0,0,0,0,0,0,0,0,0,0,0,0,0,0,0,0,0,0,0,0,0,0,0,0,0,0,0,0,0,24.8,24.8,25.1,22.9,23.6,24.7,3903,3901,3903,3902,3902,3901,3901,3905,3906,3903,3902,3903,3904,3904,3903,3910,0,0,0,0,0,0,0,0,0,0,0,0,0,0,0,0,0,0,0,3295,2,3958,66.4,3911,2018-10-24 10:48:15 098,e09d8c5a05cf4824,1019ec133907
00028255255255255,1,1,0,1,0,0,0,0,0,0,0,0,0,0,0,0,99.0,66.26,0.72,29.9,2,28.9,1,4146,10,4135,12,30.0,1.62,100.0,6,12876,13007,10,751.9,0,0,0,0,0,0,0,0,0,0,0,0,0,0,0,0,0,0,0,0,0,0,0,0,0,0,0,0,0,0,0,0,0,0,0,0,0,0,0,0,0,0,0,0,0,0,0,0,0,0,0,0,0,0,0,0,0,0,0,0,0,0,0,0,0,0,0,0,0,0,0,0,0,0,0,0,0,0,0,0,0,30.2,30.2,29.4,28.7,28.9,29.9,4141,4142,4141,4139,4140,4142,4142,4138,4141,4146,4145,4135,4141,4145,4137,4146,0,0,0,0,0,0,0,0,0,0,0,0,0,0,0,0,0,0,0,3284,1,839,66.4,4142,2018-10-24 10:48:16 569,02cd875a03ee6c24,1019ecfb4c1e
255255255255255255255255,1,1,0,1,0,0,0,0,0,0,0,0,0,0,0,0,80.0,64.16,5.95,25.9,2,24.9,1,4020,9,4000,4,30.0,6.0,100.0,4,10788,13504,27,629.9,0,0,0,0,0,0,0,0,0,0,0,0,0,0,0,0,0,0,0,0,0,0,0,0,0,0,0,0,0,0,0,0,0,0,0,0,0,0,0,0,0,0,0,0,0,0,0,0,0,0,0,0,0,0,0,0,0,0,0,0,0,0,0,0,0,0,0,0,0,0,0,0,0,0,0,0,0,0,0,0,0,26.2,26.2,26.3,23.5,24.9,25.9,4001,4003,4010,4000,4008,4009,4010,4012,4020,4014,4011,4012,4012,4012,4013,4013,0,0,0,0,0,0,0,0,0,0,0,0,0,0,0,0,0,0,0,3290,1,6076,66.4,4015,2018-10-24 10:48:17 264,82e8e35a05ee6c24,101a5c9099c5
002180255255255255,1,1,0,1,0,0,0,0,0,0,0,0,0,0,0,0,78.0,63.33,6.03,27.8,2,27.0,1,3964,16,3955,6,30.0,6.0,100.0,132,10378,13452,30,606.0,0,0,0,0,0,0,0,0,0,0,0,0,0,0,0,0,0,0,0,0,0,0,0,0,0,0,0,0,0,0,0,0,0,0,0,0,0,0,0,0,0,0,0,0,0,0,0,0,0,0,0,0,0,0,0,0,0,0,0,0,0,0,0,0,0,0,0,0,0,0,0,0,0,0,0,0,0,0,0,0,0,25.5,25.5,28.1,25.1,27.0,27.8,3958,3957,3958,3959,3960,3955,3958,3960,3955,3958,3959,3960,3960,3957,3961,3964,0,0,0,0,0,0,0,0,0,0,0,0,0,0,0,0,0,0,0,3294,1,6267,66.4,3970,2018-10-24 10:48:17 327,82e8e35a05ee6c24,1016314d2681
000158255255255255,1,1,0,1,0,0,0,0,0,0,0,0,0,0,0,0,40.0,59.94,6.96,28.2,2,27.9,1,3752,9,3738,10,30.0,8.4,96.0,17,2132,5334,27,124.5,0,0,0,0,0,0,0,0,0,0,0,0,0,0,0,0,0,0,0,0,0,0,0,0,0,0,0,0,0,0,0,0,0,0,0,0,0,0,0,0,0,0,0,0,0,0,0,0,0,0,0,0,0,0,0,0,0,0,0,0,0,0,0,0,0,0,0,0,0,0,0,0,0,0,0,0,0,0,0,0,0,29.1,29.1,28.9,26.3,27.9,28.2,3743,3747,3746,3745,3745,3747,3747,3748,3752,3738,3748,3749,3748,3748,3747,3746,0,0,0,0,0,0,0,0,0,0,0,0,0,0,0,0,0,0,0,3289,1,7122,65.6,3752,2018-10-24 10:48:17 390,82e8e35a05ee6c24,101868c9c5d9
001197255255255255,1,1,0,1,0,0,0,0,0,0,0,0,0,0,0,0,16.0,57.1,6.95,29.3,2,27.8,1,3577,9,3565,4,30.0,8.4,100.0,72,1836,12012,87,107.2,0,0,0,0,0,0,0,0,0,0,0,0,0,0,0,0,0,0,0,0,0,0,0,0,0,0,0,0,0,0,0,0,0,0,0,0,0,0,0,0,0,0,0,0,0,0,0,0,0,0,0,0,0,0,0,0,0,0,0,0,0,0,0,0,0,0,0,0,0,0,0,0,0,0,0,0,0,0,0,0,0,27.1,27.1,29.3,25.6,27.8,29.3,3568,3569,3568,3565,3565,3568,3572,3570,3577,3571,3568,3568,3568,3570,3569,3567,0,0,0,0,0,0,0,0,0,0,0,0,0,0,0,0,0,0,0,3297,1,7142,66.4,3578,2018-10-24 10:48:17 388,82e8e35a05ee6c24,1017c8a7307b
00322255255255255,1,1,0,1,0,0,0,0,0,0,0,0,0,0,0,0,37.0,58.69,6.99,23.0,2,22.3,1,3676,9,3664,11,19.26,7.7,100.0,130,3973,10897,59,232.0,0,0,0,0,0,0,0,0,0,0,0,0,0,0,0,0,0,0,0,0,0,0,0,0,0,0,0,0,0,0,0,0,0,0,0,0,0,0,0,0,0,0,0,0,0,0,0,0,0,0,0,0,0,0,0,0,0,0,0,0,0,0,0,0,0,0,0,0,0,0,0,0,0,0,0,0,0,0,0,0,0,19.1,19.1,23.0,21.3,22.3,23.0,3666,3669,3666,3668,3666,3666,3669,3668,3676,3669,3664,3667,3669,3669,3670,3674,0,0,0,0,0,0,0,0,0,0,0,0,0,0,0,0,0,0,0,3289,1,6858,66.4,3678,2018-10-24 10:48:17 392,82e8e35a05ee6c24,101445546c9c
000107255255255255,1,1,0,1,0,0,0,0,0,0,0,0,0,0,0,0,60.0,60.79,7.01,25.1,2,24.6,1,3808,9,3796,11,20.16,8.4,100.0,19,7612,12760,44,444.5,0,0,0,0,0,0,0,0,0,0,0,0,0,0,0,0,0,0,0,0,0,0,0,0,0,0,0,0,0,0,0,0,0,0,0,0,0,0,0,0,0,0,0,0,0,0,0,0,0,0,0,0,0,0,0,0,0,0,0,0,0,0,0,0,0,0,0,0,0,0,0,0,0,0,0,0,0,0,0,0,0,25.2,25.2,25.6,23.2,24.6,25.1,3797,3801,3798,3797,3799,3801,3803,3801,3808,3801,3796,3798,3799,3799,3799,3798,0,0,0,0,0,0,0,0,0,0,0,0,0,0,0,0,0,0,0,3281,0,7274,66.4,3812,2018-10-24 10:48:17 667,52e8e35a04f22124,10198ddb5d58
00186255255255255,1,1,0,1,0,0,0,0,0,0,0,0,0,0,0,0,62.0,61.1,5.99,25.0,2,24.5,1,3822,9,3816,6,30.0,8.4,100.0,29,7699,12514,48,449.6,0,0,0,0,0,0,0,0,0,0,0,0,0,0,0,0,0,0,0,0,0,0,0,0,0,0,0,0,0,0,0,0,0,0,0,0,0,0,0,0,0,0,0,0,0,0,0,0,0,0,0,0,0,0,0,0,0,0,0,0,0,0,0,0,0,0,0,0,0,0,0,0,0,0,0,0,0,0,0,0,0,22.9,22.9,25.2,23.5,24.5,25.0,3819,3820,3818,3818,3818,3816,3820,3821,3822,3819,3818,3820,3820,3819,3818,3817,0,0,0,0,0,0,0,0,0,0,0,0,0,0,0,0,0,0,0,3293,2,6110,66.4,3830,2018-10-24 10:48:19 541,46f4e35a05ee6c24,1017d22d1dd0
00040255255255255,1,1,0,1,0,0,0,0,0,0,0,0,0,0,0,0,42.0,59.78,5.96,25.7,2,24.6,1,3742,9,3734,8,30.0,8.4,100.0,3,4839,11765,69,282.5,0,0,0,0,0,0,0,0,0,0,0,0,0,0,0,0,0,0,0,0,0,0,0,0,0,0,0,0,0,0,0,0,0,0,0,0,0,0,0,0,0,0,0,0,0,0,0,0,0,0,0,0,0,0,0,0,0,0,0,0,0,0,0,0,0,0,0,0,0,0,0,0,0,0,0,0,0,0,0,0,0,24.0,24.0,25.4,22.4,24.6,25.7,3736,3737,3736,3736,3735,3736,3737,3734,3742,3737,3735,3737,3738,3735,3737,3739,0,0,0,0,0,0,0,0,0,0,0,0,0,0,0,0,0,0,0,3287,9,6112,66.4,3743,2018-10-24 10:48:19 679,46f4e35a05ee6c24,101965988dac
00161255255255255,1,1,0,1,0,0,0,0,0,0,0,0,0,0,0,0,63.0,61.18,6.95,25.7,2,25.3,1,3827,15,3821,9,28.6,8.4,100.0,78,8100,12960,41,473.0,0,0,0,0,0,0,0,0,0,0,0,0,0,0,0,0,0,0,0,0,0,0,0,0,0,0,0,0,0,0,0,0,0,0,0,0,0,0,0,0,0,0,0,0,0,0,0,0,0,0,0,0,0,0,0,0,0,0,0,0,0,0,0,0,0,0,0,0,0,0,0,0,0,0,0,0,0,0,0,0,0,26.6,26.6,25.7,24.0,25.3,25.7,3822,3824,3823,3825,3823,3825,3825,3824,3821,3826,3823,3824,3826,3824,3827,3822,0,0,0,0,0,0,0,0,0,0,0,0,0,0,0,0,0,0,0,3291,2,7064,66.4,3833,2018-10-24 10:48:20 131,278c8c5a03623c24,101793c68538
001169255255255255,1,1,0,1,0,0,0,0,0,0,0,0,0,0,0,0,99.0,64.49,0.0,22.4,2,22.1,1,4037,16,4024,2,18.06,6.0,100.0,62,11668,11786,18,681.4,0,0,0,0,0,0,0,0,0,0,0,0,0,0,0,0,0,0,0,0,0,0,0,0,0,0,0,0,0,0,0,0,0,0,0,0,0,0,0,0,0,0,0,0,0,0,0,0,0,0,0,0,0,0,0,0,0,0,0,0,0,0,0,0,0,0,0,0,0,0,0,0,0,0,0,0,0,0,0,0,0,22.4,22.4,21.9,22.1,22.1,22.4,4028,4024,4029,4029,4029,4029,4024,4034,4034,4034,4033,4032,4031,4032,4035,4037,0,0,0,0,0,0,0,0,0,0,0,0,0,0,0,0,0,0,0,3292,1,0,66.4,4035,2018-10-24 10:48:20 139,278c8c5a03623c24,10166df62851
000115255255255255,1,1,0,1,0,0,0,0,0,0,0,0,0,0,0,0,99.0,65.9,3.66,30.2,2,29.9,1,4122,5,4113,6,30.0,6.0,100.0,30,11786,11906,1,688.3,0,0,0,0,0,0,0,0,0,0,0,0,0,0,0,0,0,0,0,0,0,0,0,0,0,0,0,0,0,0,0,0,0,0,0,0,0,0,0,0,0,0,0,0,0,0,0,0,0,0,0,0,0,0,0,0,0,0,0,0,0,0,0,0,0,0,0,0,0,0,0,0,0,0,0,0,0,0,0,0,0,29.7,29.7,30.6,27.4,29.9,30.2,4119,4116,4121,4118,4122,4113,4120,4121,4121,4122,4115,4122,4121,4114,4117,4118,0,0,0,0,0,0,0,0,0,0,0,0,0,0,0,0,0,0,0,3280,5,3598,66.4,4122,2018-10-24 10:48:20 247,278c8c5a03623c24,1018252765f1
005183255255255255,1,1,0,1,1,0,0,0,0,0,0,0,0,0,0,0,68.0,61.54,6.99,28.9,2,28.5,1,3854,9,3796,11,17.82,8.4,100.0,106,8451,12569,35,493.5,0,0,0,0,0,0,0,0,0,0,0,0,0,0,0,0,0,0,0,0,0,0,0,0,0,0,0,0,0,0,0,0,0,0,0,0,0,0,0,0,0,0,0,0,0,0,0,0,0,0,0,0,0,0,0,0,0,0,0,0,0,0,0,0,0,0,0,0,0,0,0,0,0,0,0,0,0,0,0,0,0,26.5,26.5,28.9,26.2,28.5,28.9,3849,3850,3850,3849,3850,3851,3849,3848,3854,3850,3796,3850,3850,3851,3851,3847,0,1,0,1,0,1,0,1,0,1,0,1,0,1,0,1,0,0,0,3286,1,7063,66.4,3857,2018-10-24 10:48:20 306,278c8c5a03623c24,1016b3b4302e
001196255255255255,1,1,0,1,1,0,0,0,0,0,0,0,0,0,0,0,72.0,62.07,5.93,27.7,2,26.1,1,3891,9,3816,12,30.0,6.0,100.0,146,9253,12930,37,540.3,0,0,0,0,0,0,0,0,0,0,0,0,0,0,0,0,0,0,0,0,0,0,0,0,0,0,0,0,0,0,0,0,0,0,0,0,0,0,0,0,0,0,0,0,0,0,0,0,0,0,0,0,0,0,0,0,0,0,0,0,0,0,0,0,0,0,0,0,0,0,0,0,0,0,0,0,0,0,0,0,0,28.7,28.7,27.7,25.6,26.1,27.7,3887,3887,3885,3887,3887,3886,3884,3883,3891,3884,3886,3816,3884,3857,3886,3884,0,1,0,1,0,1,0,1,0,1,0,0,0,1,0,1,0,0,0,3277,1,5954,66.4,3889,2018-10-24 10:48:20 742,1ae7e35a04f22124,100ccc4a007d
001153255255255255,1,1,0,1,1,0,0,0,0,0,0,0,0,0,0,0,65.0,60.53,6.93,23.0,2,21.9,1,3885,8,3650,9,29.05,8.4,93.0,33,7016,10915,33,409.7,0,0,0,0,0,0,0,0,0,0,0,0,0,0,0,0,0,0,0,0,0,0,0,0,0,0,0,0,0,0,0,0,0,0,0,0,0,0,0,0,0,0,0,0,0,0,0,0,0,0,0,0,0,0,0,0,0,0,0,0,0,0,0,0,0,0,0,0,0,0,0,0,0,0,0,0,0,0,0,0,0,25.0,25.0,23.0,21.4,21.9,23.0,3773,3776,3777,3777,3777,3774,3775,3885,3650,3883,3779,3781,3781,3780,3780,3787,0,1,0,1,0,1,0,1,0,1,0,1,0,1,0,1,0,0,0,3284,3,6823,65.6,3790,2018-10-24 10:48:20 952,1ae7e35a04f22124,1018389dcc05
001216255255255255,1,1,0,1,0,0,0,0,0,0,0,0,0,0,0,0,91.0,64.31,6.07,31.7,2,31.1,1,4026,16,4014,1,22.48,6.0,96.0,156,10114,11119,9,590.6,0,0,0,0,0,0,0,0,0,0,0,0,0,0,0,0,0,0,0,0,0,0,0,0,0,0,0,0,0,0,0,0,0,0,0,0,0,0,0,0,0,0,0,0,0,0,0,0,0,0,0,0,0,0,0,0,0,0,0,0,0,0,0,0,0,0,0,0,0,0,0,0,0,0,0,0,0,0,0,0,0,30.5,30.5,31.6,32.6,31.1,31.7,4014,4021,4020,4018,4016,4016,4024,4017,4025,4017,4020,4022,4022,4021,4020,4026,0,0,0,0,0,0,0,0,0,0,0,0,0,0,0,0,0,0,0,3287,2,6103,66.4,4025,2018-10-24 10:48:21 095,e3cd875a06a3b724,1013a5a345c5
00041255255255255,1,1,0,1,0,0,0,0,0,0,0,0,0,0,0,0,63.0,61.18,7.09,17.3,2,17.1,1,3834,16,3818,5,30.0,8.4,100.0,4,7496,12037,38,437.7,0,0,0,0,0,0,0,0,0,0,0,0,0,0,0,0,0,0,0,0,0,0,0,0,0,0,0,0,0,0,0,0,0,0,0,0,0,0,0,0,0,0,0,0,0,0,0,0,0,0,0,0,0,0,0,0,0,0,0,0,0,0,0,0,0,0,0,0,0,0,0,0,0,0,0,0,0,0,0,0,0,17.6,17.6,17.3,16.9,17.1,17.3,3821,3824,3821,3822,3818,3818,3824,3820,3830,3821,3827,3828,3825,3829,3823,3834,0,0,0,0,0,0,0,0,0,0,0,0,0,0,0,0,0,0,0,3284,1,7459,66.4,3837,2018-10-24 10:48:21 786,5f8d8c5a03623c24,101a28b6703e
000148255255255255,1,1,0,1,0,0,0,0,0,0,0,0,0,0,0,0,37.0,59.34,6.99,22.7,2,22.3,1,3713,9,3705,11,30.0,8.4,100.0,12,4425,12128,66,258.4,0,0,0,0,0,0,0,0,0,0,0,0,0,0,0,0,0,0,0,0,0,0,0,0,0,0,0,0,0,0,0,0,0,0,0,0,0,0,0,0,0,0,0,0,0,0,0,0,0,0,0,0,0,0,0,0,0,0,0,0,0,0,0,0,0,0,0,0,0,0,0,0,0,0,0,0,0,0,0,0,0,22.7,22.7,23.0,20.2,22.3,22.7,3709,3711,3710,3710,3707,3708,3709,3710,3713,3707,3705,3708,3705,3710,3705,3713,0,0,0,0,0,0,0,0,0,0,0,0,0,0,0,0,0,0,0,3294,1,7053,66.4,3718,2018-10-24 10:48:21 841,5f8d8c5a03623c24,1017a5ccab6b
00246255255255255,1,1,0,1,0,0,0,0,0,0,0,0,0,0,0,0,62.0,60.76,5.42,28.0,2,26.6,1,3801,2,3794,15,30.0,8.4,100.0,106,7214,11655,49,421.2,0,0,0,0,0,0,0,0,0,0,0,0,0,0,0,0,0,0,0,0,0,0,0,0,0,0,0,0,0,0,0,0,0,0,0,0,0,0,0,0,0,0,0,0,0,0,0,0,0,0,0,0,0,0,0,0,0,0,0,0,0,0,0,0,0,0,0,0,0,0,0,0,0,0,0,0,0,0,0,0,0,27.4,27.4,28.1,25.0,26.6,28.0,3797,3801,3798,3800,3798,3796,3796,3795,3800,3798,3797,3798,3797,3798,3794,3798,0,0,0,0,0,0,0,0,0,0,0,0,0,0,0,0,0,0,0,3288,1,5534,66.4,3802,2018-10-24 10:48:21 842,639d8c5a03623c24,1016758bc30d
001225255255255255,1,1,0,1,0,0,0,0,0,0,0,0,0,0,0,0,92.0,65.39,5.99,21.9,2,21.5,1,4094,16,4083,6,30.0,6.0,100.0,47,11082,12176,10,647.1,0,0,0,0,0,0,0,0,0,0,0,0,0,0,0,0,0,0,0,0,0,0,0,0,0,0,0,0,0,0,0,0,0,0,0,0,0,0,0,0,0,0,0,0,0,0,0,0,0,0,0,0,0,0,0,0,0,0,0,0,0,0,0,0,0,0,0,0,0,0,0,0,0,0,0,0,0,0,0,0,0,22.3,22.3,22.3,19.6,21.5,21.9,4086,4090,4084,4087,4088,4083,4084,4089,4089,4085,4088,4090,4088,4087,4086,4094,0,0,0,0,0,0,0,0,0,0,0,0,0,0,0,0,0,0,0,3283,1,6198,66.4,4091,2018-10-24 10:48:21 958,5f8d8c5a03623c24,1017aaa51c66
002193255255255255,1,1,0,1,0,0,0,0,0,0,0,0,0,0,0,0,75.0,62.14,6.04,27.6,2,27.2,1,3897,16,3877,4,30.0,6.0,100.0,94,8804,11870,30,514.1,0,0,0,0,0,0,0,0,0,0,0,0,0,0,0,0,0,0,0,0,0,0,0,0,0,0,0,0,0,0,0,0,0,0,0,0,0,0,0,0,0,0,0,0,0,0,0,0,0,0,0,0,0,0,0,0,0,0,0,0,0,0,0,0,0,0,0,0,0,0,0,0,0,0,0,0,0,0,0,0,0,26.8,26.8,28.4,24.2,27.2,27.6,3881,3886,3880,3877,3879,3883,3884,3883,3889,3885,3885,3883,3886,3884,3881,3897,0,0,0,0,0,0,0,0,0,0,0,0,0,0,0,0,0,0,0,3301,1,6153,66.4,3893,2018-10-24 10:48:22 740,c7cd875a06a3b724,10168d4ad628
000152255255255255,1,1,0,1,0,0,0,0,0,0,0,0,0,0,0,0,70.0,62.04,7.05,33.6,2,33.1,1,3886,9,3871,1,30.0,8.4,100.0,93,9260,13319,34,540.7,0,0,0,0,0,0,0,0,0,0,0,0,0,0,0,0,0,0,0,0,0,0,0,0,0,0,0,0,0,0,0,0,0,0,0,0,0,0,0,0,0,0,0,0,0,0,0,0,0,0,0,0,0,0,0,0,0,0,0,0,0,0,0,0,0,0,0,0,0,0,0,0,0,0,0,0,0,0,0,0,0,38.4,38.4,33.7,34.6,33.1,33.6,3871,3875,3874,3876,3877,3879,3878,3878,3886,3880,3879,3878,3877,3878,3878,3880,0,0,0,0,0,0,0,0,0,0,0,0,0,0,0,0,0,0,0,3295,1,7192,66.4,3884,2018-10-24 10:48:25 800,0c8c8c5a06f8c924,1017cd570007
0009255255255255,1,1,0,1,0,0,0,0,0,0,0,0,0,0,0,0,58.0,61.17,7.04,30.7,2,30.3,1,3832,9,3817,1,30.0,8.4,100.0,4,7600,13150,47,443.8,0,0,0,0,0,0,0,0,0,0,0,0,0,0,0,0,0,0,0,0,0,0,0,0,0,0,0,0,0,0,0,0,0,0,0,0,0,0,0,0,0,0,0,0,0,0,0,0,0,0,0,0,0,0,0,0,0,0,0,0,0,0,0,0,0,0,0,0,0,0,0,0,0,0,0,0,0,0,0,0,0,30.9,30.9,31.2,26.8,30.3,30.7,3817,3821,3819,3819,3818,3820,3822,3823,3832,3826,3827,3826,3828,3826,3826,3826,0,0,0,0,0,0,0,0,0,0,0,0,0,0,0,0,0,0,0,3290,1,7210,66.4,3833,2018-10-24 10:48:26 055,11e7e35a0370cb24,101a629d6a6b
00191255255255255,1,1,0,1,0,0,0,0,0,0,0,0,0,0,0,0,65.0,61.06,7.04,30.9,2,29.7,1,3823,9,3810,6,30.0,8.4,100.0,67,8575,13263,39,500.7,0,0,0,0,0,0,0,0,0,0,0,0,0,0,0,0,0,0,0,0,0,0,0,0,0,0,0,0,0,0,0,0,0,0,0,0,0,0,0,0,0,0,0,0,0,0,0,0,0,0,0,0,0,0,0,0,0,0,0,0,0,0,0,0,0,0,0,0,0,0,0,0,0,0,0,0,0,0,0,0,0,30.5,30.5,30.9,28.6,29.7,30.9,3811,3816,3818,3815,3814,3810,3812,3817,3823,3818,3813,3820,3820,3820,3818,3817,0,0,0,0,0,0,0,0,0,0,0,0,0,0,0,0,0,0,0,3288,2,7170,66.4,3825,2018-10-24 10:48:26 154,11e7e35a0370cb24,1017b5845e90
00095255255255255,1,1,0,1,0,0,0,0,0,0,0,0,0,0,0,0,53.0,59.65,6.94,27.7,2,26.3,1,3732,2,3721,16,30.0,8.4,100.0,14,6374,12166,50,372.2,0,0,0,0,0,0,0,0,0,0,0,0,0,0,0,0,0,0,0,0,0,0,0,0,0,0,0,0,0,0,0,0,0,0,0,0,0,0,0,0,0,0,0,0,0,0,0,0,0,0,0,0,0,0,0,0,0,0,0,0,0,0,0,0,0,0,0,0,0,0,0,0,0,0,0,0,0,0,0,0,0,27.0,27.0,28.1,25.2,26.3,27.7,3729,3732,3731,3729,3728,3728,3728,3727,3732,3729,3727,3730,3727,3728,3729,3721,0,0,0,0,0,0,0,0,0,0,0,0,0,0,0,0,0,0,0,3287,1,7027,66.4,3735,2018-10-24 10:48:26 186,11e7e35a0370cb24,1019938325b9
000193255255255255,1,1,0,1,0,0,0,0,0,0,0,0,0,0,0,0,7.0,56.47,2.49,13.6,2,12.7,1,3534,16,3527,1,7.44,2.4,97.0,23,683,11080,250,39.8,0,0,0,0,0,0,0,0,0,0,0,0,0,0,0,0,0,0,0,0,0,0,0,0,0,0,0,0,0,0,0,0,0,0,0,0,0,0,0,0,0,0,0,0,0,0,0,0,0,0,0,0,0,0,0,0,0,0,0,0,0,0,0,0,0,0,0,0,0,0,0,0,0,0,0,0,0,0,0,0,0,14.0,14.0,13.4,17.0,12.7,13.6,3527,3529,3531,3530,3530,3530,3529,3527,3532,3527,3531,3532,3532,3530,3528,3534,0,0,0,0,0,0,0,0,0,0,0,0,0,0,0,0,0,0,0,3303,1,2525,65.6,3529,2018-10-24 10:48:27 670,369d8c5a03623c24,101850ea98fc
001184255255255255,1,1,0,1,0,0,0,0,0,0,0,0,0,0,0,0,81.0,61.48,5.56,27.6,2,26.6,1,3848,9,3840,1,30.0,8.4,94.0,45,9092,11269,23,530.9,0,0,0,0,0,0,0,0,0,0,0,0,0,0,0,0,0,0,0,0,0,0,0,0,0,0,0,0,0,0,0,0,0,0,0,0,0,0,0,0,0,0,0,0,0,0,0,0,0,0,0,0,0,0,0,0,0,0,0,0,0,0,0,0,0,0,0,0,0,0,0,0,0,0,0,0,0,0,0,0,0,24.9,24.9,27.8,25.9,26.6,27.6,3840,3843,3844,3842,3841,3840,3843,3845,3848,3844,3843,3844,3843,3843,3841,3845,0,0,0,0,0,0,0,0,0,0,0,0,0,0,0,0,0,0,0,3286,1,5663,65.6,3853,2018-10-24 10:48:28 029,7ae7e35a04f22124,101835bb0ad8
001159255255255255,1,1,0,1,0,0,0,0,0,0,0,0,0,0,0,0,59.0,61.04,5.49,27.4,2,26.4,1,3822,16,3810,1,30.0,8.4,100.0,90,8188,13917,62,478.1,0,0,0,0,0,0,0,0,0,0,0,0,0,0,0,0,0,0,0,0,0,0,0,0,0,0,0,0,0,0,0,0,0,0,0,0,0,0,0,0,0,0,0,0,0,0,0,0,0,0,0,0,0,0,0,0,0,0,0,0,0,0,0,0,0,0,0,0,0,0,0,0,0,0,0,0,0,0,0,0,0,27.8,27.8,27.5,25.0,26.4,27.4,3810,3817,3816,3818,3813,3811,3817,3816,3821,3815,3812,3815,3815,3815,3816,3822,0,0,0,0,0,0,0,0,0,0,0,0,0,0,0,0,0,0,0,3298,2,5629,66.4,3818,2018-10-24 10:48:28 148,7ae7e35a04f22124,1014d270842a
003182255255255255,1,1,0,1,1,0,0,0,0,0,0,0,0,0,0,0,70.0,61.95,5.05,22.9,2,21.6,1,3906,16,3706,3,30.0,8.4,97.0,167,8200,11801,42,478.7,0,0,0,0,0,0,0,0,0,0,0,0,0,0,0,0,0,0,0,0,0,0,0,0,0,0,0,0,0,0,0,0,0,0,0,0,0,0,0,0,0,0,0,0,0,0,0,0,0,0,0,0,0,0,0,0,0,0,0,0,0,0,0,0,0,0,0,0,0,0,0,0,0,0,0,0,0,0,0,0,0,23.1,23.1,23.1,22.5,21.6,22.9,3833,3836,3706,3835,3823,3900,3899,3901,3902,3901,3903,3902,3902,3901,3901,3906,1,0,0,0,1,0,1,0,1,0,1,0,1,0,1,0,0,0,0,3279,1,5153,66.4,3835,2018-10-24 10:48:28 728,359f8c5a03623c24,1013a5c455d4
0048255255255255,1,1,0,1,0,0,0,0,0,0,0,0,0,0,0,0,85.0,63.2,0.0,23.1,2,22.8,1,3957,16,3945,9,30.0,6.0,100.0,105,11032,13023,32,644.2,0,0,0,0,0,0,0,0,0,0,0,0,0,0,0,0,0,0,0,0,0,0,0,0,0,0,0,0,0,0,0,0,0,0,0,0,0,0,0,0,0,0,0,0,0,0,0,0,0,0,0,0,0,0,0,0,0,0,0,0,0,0,0,0,0,0,0,0,0,0,0,0,0,0,0,0,0,0,0,0,0,21.6,21.6,23.7,22.3,22.8,23.1,3953,3952,3950,3949,3950,3951,3950,3950,3945,3951,3947,3951,3949,3952,3951,3957,0,0,0,0,0,0,0,0,0,0,0,0,0,0,0,0,0,0,0,3289,1,0,66.4,3956,2018-10-24 10:48:30 431,47a38c5a06f8c924,1016893002e1
00340255255255255,1,1,0,1,0,0,0,0,0,0,0,0,0,0,0,0,36.0,58.12,4.05,36.6,2,34.1,1,3639,16,3625,11,12.28,7.7,93.0,159,3505,9982,95,204.5,0,0,0,0,0,0,0,0,0,0,0,0,0,0,0,0,0,0,0,0,0,0,0,0,0,0,0,0,0,0,0,0,0,0,0,0,0,0,0,0,0,0,0,0,0,0,0,0,0,0,0,0,0,0,0,0,0,0,0,0,0,0,0,0,0,0,0,0,0,0,0,0,0,0,0,0,0,0,0,0,0,30.7,30.7,35.8,28.9,34.1,36.6,3633,3635,3628,3634,3631,3633,3631,3632,3637,3634,3625,3634,3634,3635,3630,3639,0,0,0,0,0,0,0,0,0,0,0,0,0,0,0,0,0,0,0,3285,2,4103,66.4,3642,2018-10-24 10:48:30 435,47a38c5a06f8c924,10114973a977
000188255255255255,1,1,0,1,0,0,0,0,0,0,0,0,0,0,0,0,99.0,66.19,0.74,33.8,2,32.9,1,4141,8,4128,16,30.0,2.14,100.0,44,13640,13778,11,796.5,0,0,0,0,0,0,0,0,0,0,0,0,0,0,0,0,0,0,0,0,0,0,0,0,0,0,0,0,0,0,0,0,0,0,0,0,0,0,0,0,0,0,0,0,0,0,0,0,0,0,0,0,0,0,0,0,0,0,0,0,0,0,0,0,0,0,0,0,0,0,0,0,0,0,0,0,0,0,0,0,0,33.4,33.4,34.0,31.1,32.9,33.8,4139,4139,4138,4140,4140,4136,4138,4141,4131,4139,4138,4137,4137,4137,4138,4128,0,0,0,0,0,0,0,0,0,0,0,0,0,0,0,0,0,0,0,3279,4,754,66.4,4142,2018-10-24 10:48:30 863,a78b8c5a05cf4824,1017f5726a16
0049255255255255,0,0,0,1,0,0,0,0,0,0,0,0,0,0,1,0,100.0,65.78,0.0,26.5,1,26.5,1,4119,16,4102,12,30.0,0.0,100.0,71,13118,13118,0,766.0,0,0,0,0,0,0,0,0,0,0,0,0,0,0,0,0,0,0,0,0,0,0,0,0,0,0,0,0,0,0,0,0,0,0,0,0,0,0,0,0,0,0,0,0,0,0,0,0,0,0,0,0,0,0,0,0,0,0,0,0,0,0,0,0,0,0,0,0,0,0,0,0,0,0,0,0,0,0,0,0,0,26.5,26.5,26.6,25.6,26.5,26.5,4109,4112,4115,4116,4114,4112,4115,4112,4105,4108,4112,4102,4110,4110,4115,4119,0,0,0,0,0,0,0,0,0,0,0,0,0,0,0,0,0,0,0,3297,13,0,66.4,4111,2018-10-24 10:48:30 870,a78b8c5a05cf4824,101670cd3b14
255255255255255255255255,1,1,0,1,0,0,0,0,0,0,0,0,0,0,0,0,42.0,59.31,6.02,28.1,2,27.2,1,3717,16,3703,1,30.0,8.4,100.0,2,5558,13408,78,324.5,0,0,0,0,0,0,0,0,0,0,0,0,0,0,0,0,0,0,0,0,0,0,0,0,0,0,0,0,0,0,0,0,0,0,0,0,0,0,0,0,0,0,0,0,0,0,0,0,0,0,0,0,0,0,0,0,0,0,0,0,0,0,0,0,0,0,0,0,0,0,0,0,0,0,0,0,0,0,0,0,0,28.2,28.2,27.7,25.6,27.2,28.1,3703,3705,3705,3706,3704,3707,3710,3708,3713,3708,3707,3707,3707,3707,3705,3717,0,0,0,0,0,0,0,0,0,0,0,0,0,0,0,0,0,0,0,3289,1,6281,66.4,3718,2018-10-24 10:48:31 055,038d8c5a03623c24,101a78e88157
000174255255255255,1,1,0,1,0,0,0,0,0,0,0,0,0,0,0,0,33.0,58.32,7.04,17.8,2,17.4,1,3652,1,3641,6,30.0,7.7,100.0,133,3438,10459,59,200.7,0,0,0,0,0,0,0,0,0,0,0,0,0,0,0,0,0,0,0,0,0,0,0,0,0,0,0,0,0,0,0,0,0,0,0,0,0,0,0,0,0,0,0,0,0,0,0,0,0,0,0,0,0,0,0,0,0,0,0,0,0,0,0,0,0,0,0,0,0,0,0,0,0,0,0,0,0,0,0,0,0,17.5,17.5,17.6,18.4,17.4,17.8,3652,3644,3648,3645,3642,3641,3646,3641,3642,3644,3648,3648,3647,3644,3643,3645,0,0,0,0,0,0,0,0,0,0,0,0,0,0,0,0,0,0,0,3297,0,7183,66.4,3662,2018-10-24 10:48:32 879,0d9e8c5a06f8c924,101472c97169
00189255255255255,1,1,0,1,1,0,0,0,0,0,0,0,0,0,0,0,96.0,64.48,2.35,15.0,2,14.9,1,4069,16,3561,11,30.0,2.4,99.0,165,11034,11541,12,644.3,0,0,0,0,0,0,0,0,0,0,0,0,0,0,0,0,0,0,0,0,0,0,0,0,0,0,0,0,0,0,0,0,0,0,0,0,0,0,0,0,0,0,0,0,0,0,0,0,0,0,0,0,0,0,0,0,0,0,0,0,0,0,0,0,0,0,0,0,0,0,0,0,0,0,0,0,0,0,0,0,0,16.4,16.4,14.6,14.3,14.9,15.0,4060,4060,4060,4062,4063,4065,4059,4046,4062,4060,3561,4063,4063,4067,4063,4069,1,0,1,0,1,0,1,0,1,0,0,0,1,0,1,0,0,0,0,3294,1,2381,66.4,4066,2018-10-24 10:48:34 522,a59d8c5a05cf4824,101122397271
001243255255255255,1,1,0,1,0,0,0,0,0,0,0,0,0,0,0,0,37.0,59.57,6.84,21.6,2,21.5,1,3735,16,3718,5,30.0,8.4,100.0,157,4475,12286,68,261.3,0,0,0,0,0,0,0,0,0,0,0,0,0,0,0,0,0,0,0,0,0,0,0,0,0,0,0,0,0,0,0,0,0,0,0,0,0,0,0,0,0,0,0,0,0,0,0,0,0,0,0,0,0,0,0,0,0,0,0,0,0,0,0,0,0,0,0,0,0,0,0,0,0,0,0,0,0,0,0,0,0,18.5,18.5,21.6,18.0,21.5,21.6,3721,3723,3725,3720,3718,3723,3722,3720,3728,3724,3722,3723,3724,3721,3723,3735,0,0,0,0,0,0,0,0,0,0,0,0,0,0,0,0,0,0,0,3302,1,6952,66.4,3741,2018-10-24 10:48:34 643,a59d8c5a05cf4824,1013f52e614e
000235255255255255,1,1,0,1,0,0,0,0,0,0,0,0,0,0,1,0,99.0,65.21,0.0,24.8,2,24.5,1,4078,13,4074,6,30.0,0.0,100.0,11,12126,12349,0,708.1,0,0,0,0,0,0,0,0,0,0,0,0,0,0,0,0,0,0,0,0,0,0,0,0,0,0,0,0,0,0,0,0,0,0,0,0,0,0,0,0,0,0,0,0,0,0,0,0,0,0,0,0,0,0,0,0,0,0,0,0,0,0,0,0,0,0,0,0,0,0,0,0,0,0,0,0,0,0,0,0,0,24.6,24.6,24.5,20.4,24.5,24.8,4077,4076,4075,4077,4077,4074,4076,4075,4076,4074,4076,4076,4078,4078,4076,4076,0,0,0,0,0,0,0,0,0,0,0,0,0,0,0,0,0,0,0,3284,2,0,65.6,4075,2018-10-24 10:48:34 837,2ba38c5a03623c24,101832d64e71
001184255255255255,1,1,0,1,1,0,0,0,0,0,0,0,0,0,0,0,93.0,66.04,5.08,29.6,2,28.4,1,4140,9,4015,15,30.0,6.0,100.0,103,11521,12467,11,672.8,0,0,0,0,0,0,0,0,0,0,0,0,0,0,0,0,0,0,0,0,0,0,0,0,0,0,0,0,0,0,0,0,0,0,0,0,0,0,0,0,0,0,0,0,0,0,0,0,0,0,0,0,0,0,0,0,0,0,0,0,0,0,0,0,0,0,0,0,0,0,0,0,0,0,0,0,0,0,0,0,0,28.9,28.9,29.5,27.9,28.4,29.6,4131,4132,4131,4139,4134,4136,4137,4139,4140,4138,4135,4136,4138,4135,4015,4128,0,1,0,1,0,1,0,1,0,1,0,1,0,1,0,1,0,0,0,3313,1,5181,66.4,4136,2018-10-24 10:48:34 842,2ba38c5a03623c24,1016696a1cec
001168255255255255,0,0,0,1,0,0,0,0,0,0,0,0,0,0,1,0,100.0,65.7,0.0,22.9,2,22.6,1,4111,1,4101,4,30.0,0.0,100.0,64,13122,13163,0,766.3,0,0,0,0,0,0,0,0,0,0,0,0,0,0,0,0,0,0,0,0,0,0,0,0,0,0,0,0,0,0,0,0,0,0,0,0,0,0,0,0,0,0,0,0,0,0,0,0,0,0,0,0,0,0,0,0,0,0,0,0,0,0,0,0,0,0,0,0,0,0,0,0,0,0,0,0,0,0,0,0,0,22.2,22.2,23.0,22.7,22.6,22.9,4111,4107,4110,4101,4111,4105,4110,4104,4108,4105,4111,4102,4110,4104,4108,4102,0,0,0,0,0,0,0,0,0,0,0,0,0,0,0,0,0,0,0,3292,2,0,66.4,4118,2018-10-24 10:48:35 717,9f8c8c5a03623c24,1015150b42ce
001233255255255255,1,1,0,1,0,0,0,0,0,0,0,0,0,0,0,0,99.0,64.36,3.92,29.7,2,28.7,1,4027,9,4019,1,30.0,3.96,100.0,44,10436,10564,1,609.4,0,0,0,0,0,0,0,0,0,0,0,0,0,0,0,0,0,0,0,0,0,0,0,0,0,0,0,0,0,0,0,0,0,0,0,0,0,0,0,0,0,0,0,0,0,0,0,0,0,0,0,0,0,0,0,0,0,0,0,0,0,0,0,0,0,0,0,0,0,0,0,0,0,0,0,0,0,0,0,0,0,28.8,28.8,29.3,28.3,28.7,29.7,4019,4024,4022,4024,4022,4020,4022,4021,4027,4022,4023,4023,4024,4026,4024,4020,0,0,0,0,0,0,0,0,0,0,0,0,0,0,0,0,0,0,0,3297,2,3992,65.6,4030,2018-10-24 10:48:38 144,fb878c5a06f8c924,101878c6bd1f
003168255255255255,1,1,0,1,0,0,0,0,0,0,0,0,0,0,0,0,74.0,62.5,6.12,25.4,2,24.3,1,3913,5,3900,11,30.0,6.0,100.0,69,9854,13474,35,575.4,0,0,0,0,0,0,0,0,0,0,0,0,0,0,0,0,0,0,0,0,0,0,0,0,0,0,0,0,0,0,0,0,0,0,0,0,0,0,0,0,0,0,0,0,0,0,0,0,0,0,0,0,0,0,0,0,0,0,0,0,0,0,0,0,0,0,0,0,0,0,0,0,0,0,0,0,0,0,0,0,0,26.2,26.2,25.5,25.1,24.3,25.4,3903,3906,3905,3907,3913,3904,3913,3913,3907,3904,3900,3902,3905,3907,3901,3910,0,0,0,0,0,0,0,0,0,0,0,0,0,0,0,0,0,0,0,3285,2,6214,66.4,3915,2018-10-24 10:48:38 191,4f998c5a03623c24,1013fd5690db
002130255255255255,1,1,0,1,0,0,0,0,0,0,0,0,0,0,0,0,50.0,58.92,1.77,25.9,2,24.8,1,3697,16,3676,12,21.64,8.4,100.0,118,6127,12306,209,357.8,0,0,0,0,0,0,0,0,0,0,0,0,0,0,0,0,0,0,0,0,0,0,0,0,0,0,0,0,0,0,0,0,0,0,0,0,0,0,0,0,0,0,0,0,0,0,0,0,0,0,0,0,0,0,0,0,0,0,0,0,0,0,0,0,0,0,0,0,0,0,0,0,0,0,0,0,0,0,0,0,0,24.3,24.3,25.9,22.1,24.8,25.9,3682,3683,3684,3683,3682,3679,3682,3681,3685,3682,3681,3676,3682,3684,3683,3697,0,0,0,0,0,0,0,0,0,0,0,0,0,0,0,0,0,0,0,3301,0,1799,66.4,3690,2018-10-24 10:48:38 196,3973b35a04ba3124,1014152d82de
001234255255255255,1,1,0,1,1,0,0,0,0,0,0,0,0,0,0,0,94.0,65.81,3.86,27.1,2,26.3,1,4137,10,4095,7,30.0,5.66,100.0,136,12061,12886,12,704.3,0,0,0,0,0,0,0,0,0,0,0,0,0,0,0,0,0,0,0,0,0,0,0,0,0,0,0,0,0,0,0,0,0,0,0,0,0,0,0,0,0,0,0,0,0,0,0,0,0,0,0,0,0,0,0,0,0,0,0,0,0,0,0,0,0,0,0,0,0,0,0,0,0,0,0,0,0,0,0,0,0,24.4,24.4,26.8,26.4,26.3,27.1,4113,4115,4115,4114,4114,4112,4095,4112,4099,4137,4114,4114,4114,4114,4113,4116,0,0,1,0,0,0,0,0,0,0,0,0,0,0,0,0,0,0,0,3293,1,3944,66.4,4119,2018-10-24 10:48:38 243,fb878c5a06f8c924,10164ac80d67
00022255255255255,1,1,0,1,0,0,0,0,0,0,0,0,0,0,0,0,25.0,59.05,6.94,22.8,2,22.2,1,3699,9,3685,1,30.0,8.4,100.0,2,3188,13204,86,186.1,0,0,0,0,0,0,0,0,0,0,0,0,0,0,0,0,0,0,0,0,0,0,0,0,0,0,0,0,0,0,0,0,0,0,0,0,0,0,0,0,0,0,0,0,0,0,0,0,0,0,0,0,0,0,0,0,0,0,0,0,0,0,0,0,0,0,0,0,0,0,0,0,0,0,0,0,0,0,0,0,0,24.5,24.5,23.1,23.6,22.2,22.8,3685,3688,3688,3688,3689,3690,3691,3689,3699,3692,3693,3692,3692,3691,3692,3696,0,0,0,0,0,0,0,0,0,0,0,0,0,0,0,0,0,0,0,3287,0,6997,66.4,3694,2018-10-24 10:48:38 296,4f998c5a03623c24,101a09231e20
001234255255255255,1,1,0,1,0,0,0,0,0,0,0,0,0,0,0,0,72.0,61.2,1.86,23.9,2,22.7,1,3837,16,3818,6,26.25,6.0,100.0,165,7912,11005,99,462.0,0,0,0,0,0,0,0,0,0,0,0,0,0,0,0,0,0,0,0,0,0,0,0,0,0,0,0,0,0,0,0,0,0,0,0,0,0,0,0,0,0,0,0,0,0,0,0,0,0,0,0,0,0,0,0,0,0,0,0,0,0,0,0,0,0,0,0,0,0,0,0,0,0,0,0,0,0,0,0,0,0,22.2,22.2,23.9,21.6,22.7,23.9,3823,3827,3826,3826,3823,3818,3823,3824,3828,3826,3824,3827,3825,3819,3826,3837,0,0,0,0,0,0,0,0,0,0,0,0,0,0,0,0,0,0,0,3299,1,1875,66.4,3832,2018-10-24 10:48:38 396,3973b35a04ba3124,101129aaeaaf
000147255255255255,1,1,0,1,0,0,0,0,0,0,0,0,0,0,0,0,17.0,57.46,5.48,20.0,2,19.4,1,3598,6,3585,3,21.24,8.4,99.0,101,1877,11582,106,109.5,0,0,0,0,0,0,0,0,0,0,0,0,0,0,0,0,0,0,0,0,0,0,0,0,0,0,0,0,0,0,0,0,0,0,0,0,0,0,0,0,0,0,0,0,0,0,0,0,0,0,0,0,0,0,0,0,0,0,0,0,0,0,0,0,0,0,0,0,0,0,0,0,0,0,0,0,0,0,0,0,0,19.3,19.3,20.2,20.9,19.4,20.0,3586,3587,3585,3588,3586,3598,3590,3592,3593,3596,3593,3591,3594,3591,3597,3594,0,0,0,0,0,0,0,0,0,0,0,0,0,0,0,0,0,0,0,3288,1,5413,66.4,3602,2018-10-24 10:48:39 924,5e73b35a04ba3124,1014aac197a2
00017255255255255,1,1,0,1,0,0,0,0,0,0,0,0,0,0,0,0,53.0,59.87,3.93,26.5,2,26.3,1,3747,9,3738,1,30.0,8.4,100.0,5,6903,13172,95,403.1,0,0,0,0,0,0,0,0,0,0,0,0,0,0,0,0,0,0,0,0,0,0,0,0,0,0,0,0,0,0,0,0,0,0,0,0,0,0,0,0,0,0,0,0,0,0,0,0,0,0,0,0,0,0,0,0,0,0,0,0,0,0,0,0,0,0,0,0,0,0,0,0,0,0,0,0,0,0,0,0,0,26.4,26.4,26.5,24.9,26.3,26.5,3738,3740,3740,3741,3738,3740,3741,3742,3747,3743,3744,3744,3744,3744,3742,3746,0,0,0,0,0,0,0,0,0,0,0,0,0,0,0,0,0,0,0,3300,1,4066,66.4,3751,2018-10-24 10:48:41 780,b1e6e35a04f22124,101a7840ed6e
000228255255255255,1,1,0,1,0,0,0,0,0,0,0,0,0,0,0,0,47.0,59.65,6.1,26.1,2,25.6,1,3741,16,3721,6,30.0,8.4,100.0,171,5747,12380,65,335.6,0,0,0,0,0,0,0,0,0,0,0,0,0,0,0,0,0,0,0,0,0,0,0,0,0,0,0,0,0,0,0,0,0,0,0,0,0,0,0,0,0,0,0,0,0,0,0,0,0,0,0,0,0,0,0,0,0,0,0,0,0,0,0,0,0,0,0,0,0,0,0,0,0,0,0,0,0,0,0,0,0,25.6,25.6,26.1,24.8,25.6,26.1,3728,3729,3729,3729,3729,3721,3729,3727,3734,3725,3727,3729,3728,3727,3726,3741,0,0,0,0,0,0,0,0,0,0,0,0,0,0,0,0,0,0,0,3286,1,6304,66.4,3736,2018-10-24 10:48:43 785,1e8c8c5a06f8c924,101392cbd90c
00184255255255255,1,1,0,1,0,0,0,0,0,0,0,0,0,0,0,0,63.0,61.36,5.95,21.1,2,20.2,1,3841,16,3830,1,24.06,8.4,100.0,53,7938,12728,48,463.5,0,0,0,0,0,0,0,0,0,0,0,0,0,0,0,0,0,0,0,0,0,0,0,0,0,0,0,0,0,0,0,0,0,0,0,0,0,0,0,0,0,0,0,0,0,0,0,0,0,0,0,0,0,0,0,0,0,0,0,0,0,0,0,0,0,0,0,0,0,0,0,0,0,0,0,0,0,0,0,0,0,21.7,21.7,20.8,21.4,20.2,21.1,3830,3836,3836,3833,3834,3834,3834,3831,3839,3836,3835,3838,3837,3838,3834,3841,0,0,0,0,0,0,0,0,0,0,0,0,0,0,0,0,0,0,0,3295,1,6093,66.4,3843,2018-10-24 10:48:43 858,1e8c8c5a06f8c924,10182a546ac7
255255255255255255255255,0,0,0,1,0,0,0,0,0,0,0,0,0,0,0,0,95.0,65.06,0.0,20.3,2,20.2,1,4079,16,4064,5,30.0,6.0,100.0,1,12309,13034,167,718.8,0,0,0,0,0,0,0,0,0,0,0,0,0,0,0,0,0,0,0,0,0,0,0,0,0,0,0,0,0,0,0,0,0,0,0,0,0,0,0,0,0,0,0,0,0,0,0,0,0,0,0,0,0,0,0,0,0,0,0,0,0,0,0,0,0,0,0,0,0,0,0,0,0,0,0,0,0,0,0,0,0,18.8,18.8,20.7,19.9,20.2,20.3,4066,4066,4067,4068,4064,4065,4066,4065,4069,4065,4065,4066,4066,4064,4065,4079,0,0,0,0,0,0,0,0,0,0,0,0,0,0,0,0,0,0,0,3256,1,0,66.4,4073,2018-10-24 10:48:43 991,ebe6e35a05ee6c24,1018500dd576
255255255255255255255255,0,0,0,1,0,0,0,0,0,0,0,0,0,0,0,0,95.0,65.03,0.0,20.6,2,20.2,1,4074,16,4059,4,30.0,6.0,100.0,1,11884,12614,99,694.0,0,0,0,0,0,0,0,0,0,0,0,0,0,0,0,0,0,0,0,0,0,0,0,0,0,0,0,0,0,0,0,0,0,0,0,0,0,0,0,0,0,0,0,0,0,0,0,0,0,0,0,0,0,0,0,0,0,0,0,0,0,0,0,0,0,0,0,0,0,0,0,0,0,0,0,0,0,0,0,0,0,20.3,20.3,20.5,20.4,20.2,20.6,4062,4065,4066,4059,4061,4064,4066,4066,4059,4067,4059,4066,4065,4065,4068,4074,0,0,0,0,0,0,0,0,0,0,0,0,0,0,0,0,0,0,0,3301,1,0,66.4,4073,2018-10-24 10:48:43 997,ebe6e35a05ee6c24,101a42afa79b
00026255255255255,1,1,0,1,0,0,0,0,0,0,0,0,0,0,0,0,67.0,62.69,6.98,24.5,2,23.1,1,3927,9,3915,5,30.0,8.4,100.0,6,8332,12526,36,486.5,0,0,0,0,0,0,0,0,0,0,0,0,0,0,0,0,0,0,0,0,0,0,0,0,0,0,0,0,0,0,0,0,0,0,0,0,0,0,0,0,0,0,0,0,0,0,0,0,0,0,0,0,0,0,0,0,0,0,0,0,0,0,0,0,0,0,0,0,0,0,0,0,0,0,0,0,0,0,0,0,0,23.6,23.6,24.5,21.0,23.1,24.5,3920,3919,3919,3919,3915,3918,3919,3921,3927,3919,3916,3917,3917,3917,3916,3919,0,0,0,0,0,0,0,0,0,0,0,0,0,0,0,0,0,0,0,3295,0,7196,66.4,3919,2018-10-24 10:48:44 067,46cd875a04623c24,101978c31dc5
001165255255255255,1,1,0,1,0,0,0,0,0,0,0,0,0,0,0,0,80.0,62.03,5.52,33.6,2,32.9,1,3885,9,3872,8,30.0,5.5,100.0,89,8931,11231,25,521.5,0,0,0,0,0,0,0,0,0,0,0,0,0,0,0,0,0,0,0,0,0,0,0,0,0,0,0,0,0,0,0,0,0,0,0,0,0,0,0,0,0,0,0,0,0,0,0,0,0,0,0,0,0,0,0,0,0,0,0,0,0,0,0,0,0,0,0,0,0,0,0,0,0,0,0,0,0,0,0,0,0,33.6,33.6,33.5,29.8,32.9,33.6,3873,3877,3880,3877,3876,3873,3880,3872,3885,3876,3876,3879,3877,3883,3873,3882,0,0,0,0,0,0,0,0,0,0,0,0,0,0,0,0,0,0,0,3284,3,5588,66.4,3881,2018-10-24 10:48:45 727,02cd875a04623c24,10146ab848fa
00019255255255255,1,1,0,1,0,0,0,0,0,0,0,0,0,0,0,0,93.0,65.68,1.79,21.1,2,20.9,1,4122,16,4098,7,30.0,5.09,100.0,1,12619,13643,34,736.9,0,0,0,0,0,0,0,0,0,0,0,0,0,0,0,0,0,0,0,0,0,0,0,0,0,0,0,0,0,0,0,0,0,0,0,0,0,0,0,0,0,0,0,0,0,0,0,0,0,0,0,0,0,0,0,0,0,0,0,0,0,0,0,0,0,0,0,0,0,0,0,0,0,0,0,0,0,0,0,0,0,21.1,21.1,21.2,20.7,20.9,21.1,4105,4106,4105,4108,4103,4099,4098,4103,4103,4105,4103,4107,4105,4106,4105,4122,0,0,0,0,0,0,0,0,0,0,0,0,0,0,0,0,0,0,0,3308,3,1849,66.4,4112,2018-10-24 10:48:46 910,5ce8e35a04f22124,101a61922fd8
000115255255255255,1,1,0,1,0,0,0,0,0,0,0,0,0,0,0,0,95.0,64.03,1.83,21.0,2,20.3,1,4006,13,3999,7,18.54,6.0,99.0,16,10901,11593,22,636.6,0,0,0,0,0,0,0,0,0,0,0,0,0,0,0,0,0,0,0,0,0,0,0,0,0,0,0,0,0,0,0,0,0,0,0,0,0,0,0,0,0,0,0,0,0,0,0,0,0,0,0,0,0,0,0,0,0,0,0,0,0,0,0,0,0,0,0,0,0,0,0,0,0,0,0,0,0,0,0,0,0,21.2,21.2,21.0,20.5,20.3,21.0,4003,4000,4001,4002,4003,4001,3999,4004,3999,4002,4003,4003,4006,4003,4004,4000,0,0,0,0,0,0,0,0,0,0,0,0,0,0,0,0,0,0,0,3275,1,1893,66.4,4004,2018-10-24 10:48:47 770,78e8e35a0370cb24,101981d8cc24
00151255255255255,1,1,0,1,1,0,0,0,0,0,0,0,0,0,0,0,89.0,62.83,0.15,21.0,2,20.7,1,4177,9,3795,10,30.0,0.0,100.0,33,11181,12694,605,652.9,0,0,0,0,0,0,0,0,0,0,0,0,0,0,0,0,0,0,0,0,0,0,0,0,0,0,0,0,0,0,0,0,0,0,0,0,0,0,0,0,0,0,0,0,0,0,0,0,0,0,0,0,0,0,0,0,0,0,0,0,0,0,0,0,0,0,0,0,0,0,0,0,0,0,0,0,0,0,0,0,0,18.3,18.3,21.0,20.4,20.7,21.0,3922,3923,3916,3909,3913,3919,3915,3921,4177,3795,3920,3919,3922,3918,3921,3923,0,1,0,1,0,1,0,1,0,0,0,1,0,1,0,1,0,0,0,3292,1,157,66.4,3932,2018-10-24 10:48:47 771,78e8e35a0370cb24,101851c833c9
255255255255255255255255,1,1,0,1,0,0,0,0,0,0,0,0,0,0,0,0,65.0,60.93,1.8,20.9,2,20.8,1,3822,16,3805,10,30.0,8.4,100.0,3,8163,12620,148,476.7,0,0,0,0,0,0,0,0,0,0,0,0,0,0,0,0,0,0,0,0,0,0,0,0,0,0,0,0,0,0,0,0,0,0,0,0,0,0,0,0,0,0,0,0,0,0,0,0,0,0,0,0,0,0,0,0,0,0,0,0,0,0,0,0,0,0,0,0,0,0,0,0,0,0,0,0,0,0,0,0,0,21.0,21.0,21.2,20.7,20.8,20.9,3807,3807,3809,3807,3807,3807,3810,3807,3810,3805,3806,3806,3811,3808,3808,3822,0,0,0,0,0,0,0,0,0,0,0,0,0,0,0,0,0,0,0,3290,1,1874,66.4,3815,2018-10-24 10:48:47 775,78e8e35a0370cb24,101a1b1c7ab4
00066255255255255,0,0,0,1,0,0,0,0,0,0,0,0,0,0,0,0,95.0,65.31,0.0,21.0,1,20.8,2,4092,16,4074,7,30.0,6.0,100.0,9,12461,13195,65,727.7,0,0,0,0,0,0,0,0,0,0,0,0,0,0,0,0,0,0,0,0,0,0,0,0,0,0,0,0,0,0,0,0,0,0,0,0,0,0,0,0,0,0,0,0,0,0,0,0,0,0,0,0,0,0,0,0,0,0,0,0,0,0,0,0,0,0,0,0,0,0,0,0,0,0,0,0,0,0,0,0,0,20.6,20.6,20.9,20.0,21.0,20.8,4081,4080,4078,4079,4085,4076,4074,4075,4082,4080,4085,4084,4088,4085,4090,4092,0,0,0,0,0,0,0,0,0,0,0,0,0,0,0,0,0,0,0,3299,2,0,66.4,4084,2018-10-24 10:48:47 890,78e8e35a0370cb24,101a136975c5
000119255255255255,1,1,0,1,1,0,0,0,0,0,0,0,0,0,0,0,94.0,64.51,1.78,20.5,1,20.0,2,4084,9,4013,10,30.0,6.0,100.0,35,11537,12343,27,673.7,0,0,0,0,0,0,0,0,0,0,0,0,0,0,0,0,0,0,0,0,0,0,0,0,0,0,0,0,0,0,0,0,0,0,0,0,0,0,0,0,0,0,0,0,0,0,0,0,0,0,0,0,0,0,0,0,0,0,0,0,0,0,0,0,0,0,0,0,0,0,0,0,0,0,0,0,0,0,0,0,0,20.1,20.1,20.5,20.4,20.5,20.0,4029,4030,4026,4031,4030,4028,4030,4025,4084,4013,4028,4029,4029,4031,4029,4041,0,0,0,0,0,0,0,0,1,0,0,0,0,0,0,0,0,0,0,3300,0,1838,66.4,4040,2018-10-24 10:48:47 893,78e8e35a0370cb24,10186a654e92
00020255255255255,1,1,0,1,0,0,0,0,0,0,0,0,0,0,0,0,92.0,64.77,5.97,20.9,2,20.2,1,4052,2,4042,6,30.0,6.0,100.0,10,11169,12148,9,652.2,0,0,0,0,0,0,0,0,0,0,0,0,0,0,0,0,0,0,0,0,0,0,0,0,0,0,0,0,0,0,0,0,0,0,0,0,0,0,0,0,0,0,0,0,0,0,0,0,0,0,0,0,0,0,0,0,0,0,0,0,0,0,0,0,0,0,0,0,0,0,0,0,0,0,0,0,0,0,0,0,0,19.6,19.6,20.3,20.1,20.2,20.9,4047,4052,4049,4049,4044,4042,4052,4047,4051,4049,4047,4051,4050,4050,4048,4045,0,0,0,0,0,0,0,0,0,0,0,0,0,0,0,0,0,0,0,3276,1,6179,66.4,4050,2018-10-24 10:48:50 171,a8caf35a04097f24,1019a4c4c7d8
000179255255255255,1,1,0,1,1,0,0,0,0,0,0,0,0,0,0,0,93.0,65.73,5.96,33.7,2,32.2,1,4111,1,4089,16,30.0,6.0,100.0,76,12663,13660,10,739.5,0,0,0,0,0,0,0,0,0,0,0,0,0,0,0,0,0,0,0,0,0,0,0,0,0,0,0,0,0,0,0,0,0,0,0,0,0,0,0,0,0,0,0,0,0,0,0,0,0,0,0,0,0,0,0,0,0,0,0,0,0,0,0,0,0,0,0,0,0,0,0,0,0,0,0,0,0,0,0,0,0,32.6,32.6,33.0,28.1,32.2,33.7,4111,4109,4107,4109,4108,4110,4109,4111,4111,4109,4109,4110,4110,4109,4110,4089,0,0,0,0,0,0,0,1,0,0,0,1,0,0,0,0,0,0,0,3293,2,6096,66.4,4125,2018-10-24 10:48:52 474,8fcd875a06a3b724,10143a51393c
00291255255255255,1,1,0,1,0,0,0,0,0,0,0,0,0,0,0,0,60.0,59.7,7.0,29.0,2,28.1,1,3736,9,3724,16,30.0,8.4,100.0,38,6559,11011,38,383.0,0,0,0,0,0,0,0,0,0,0,0,0,0,0,0,0,0,0,0,0,0,0,0,0,0,0,0,0,0,0,0,0,0,0,0,0,0,0,0,0,0,0,0,0,0,0,0,0,0,0,0,0,0,0,0,0,0,0,0,0,0,0,0,0,0,0,0,0,0,0,0,0,0,0,0,0,0,0,0,0,0,29.2,29.2,29.0,28.6,28.1,29.0,3728,3734,3733,3732,3732,3731,3732,3732,3736,3731,3730,3733,3729,3733,3731,3724,0,0,0,0,0,0,0,0,0,0,0,0,0,0,0,0,0,0,0,3281,2,7141,65.6,3744,2018-10-24 10:48:52 968,1dcd875a06a3b724,10183255c0cb
00315255255255255,1,1,0,1,0,0,0,0,0,0,0,0,0,0,0,0,67.0,61.49,7.1,28.1,2,27.3,1,3848,9,3832,1,30.0,8.4,100.0,118,8933,13494,38,521.6,0,0,0,0,0,0,0,0,0,0,0,0,0,0,0,0,0,0,0,0,0,0,0,0,0,0,0,0,0,0,0,0,0,0,0,0,0,0,0,0,0,0,0,0,0,0,0,0,0,0,0,0,0,0,0,0,0,0,0,0,0,0,0,0,0,0,0,0,0,0,0,0,0,0,0,0,0,0,0,0,0,31.1,31.1,28.5,40.7,27.3,28.1,3832,3840,3837,3844,3840,3843,3847,3844,3848,3847,3846,3847,3847,3845,3844,3844,0,0,0,0,0,0,0,0,0,0,0,0,0,0,0,0,0,0,0,3289,2,7195,66.4,3845,2018-10-24 10:48:52 969,1dcd875a06a3b724,10162d29220b
