1,0,0,0,0,0,0,1,0,0,0,0,0,0,0,0,0000000000000000,0000000000000000,-300.0,0,2019-05-06 14:30:40,0,0.0,0,0,0,0,0,0,0,0,0,0,0,0,0,0,0,0,0,0,100000004002,f533935b08f8c924,5,4,2019-05-06 14:33:00 453
0,0,0,0,0,0,0,1,0,0,0,0,0,0,0,0,0000000000000000,0000000000000000,-300.0,0,2019-05-06 14:40:24,0,0.0,0,0,0,0,0,0,0,0,0,0,0,0,0,0,0,0,0,0,100bb4f52de4,dde5925b03f22124,7,4,2019-05-06 14:35:55 668
0,0,0,0,0,0,0,1,0,0,0,0,0,0,0,0,0000000000000000,0000000000000000,-300.0,0,2019-05-06 14:47:19,0,0.0,0,0,0,0,0,0,0,0,0,0,0,0,0,0,0,0,0,0,100bbc07838a,dde5925b03f22124,11,4,2019-05-06 14:36:15 660
0,0,0,0,0,0,0,1,0,0,0,0,0,0,0,0,0000000000000000,0000000000000000,-300.0,0,2019-05-06 14:50:21,0,0.0,0,0,0,0,0,0,0,0,0,0,0,0,0,0,0,0,0,0,100bbc07838a,dde5925b03f22124,11,4,2019-05-06 14:39:17 040
0,0,0,0,0,0,0,1,0,0,0,0,0,0,0,0,0000000000000000,0000000000000000,-300.0,0,2019-05-06 14:49:25,0,0.0,0,0,0,0,0,0,0,0,0,0,0,0,0,0,0,0,0,0,100bb4f52de4,dde5925b03f22124,7,4,2019-05-06 14:44:57 060
0,0,0,0,0,0,0,1,0,0,0,0,0,0,0,0,0000000000000000,0000000000000000,-300.0,0,2019-05-06 14:56:21,0,0.0,0,0,0,0,0,0,0,0,0,0,0,0,0,0,0,0,0,0,100bbc07838a,dde5925b03f22124,11,4,2019-05-06 14:45:17 419
0,0,0,0,0,0,0,1,0,0,0,0,0,0,0,0,0000000000000000,0000000000000000,-300.0,0,2019-05-06 15:01:12,0,0.0,0,0,0,0,0,0,0,0,0,0,0,0,0,0,0,0,0,0,100bbd075cab,af61f35a05f22124,9,4,2019-05-06 14:56:16 457
0,0,0,0,0,0,0,1,0,0,0,0,0,0,0,0,0000000000000000,0000000000000000,-300.0,0,2019-05-06 15:07:24,0,0.0,0,0,0,0,0,0,0,0,0,0,0,0,0,0,0,0,0,0,100bbd075cab,af61f35a05f22124,9,4,2019-05-06 15:02:28 187
0,0,0,0,0,0,0,1,0,0,0,0,0,0,0,0,0000000000000000,0000000000000000,-300.0,0,2019-05-06 14:40:35,0,0.0,0,0,0,0,0,0,0,0,0,0,0,0,0,0,0,0,0,0,100bbce432af,dde5925b03f22124,1,4,2019-05-06 14:35:46 000
0,0,0,0,0,0,0,0,0,0,0,0,0,0,0,0,0000000000000000,0000000000000000,-300.0,0,2019-05-06 14:42:44,0,0.0,0,0,0,0,0,0,0,0,0,0,0,0,0,0,0,0,0,0,100bc28991b5,dde5925b03f22124,8,4,2019-05-06 14:36:05 639
0,0,0,0,0,0,0,1,0,0,0,0,0,0,0,0,0000000000000000,0000000000000000,-300.0,0,2019-05-06 14:42:36,0,0.0,0,0,0,0,0,0,0,0,0,0,0,0,0,0,0,0,0,0,100bbd075cab,af61f35a05f22124,9,4,2019-05-06 14:37:40 419
0,0,0,0,0,0,0,1,0,0,0,0,0,0,0,0,0000000000000000,0000000000000000,-300.0,0,2019-05-06 14:43:36,0,0.0,0,0,0,0,0,0,0,0,0,0,0,0,0,0,0,0,0,0,100bbce432af,dde5925b03f22124,1,4,2019-05-06 14:38:46 900
0,0,0,0,0,0,0,1,0,0,0,0,0,0,0,0,0000000000000000,0000000000000000,-300.0,0,2019-05-06 14:43:25,0,0.0,0,0,0,0,0,0,0,0,0,0,0,0,0,0,0,0,0,0,100bb4f52de4,dde5925b03f22124,7,4,2019-05-06 14:38:57 308
0,0,0,0,0,0,0,1,0,0,0,0,0,0,0,0,0000000000000000,0000000000000000,-300.0,0,2019-05-06 14:36:40,0,0.0,0,0,0,0,0,0,0,0,0,0,0,0,0,0,0,0,0,0,100000004002,f533935b08f8c924,5,4,2019-05-06 14:39:00 483
0,0,0,0,0,0,0,0,0,0,0,0,0,0,0,0,0000000000000000,0000000000000000,-300.0,0,2019-05-06 14:45:45,0,0.0,0,0,0,0,0,0,0,0,0,0,0,0,0,0,0,0,0,0,100bc28991b5,dde5925b03f22124,8,4,2019-05-06 14:39:06 879
0,0,0,0,0,0,0,1,0,0,0,0,0,0,0,0,0000000000000000,0000000000000000,-300.0,0,2019-05-06 14:48:48,0,0.0,0,0,0,0,0,0,0,0,0,0,0,0,0,0,0,0,0,0,100bbd075cab,af61f35a05f22124,9,4,2019-05-06 14:43:52 527
0,0,0,0,0,0,0,0,0,0,0,0,0,0,0,0,0000000000000000,0000000000000000,-300.0,0,2019-05-06 14:51:45,0,0.0,0,0,0,0,0,0,0,0,0,0,0,0,0,0,0,0,0,0,100bc28991b5,dde5925b03f22124,8,4,2019-05-06 14:45:07 049
0,0,0,0,0,0,0,1,0,0,0,0,0,0,0,0,0000000000000000,0000000000000000,-300.0,0,2019-05-06 14:55:00,0,0.0,0,0,0,0,0,0,0,0,0,0,0,0,0,0,0,0,0,0,100bbd075cab,af61f35a05f22124,9,4,2019-05-06 14:50:04 448
0,0,0,0,0,0,0,1,0,0,0,0,0,0,0,0,0000000000000000,0000000000000000,-300.0,0,2019-05-06 14:55:36,0,0.0,0,0,0,0,0,0,0,0,0,0,0,0,0,0,0,0,0,0,100bbce432af,dde5925b03f22124,1,4,2019-05-06 14:50:47 280
0,0,0,0,0,0,0,1,0,0,0,0,0,0,0,0,0000000000000000,0000000000000000,-300.0,0,2019-05-06 15:19:47,0,0.0,0,0,0,0,0,0,0,0,0,0,0,0,0,0,0,0,0,0,100bbd075cab,af61f35a05f22124,9,4,2019-05-06 15:14:52 192
0,0,0,0,0,0,0,1,0,0,0,0,0,0,0,0,0000000000000000,0000000000000000,-300.0,0,2019-05-06 15:32:12,0,0.0,0,0,0,0,0,0,0,0,0,0,0,0,0,0,0,0,0,0,100bbd075cab,af61f35a05f22124,9,4,2019-05-06 15:27:16 628
0,0,0,0,0,0,0,1,0,0,0,0,0,0,0,0,0000000000000000,0000000000000000,-300.0,0,2019-05-06 15:13:36,0,0.0,0,0,0,0,0,0,0,0,0,0,0,0,0,0,0,0,0,0,100bbd075cab,af61f35a05f22124,9,4,2019-05-06 15:08:40 212
0,0,0,0,0,0,0,1,0,0,0,0,0,0,0,0,0000000000000000,0000000000000000,-300.0,0,2019-05-06 15:25:59,0,0.0,0,0,0,0,0,0,0,0,0,0,0,0,0,0,0,0,0,0,100bbd075cab,af61f35a05f22124,9,4,2019-05-06 15:21:04 168
0,0,0,0,0,0,0,1,0,0,0,0,0,0,0,0,0000000000000000,0000000000000000,-300.0,0,2010-01-05 15:13:42,0,0.0,0,0,0,0,0,0,0,0,0,0,0,0,0,0,0,0,0,0,1653aa2b0bae,af61f35a05f22124,5,4,2019-05-06 15:33:38 698
0,0,0,0,0,0,0,1,0,0,0,0,0,0,0,0,0000000000000000,0000000000000000,-300.0,0,2019-05-06 15:38:44,0,0.0,0,0,0,0,0,0,0,0,0,0,0,0,0,0,0,0,0,0,100bbd075cab,af61f35a05f22124,9,4,2019-05-06 15:33:48 793
1,0,0,0,0,0,0,1,0,0,0,0,0,0,0,0,0000000000000000,0000000000000000,-300.0,0,2010-01-05 15:19:54,0,0.0,0,0,0,0,0,0,0,0,0,0,0,0,0,0,0,0,0,0,1653aa2b0bae,af61f35a05f22124,5,4,2019-05-06 15:39:51 034
0,0,0,0,0,0,0,1,0,0,0,0,0,0,0,0,0000000000000000,0000000000000000,-300.0,0,2019-05-06 15:44:56,0,0.0,0,0,0,0,0,0,0,0,0,0,0,0,0,0,0,0,0,0,100bbd075cab,af61f35a05f22124,9,4,2019-05-06 15:40:01 048
1,1,0,0,0,0,0,1,0,0,0,0,0,0,0,0,0000000000000000,0000000000000000,-300.0,0,2010-01-05 15:26:06,0,0.0,0,0,0,0,0,0,0,0,0,0,0,0,0,0,0,0,0,0,1653aa2b0bae,af61f35a05f22124,5,4,2019-05-06 15:46:03 252
0,0,0,0,0,0,0,1,0,0,0,0,0,0,0,0,0000000000000000,0000000000000000,-300.0,0,2019-05-06 15:51:09,0,0.0,0,0,0,0,0,0,0,0,0,0,0,0,0,0,0,0,0,0,100bbd075cab,af61f35a05f22124,9,4,2019-05-06 15:46:13 462
0,0,0,0,0,0,0,1,0,0,0,0,0,0,0,0,0000000000000000,0000000000000000,-300.0,0,2019-05-06 15:57:21,0,0.0,0,0,0,0,0,0,0,0,0,0,0,0,0,0,0,0,0,0,100bbd075cab,af61f35a05f22124,9,4,2019-05-06 15:52:25 363
1,1,0,0,0,0,0,1,0,0,0,0,0,0,0,0,0000000000000000,0000000000000000,-300.0,0,2010-01-05 15:32:18,0,0.0,0,0,0,0,0,0,0,0,0,0,0,0,0,0,0,0,0,0,1653aa2b0bae,af61f35a05f22124,5,4,2019-05-06 15:52:15 242
0,0,0,0,0,0,0,1,0,0,0,0,0,0,0,0,0000000000000000,0000000000000000,-300.0,0,2019-05-06 16:03:33,0,0.0,0,0,0,0,0,0,0,0,0,0,0,0,0,0,0,0,0,0,100bbd075cab,af61f35a05f22124,9,4,2019-05-06 15:58:37 322
1,1,0,0,0,0,0,1,0,0,0,0,0,0,0,0,0000000000000000,0000000000000000,-300.0,0,2010-01-05 15:38:30,0,0.0,0,0,0,0,0,0,0,0,0,0,0,0,0,0,0,0,0,0,1653aa2b0bae,af61f35a05f22124,5,4,2019-05-06 15:58:27 342
0,0,0,0,0,0,0,1,0,0,0,0,0,0,0,0,0000000000000000,0000000000000000,-300.0,0,2019-05-06 16:09:25,0,0.0,0,0,0,0,0,0,0,0,0,0,0,0,0,0,0,0,0,0,100bbd075cab,af61f35a05f22124,9,4,2019-05-06 16:04:29 327
